48 70
78 88
90 106
107 117
123 130
141 148
152 156
161 170
171 174
177 186
188 191
194 210
214 217
218 221
222 225
226 230
237 240
245 248
252 255
256 259
265 268
269 273
278 282
290 296
297 300
304 308
311 317
319 324
325 331
332 335
336 339
340 345
346 350
356 360
368 375
380 383
384 396
397 415
416 419
423 430
431 438
439 460
463 471
476 494
499 506
510 517
526 540
542 547
549 552
553 560
561 568
570 582
583 599
600 606
607 618
619 627
628 643
644 651
652 657
658 668
681 697
702 708
709 712
713 716
720 735
739 749
761 771
778 799
806 821
827 840
902 907
914 931
1135 1144
1155 1158
1294 1302
1308 1325
1346 1378
1439 1447
1535 1540
1541 1562
