55 75
85 95
106 115
121 131
132 138
144 148
151 156
159 162
163 170
171 174
176 186
194 210
218 221
226 230
237 241
255 258
268 272
276 280
286 289
290 296
300 309
320 323
324 329
333 339
340 347
354 361
363 374
387 396
397 403
404 415
423 431
432 436
444 460
461 469
470 484
488 494
496 506
508 514
519 529
530 539
540 552
554 568
577 581
592 603
604 608
613 617
621 629
632 637
644 656
659 669
670 676
682 698
705 712
721 741
744 749
750 757
758 761
767 778
786 798
848 852
901 911
918 925
939 945
983 986
992 1002
1014 1021
1066 1077
1079 1088
1111 1117
1118 1122
1125 1130
1131 1144
1145 1160
1170 1180
1183 1190
1241 1249
1295 1305
1309 1325
1347 1352
1353 1374
1535 1542
1544 1557
