74 97
110 114
116 124
125 134
136 144
146 156
157 160
166 170
182 190
194 211
216 221
227 230
241 247
248 254
262 266
268 281
282 285
286 289
292 297
308 312
313 317
320 324
330 334
335 342
346 355
364 373
382 387
395 403
410 418
419 422
433 440
441 447
450 461
462 465
474 484
486 492
493 497
498 510
520 527
531 535
539 544
546 552
559 569
573 578
584 596
600 604
606 615
620 628
632 640
643 658
670 675
676 679
680 696
701 705
707 710
713 716
724 731
732 739
747 757
760 763
764 774
794 800
820 826
842 856
865 870
886 897
901 917
922 943
944 951
958 974
980 1005
1011 1019
1032 1046
1052 1065
1075 1083
1088 1098
1105 1118
1125 1133
1138 1150
1151 1160
1162 1171
1186 1201
1203 1216
1217 1236
1241 1248
1250 1280
1289 1302
1306 1318
1341 1346
1352 1373
1378 1383
1536 1542
1547 1557
1571 1578
2090 2094
2456 2465
