7 17
20 24
56 76
79 88
96 99
113 119
120 128
129 132
133 136
142 148
154 158
172 179
180 191
195 212
216 220
241 247
268 271
276 283
284 296
297 301
306 312
318 321
325 330
336 342
344 355
366 373
388 395
402 407
411 423
424 428
433 441
446 451
452 457
458 466
467 473
475 481
483 496
500 512
513 518
525 530
531 534
539 553
554 569
571 574
578 584
586 589
590 593
600 604
614 622
627 634
635 643
644 658
662 675
676 681
682 695
700 706
717 720
724 730
731 735
741 746
748 754
764 769
770 775
789 798
801 817
820 831
833 843
846 854
855 863
865 869
871 875
885 895
901 911
912 918
919 937
941 951
960 973
980 1006
1022 1027
1028 1048
1049 1073
1075 1086
1087 1091
1100 1124
1134 1149
1150 1176
1179 1196
1200 1216
1224 1233
1244 1260
1268 1285
1294 1301
1305 1316
1346 1382
1534 1544
1545 1562
1572 1575
1577 1585
1609 1633
1641 1657
