73 94
113 119
120 129
135 144
147 150
161 170
171 174
177 183
188 192
194 211
214 217
218 221
222 225
226 230
236 240
244 249
258 261
262 266
268 271
272 275
276 279
286 289
290 296
297 300
305 310
312 316
317 324
326 330
335 340
341 345
346 350
356 360
362 371
372 375
376 379
380 383
384 391
397 402
403 414
423 431
432 436
446 454
455 461
470 484
492 497
498 509
511 527
528 535
537 540
542 558
559 570
574 582
591 599
610 613
614 620
621 629
637 641
646 652
653 656
659 669
683 695
697 700
704 712
713 717
720 735
738 743
744 756
759 768
779 782
787 792
798 806
904 915
916 931
1071 1077
1086 1095
1136 1144
1145 1160
1163 1173
1295 1303
1309 1323
1324 1331
1349 1375
1440 1446
1536 1558
1570 1574
