76 88
92 101
102 109
115 127
128 135
136 142
143 151
154 160
165 170
171 177
183 193
195 199
200 220
228 234
235 239
246 252
253 256
258 261
263 267
271 274
286 293
298 312
315 320
321 325
326 334
335 340
343 348
349 354
359 363
364 370
376 382
387 394
398 410
411 417
418 424
429 433
434 440
454 458
462 468
469 475
479 486
492 498
504 510
529 535
542 554
558 564
565 573
578 582
583 588
589 595
596 599
603 619
623 627
628 632
633 641
642 653
654 663
666 671
673 677
678 685
696 704
707 716
717 721
724 728
732 737
740 745
746 750
755 758
759 769
770 775
779 787
788 793
794 804
810 831
896 901
907 920
931 936
945 958
959 966
967 976
987 996
997 1006
1018 1024
1031 1047
1056 1070
1090 1096
1112 1127
1138 1156
1161 1164
1165 1180
1183 1192
1195 1204
1369 1375
1408 1415
1417 1434
1460 1464
1465 1477
1482 1490
1602 1607
