5 14
65 74
75 98
117 139
140 158
159 178
190 195
196 203
204 208
211 217
240 244
245 259
277 280
284 287
290 296
300 303
306 312
314 318
319 327
330 337
341 356
358 366
367 374
376 381
382 386
389 397
404 410
417 425
433 450
453 461
462 468
480 490
494 499
509 514
515 518
519 527
528 535
536 541
545 552
560 563
564 572
573 580
581 585
586 590
591 598
603 606
610 615
622 631
635 640
643 656
660 671
672 676
680 683
684 688
692 697
698 703
709 716
717 722
733 742
749 755
756 763
771 785
788 794
800 813
820 833
841 846
849 856
862 868
871 881
882 896
903 909
922 939
956 976
985 995
998 1001
1002 1009
1015 1021
1055 1062
1073 1085
1088 1097
1098 1102
1125 1129
1130 1141
1152 1172
1196 1209
1222 1227
1246 1258
1355 1360
1411 1429
1435 1439
1459 1467
1468 1478
1479 1501
1502 1506
1508 1511
1512 1531
1537 1551
1594 1602
1610 1625
1626 1635
1637 1647
1651 1660
2379 2382
2409 2413
2742 2748
