4 14
59 74
76 98
109 137
139 146
157 161
162 177
183 189
190 195
196 199
200 209
216 220
233 238
243 246
247 261
264 268
269 272
273 276
291 294
297 300
310 314
327 330
333 336
340 349
350 356
363 371
372 380
387 391
392 401
402 410
416 422
427 432
433 437
438 444
448 457
469 479
486 491
492 496
500 515
527 544
545 557
566 572
576 581
582 585
586 598
599 604
610 614
620 625
629 637
640 647
659 665
669 676
677 680
683 702
707 713
719 726
727 735
740 749
758 761
763 767
773 777
781 785
786 791
794 812
817 831
836 854
855 867
872 881
884 909
914 922
926 941
947 954
1005 1009
1015 1027
1029 1046
1047 1059
1068 1084
1087 1097
1099 1106
1108 1114
1128 1145
1147 1160
1164 1168
1170 1180
1218 1222
1257 1265
1277 1283
1313 1318
1332 1339
1395 1405
1407 1426
1433 1442
1447 1459
1460 1467
1472 1477
1485 1497
1500 1518
1520 1523
1532 1550
1554 1561
1580 1594
1599 1605
1610 1629
1636 1644
1646 1654
1655 1667
1668 1681
1687 1698
1709 1723
1724 1732
1733 1744
1747 1752
2376 2387
2410 2415
2741 2750
