73 101
104 124
127 134
144 155
159 171
172 180
181 189
190 195
202 210
233 236
243 246
247 261
264 268
269 273
278 281
288 292
296 299
302 305
306 310
330 333
340 356
368 374
379 383
384 387
393 397
402 414
415 420
423 426
427 437
441 444
445 457
466 471
473 483
485 491
492 495
501 514
527 534
538 548
549 558
559 573
574 583
587 596
597 602
604 610
622 625
628 637
641 647
648 651
656 669
675 678
683 700
711 715
716 722
726 734
736 741
746 749
765 768
770 777
778 783
787 793
794 812
816 831
837 854
856 861
862 868
874 881
883 888
898 906
911 915
916 922
929 941
943 948
1018 1034
1035 1054
1062 1072
1076 1083
1095 1105
1111 1119
1120 1134
1138 1151
1178 1182
1195 1202
1209 1218
1231 1245
1249 1254
1257 1268
1273 1283
1290 1301
1307 1325
1336 1340
1356 1359
1360 1363
1378 1387
1392 1405
1410 1426
1432 1439
1444 1459
1463 1471
1472 1476
1484 1487
1489 1497
1500 1514
1521 1525
1531 1547
1554 1563
1583 1589
1600 1604
1607 1634
1637 1644
1645 1663
1666 1684
1700 1712
1715 1730
1742 1754
1762 1765
2376 2385
2501 2523
