5 13
72 97
104 124
133 147
158 171
172 178
186 189
195 200
201 205
214 217
223 226
230 233
244 261
266 269
285 288
289 294
296 303
308 312
314 319
320 326
330 334
339 356
358 364
368 374
380 387
392 397
398 404
413 418
419 422
425 432
437 448
453 466
467 476
477 485
486 490
497 504
509 515
519 525
527 535
536 540
544 552
554 562
571 575
576 581
586 589
601 605
608 615
618 623
624 627
628 635
638 643
644 653
654 661
666 670
671 678
694 702
706 710
711 723
733 744
745 755
758 764
765 768
779 784
798 812
816 834
839 846
847 860
861 875
877 883
897 905
912 931
990 1015
1052 1056
1099 1109
1111 1121
1127 1147
1156 1171
1187 1193
1200 1210
1211 1229
1234 1245
1250 1263
1266 1297
1329 1338
1344 1349
1355 1366
1370 1391
1401 1408
1416 1431
1437 1440
1442 1447
1449 1458
1459 1465
1466 1477
1478 1483
1485 1496
1498 1507
1515 1528
1536 1554
1588 1601
1611 1623
1625 1630
1638 1646
1647 1664
2409 2416
2515 2522
