28 31
71 100
121 152
155 158
159 163
164 175
179 185
189 192
193 198
199 206
207 215
216 220
221 224
228 237
251 255
264 270
273 289
290 295
298 301
302 305
306 310
313 316
319 324
325 330
332 340
341 345
346 352
356 360
372 380
383 389
392 399
401 410
414 421
427 433
436 440
448 455
456 459
460 467
468 471
476 479
488 500
501 504
505 513
516 519
523 532
536 539
540 546
547 553
556 559
566 571
572 578
579 582
585 600
605 615
620 626
628 633
635 638
646 662
663 670
679 685
686 706
707 711
721 735
741 747
748 753
754 758
759 763
769 781
786 789
791 796
802 806
807 817
825 832
854 865
877 881
883 886
889 903
904 907
923 934
941 945
946 957
963 971
973 1001
1012 1024
1079 1086
1113 1118
1119 1130
1136 1153
1179 1201
1207 1211
1286 1296
1306 1327
1361 1365
1383 1390
1615 1623
1627 1659
1660 1664
1666 1671
1693 1696
1705 1718
1727 1737
1785 1796
1824 1833
1841 1845
1850 1861
1863 1867
2541 2552
2859 2866
