114 129
135 154
155 164
170 180
182 187
191 195
196 203
208 217
223 231
234 245
258 262
263 269
271 288
291 294
297 303
309 313
317 320
321 327
330 345
348 355
357 361
372 379
384 389
390 396
397 403
410 422
425 429
443 453
456 462
466 481
485 499
503 513
514 520
521 525
528 537
540 561
564 571
572 581
582 599
606 615
618 626
627 633
634 646
647 652
656 667
668 685
692 713
717 722
726 738
748 759
765 782
797 816
826 841
848 858
863 878
879 903
910 928
931 957
1074 1081
1102 1109
1112 1146
1203 1208
1211 1230
1639 1650
1728 1736
