101 117
134 141
143 158
159 175
181 189
193 199
200 209
210 219
222 226
227 231
240 244
245 251
255 259
260 263
264 271
272 286
290 296
299 304
305 309
315 320
329 332
333 336
337 342
343 348
355 364
365 370
373 381
382 389
397 403
410 418
421 425
428 435
438 444
453 466
472 480
485 491
498 504
514 524
526 535
536 539
543 563
564 571
572 581
588 599
605 618
619 639
644 661
662 685
689 708
737 748
749 753
754 757
763 769
776 787
797 815
823 840
847 860
861 881
882 902
905 928
931 951
952 969
1118 1141
1155 1166
1731 1734
