34 59
62 76
78 103
109 116
117 133
134 156
159 166
173 182
189 201
202 207
209 213
214 220
221 228
229 237
241 244
252 255
263 268
272 287
290 293
302 305
321 325
332 340
341 345
346 352
369 372
373 380
383 390
399 402
403 410
415 423
427 436
437 440
441 445
446 450
455 458
461 467
468 471
475 481
482 488
489 492
496 501
509 513
514 518
522 528
536 545
546 550
551 556
560 566
570 573
579 582
586 592
595 600
605 614
615 619
620 623
629 636
647 655
657 662
663 670
676 686
690 704
708 712
718 722
726 732
735 742
747 753
754 764
765 770
771 787
806 817
824 831
832 835
836 843
856 865
877 884
885 903
922 933
941 947
950 958
967 980
981 991
1036 1040
1053 1062
1075 1085
1097 1112
1113 1127
1134 1144
1149 1159
1160 1174
1211 1217
1223 1235
1361 1366
1383 1389
1615 1620
1625 1637
1638 1653
1657 1662
1712 1717
1723 1736
1762 1767
2542 2549
