79 103
106 125
131 162
165 171
172 179
180 189
197 200
204 209
211 215
228 232
239 247
255 261
262 269
278 298
299 304
311 316
324 327
336 340
341 351
352 358
359 367
369 379
385 396
400 410
411 414
417 421
422 436
441 445
446 455
459 470
472 485
486 491
498 501
505 524
536 542
548 556
557 563
564 572
573 580
587 596
597 601
608 612
618 629
647 659
662 681
691 694
696 707
721 730
731 760
763 767
768 786
789 793
794 815
824 832
838 858
859 864
865 878
881 892
900 912
918 925
926 937
943 956
970 980
981 998
1000 1005
1007 1014
1015 1018
1020 1030
1031 1043
1048 1065
1079 1107
1108 1112
1113 1138
1257 1273
1274 1292
1356 1360
1614 1625
1666 1671
1717 1726
1744 1750
1753 1759
2781 2789
