99 122
131 138
152 159
171 178
179 185
187 208
209 226
227 231
234 246
247 251
263 270
279 296
300 304
316 320
323 326
333 337
349 353
356 361
364 370
371 377
383 394
401 411
412 415
421 428
433 447
453 456
457 465
473 477
478 485
494 499
503 515
516 525
527 538
545 555
556 565
571 579
582 598
607 615
617 621
626 634
650 654
666 675
682 689
690 708
722 725
729 737
745 757
762 770
783 793
797 811
830 841
852 859
860 866
876 881
909 923
929 957
963 986
988 994
995 998
1000 1003
1004 1032
1037 1050
1085 1094
1106 1114
1126 1139
1140 1144
1154 1185
1665 1670
1688 1695
1753 1757
