94 103
108 120
131 146
153 163
172 177
189 193
198 201
202 206
207 213
214 221
222 230
239 243
247 250
251 255
258 261
262 272
278 299
300 303
311 316
319 325
334 340
341 350
351 358
361 366
375 380
381 385
386 393
401 409
414 425
427 430
433 437
438 444
448 451
452 455
460 466
467 484
485 490
496 501
502 508
513 526
532 541
550 560
569 574
575 580
589 595
596 600
603 608
617 628
629 640
641 646
647 658
659 662
663 681
689 695
696 707
711 721
722 731
738 757
761 769
784 794
797 822
823 843
852 862
863 869
870 878
879 882
892 901
909 917
926 935
940 957
958 967
969 982
983 986
987 990
996 1004
1009 1014
1018 1037
1039 1049
1050 1057
1066 1082
1083 1108
1111 1120
1139 1143
1145 1156
1157 1160
1166 1187
1232 1237
1279 1285
1302 1323
1434 1437
1600 1610
1615 1631
1633 1639
1648 1671
1698 1708
1718 1732
2544 2555
