90 97
100 117
122 130
137 159
178 182
183 189
191 194
201 209
217 227
228 237
239 243
251 256
264 268
269 272
278 296
300 305
345 350
356 361
362 380
384 395
400 412
413 422
427 432
433 436
441 445
446 452
462 471
475 483
485 500
501 504
506 511
517 527
537 542
544 557
558 562
567 572
573 578
586 595
596 601
605 611
613 617
618 621
622 628
629 636
638 647
648 660
661 681
682 695
696 707
708 714
722 731
739 745
758 766
786 794
801 814
818 835
839 844
846 867
868 886
897 902
904 907
908 919
920 933
934 937
940 961
969 977
978 981
983 994
995 1005
1015 1028
1036 1050
1055 1076
1079 1091
1105 1112
1133 1153
1613 1628
1630 1637
1654 1664
1675 1686
1719 1727
1743 1748
