2 11
81 91
97 106
111 134
139 142
143 146
149 163
166 171
179 185
194 206
207 212
221 226
227 231
239 243
247 250
257 260
261 270
279 296
300 304
307 311
316 320
321 324
334 337
342 345
348 355
356 361
366 370
371 379
384 389
392 395
400 411
417 424
425 434
440 448
452 457
466 475
478 484
490 495
496 512
514 518
519 527
528 540
541 551
552 559
560 564
569 581
583 599
606 616
620 639
645 654
657 660
670 678
688 692
694 708
710 713
725 729
730 746
747 757
758 764
773 788
802 815
823 838
847 862
869 883
887 897
905 914
916 934
935 954
958 964
965 980
984 990
991 995
999 1004
1014 1029
1036 1040
1058 1067
1080 1086
1090 1100
1113 1137
1503 1515
1589 1597
1611 1622
1683 1695
1716 1724
1744 1762
2533 2551
2787 2800
2808 2817
