95 104
114 123
130 147
151 158
161 186
187 194
195 206
207 211
212 216
225 228
229 233
234 242
243 247
250 253
261 268
269 272
277 297
298 305
311 317
320 326
330 333
335 338
342 352
353 356
357 360
364 370
371 374
375 378
379 393
398 407
408 412
414 423
426 436
440 446
452 455
458 471
475 483
484 492
496 502
505 509
516 527
537 543
546 549
558 563
566 569
573 579
589 595
596 600
601 611
612 616
621 628
629 636
638 645
654 660
664 667
668 675
676 680
683 696
697 706
707 712
716 730
732 755
758 761
762 768
787 796
802 815
818 837
846 861
866 884
885 898
902 916
917 920
921 932
933 936
939 956
966 981
982 985
988 1005
1007 1014
1019 1034
1037 1043
1055 1061
1067 1079
1102 1113
1120 1126
1129 1151
1162 1172
