96 117
130 139
140 155
158 174
177 186
187 193
194 210
215 219
222 225
228 232
233 239
243 246
251 255
256 259
268 272
280 291
292 299
300 305
307 310
329 332
333 341
342 350
352 356
357 360
361 365
371 374
375 379
380 394
400 411
413 423
426 431
432 439
440 446
451 459
461 467
468 471
474 489
490 495
496 500
505 512
513 527
533 542
544 556
557 562
563 572
573 580
581 585
586 595
596 601
605 610
618 621
622 629
630 636
637 645
646 658
664 680
692 696
697 707
708 711
727 730
741 744
745 765
776 784
789 796
797 814
824 837
849 864
866 879
885 894
909 921
922 938
941 961
968 978
982 987
996 1005
1009 1013
1015 1027
1033 1051
1054 1066
1100 1116
1120 1125
1127 1156
1615 1621
