121 133
143 163
173 195
213 227
230 248
249 261
262 265
270 285
286 290
292 295
296 305
314 319
324 328
330 339
346 361
366 370
371 376
377 383
399 406
407 417
418 421
425 437
445 455
460 470
478 488
489 495
497 503
504 517
520 524
528 535
536 540
545 548
549 559
565 573
574 583
587 602
606 615
616 634
643 656
657 670
671 679
681 688
690 697
701 705
706 718
721 724
725 739
752 762
763 780
801 820
828 839
1001 1005
1027 1031
1045 1070
1076 1081
1082 1090
1094 1108
1111 1124
1125 1144
1168 1173
1858 1863
