123 161
169 186
213 225
235 240
247 263
264 278
279 282
286 290
291 296
297 301
302 305
306 310
312 317
320 324
332 339
345 362
365 370
371 375
387 399
400 406
408 412
413 419
427 432
442 454
457 474
475 480
481 486
490 496
498 501
505 509
513 528
534 542
548 553
561 575
576 600
603 613
614 617
628 638
639 660
661 683
689 700
702 705
706 713
724 730
732 754
755 777
780 794
795 814
982 994
1001 1010
1015 1036
1049 1065
1074 1088
1094 1105
1107 1110
1111 1116
1118 1123
1124 1133
1140 1143
1858 1862
