106 126
132 146
147 155
157 160
168 191
195 200
209 219
223 226
230 233
235 263
275 283
290 295
296 302
309 316
317 337
339 355
374 379
383 387
388 391
395 412
421 424
427 431
441 444
447 456
457 462
464 468
472 475
480 483
490 493
499 502
504 510
511 521
523 527
536 539
543 547
554 560
567 570
574 578
584 588
589 593
596 600
603 611
612 616
629 636
649 653
654 663
667 676
680 688
691 696
697 706
707 714
724 732
733 749
756 759
760 768
773 779
787 791
800 808
814 819
820 826
829 833
834 838
844 858
860 878
879 894
895 927
932 940
941 957
974 981
982 1002
1008 1011
1012 1019
1022 1029
1036 1054
1056 1059
1065 1075
1080 1084
1085 1100
1106 1119
1123 1127
1128 1133
1137 1140
1148 1157
1158 1174
1177 1181
1182 1190
1198 1210
1225 1232
1233 1244
1249 1254
1282 1294
1300 1314
1315 1320
1326 1329
1433 1445
1446 1462
1468 1479
1485 1500
1512 1523
1540 1553
1560 1569
1570 1582
1599 1609
1660 1672
1674 1682
1684 1697
1703 1710
1714 1718
1742 1763
1766 1795
1813 1824
1866 1869
1890 1894
1951 1956
1972 1975
1976 1984
1985 1990
1992 1997
1998 2011
2030 2037
2104 2123
2210 2216
2217 2224
2290 2294
2328 2331
2499 2517
2541 2552
2554 2565
2617 2627
2690 2693
2698 2701
2769 2775
3163 3167
3535 3539
3564 3574
3640 3647
3669 3675
3744 3750
3811 3822
3931 3938
3939 3942
