107 115
117 141
154 165
166 187
191 199
205 213
219 223
226 233
238 247
248 255
256 262
263 272
280 294
295 300
301 304
313 319
320 324
325 336
340 344
345 358
359 363
364 369
379 384
387 391
395 412
415 425
433 439
440 443
456 460
471 475
476 482
483 487
490 498
500 516
519 524
528 534
539 542
545 548
549 554
555 558
559 563
564 571
575 582
587 593
597 602
603 608
609 617
622 625
626 633
634 639
643 646
648 654
659 662
663 669
674 681
682 686
694 706
712 715
716 725
735 742
743 746
749 752
754 761
762 765
766 773
783 790
793 797
802 805
808 815
816 819
820 823
834 845
848 859
862 869
874 884
895 899
905 919
923 930
931 947
956 966
972 979
980 992
998 1002
1009 1012
1013 1018
1020 1028
1036 1039
1042 1047
1048 1055
1056 1061
1062 1070
1071 1086
1090 1101
1106 1119
1130 1133
1134 1142
1143 1147
1148 1155
1161 1179
1182 1185
1186 1198
1204 1210
1217 1225
1226 1230
1232 1237
1250 1259
1260 1274
1284 1298
1302 1305
1313 1316
1318 1332
1338 1357
1376 1388
1486 1507
1514 1521
1536 1539
1693 1717
1739 1756
1765 1771
1778 1796
1803 1810
1820 1825
1826 1846
1892 1905
1911 1916
1921 1951
1982 1990
1996 2013
2015 2019
2025 2038
2100 2117
2124 2128
2163 2173
2209 2217
2218 2227
2287 2298
2326 2330
2401 2406
2506 2518
2562 2570
2588 2591
2611 2625
2696 2703
2733 2736
2754 2767
2804 2811
3167 3178
3278 3281
3311 3327
3348 3351
3566 3575
3599 3607
3680 3687
3806 3820
3821 3827
3904 3918
3932 3935
3941 3955
3970 3980
4081 4090
