104 118
119 147
155 165
168 194
202 210
215 224
225 233
238 260
266 274
275 284
285 291
292 301
302 310
311 315
316 327
330 335
337 353
360 368
371 374
378 384
391 394
395 411
419 422
429 432
436 440
459 464
465 476
484 492
493 500
504 517
519 523
526 530
534 540
543 551
555 560
563 568
575 578
579 582
585 588
589 595
603 607
608 614
617 624
629 637
640 649
652 657
658 661
665 671
680 684
685 688
689 695
696 703
704 711
712 717
719 731
732 745
746 750
755 759
760 766
768 778
787 790
797 802
803 807
808 814
815 821
822 827
830 833
841 858
859 880
881 898
900 928
929 937
946 954
963 971
972 978
980 999
1000 1006
1008 1018
1041 1063
1067 1074
1076 1086
1091 1100
1105 1110
1111 1115
1118 1122
1123 1129
1132 1136
1143 1155
1160 1169
1170 1179
1182 1187
1194 1215
1226 1232
1246 1261
1263 1272
1274 1294
1295 1315
1323 1338
1343 1346
1352 1355
1376 1385
1427 1440
1480 1505
1542 1558
1576 1588
1599 1605
1625 1630
1643 1660
1668 1685
1688 1696
1703 1717
1735 1746
1766 1785
1815 1829
1888 1893
1970 1983
1984 1991
1992 1995
2000 2009
2021 2043
2098 2113
2114 2122
2208 2224
2227 2231
2505 2513
2514 2518
2543 2577
2615 2626
2697 2703
3168 3174
3311 3316
3328 3339
3557 3564
3567 3570
3572 3591
3676 3686
3713 3717
3806 3826
3828 3853
4074 4077
4080 4096
