91 100
102 118
128 132
139 148
155 168
172 190
203 206
207 213
216 231
232 238
241 246
249 254
255 259
265 273
279 283
284 298
299 312
313 318
319 325
331 334
337 342
345 353
360 367
379 382
386 393
396 410
415 418
419 425
430 433
434 445
449 454
455 461
470 474
475 478
495 498
499 516
526 531
540 544
545 554
559 564
568 573
585 589
590 593
594 597
605 608
609 615
619 626
627 633
634 645
646 654
656 660
661 665
666 673
674 677
678 682
683 690
696 708
712 715
716 719
724 732
738 742
743 748
751 757
761 765
772 776
786 799
800 805
810 815
816 820
821 825
826 845
851 860
862 868
876 883
894 903
908 919
927 930
947 955
970 977
991 996
1010 1031
1039 1048
1053 1065
1077 1084
1085 1096
1097 1103
1104 1122
1123 1127
1130 1134
1135 1141
1149 1155
1156 1176
1179 1182
1184 1189
1197 1201
1202 1209
1210 1217
1218 1228
1271 1284
1298 1312
1334 1349
1358 1379
1383 1391
1397 1417
1470 1479
1480 1488
1489 1499
1501 1512
1518 1547
1602 1613
1660 1667
1677 1680
1691 1711
1713 1718
1737 1742
1753 1767
1773 1797
1807 1820
1835 1850
1895 1905
1987 1990
1998 2015
2032 2037
2083 2097
2109 2119
2153 2161
2209 2217
2219 2227
2239 2246
2271 2281
2291 2305
2306 2319
2327 2332
2504 2529
2534 2541
2554 2563
2570 2577
2588 2593
2612 2626
2791 2815
3160 3172
3211 3215
3216 3221
3276 3283
3298 3321
3326 3330
3347 3354
3357 3365
3366 3370
3508 3517
3536 3539
3541 3551
3559 3584
3591 3616
3663 3670
3671 3679
3692 3696
3738 3742
3751 3757
3803 3809
3816 3826
3827 3831
3834 3837
3839 3847
3848 3873
3879 3899
3906 3919
3930 3942
3956 3968
4069 4092
