111 125
128 147
148 164
170 190
195 210
216 219
222 234
243 264
268 275
285 293
294 303
304 311
316 321
327 334
335 340
348 356
361 368
369 374
379 383
390 393
394 412
421 424
431 435
440 444
449 453
456 459
465 471
472 476
481 484
485 489
490 495
496 501
504 522
523 530
537 541
547 552
555 563
564 567
568 573
574 577
582 592
600 603
607 612
613 619
623 628
629 636
640 646
647 658
667 671
675 678
681 684
689 695
696 702
703 708
721 735
737 746
757 766
767 778
787 793
794 801
804 808
809 819
821 830
841 858
859 878
881 884
886 891
896 909
910 919
926 930
931 938
939 942
943 947
953 967
973 981
989 993
995 1000
1001 1017
1026 1043
1044 1054
1056 1076
1085 1101
1102 1118
1127 1136
1137 1140
1145 1156
1163 1178
1179 1187
1188 1195
1196 1214
1217 1225
1230 1240
1252 1263
1268 1277
1288 1299
1300 1317
1325 1329
1339 1350
1368 1378
1383 1392
1393 1403
1408 1437
1439 1457
1464 1472
1474 1489
1490 1505
1506 1526
1603 1607
1618 1623
1626 1635
1649 1660
1661 1682
1690 1694
1704 1712
1713 1718
1729 1735
1737 1755
1756 1759
1769 1784
1792 1805
1815 1828
1829 1853
1871 1876
1896 1905
1969 1978
1983 1995
1998 2007
2010 2014
2028 2042
2106 2119
2120 2126
2211 2219
2221 2226
2267 2284
2288 2297
2509 2542
2572 2580
2589 2592
2617 2628
2632 2642
2658 2671
2702 2706
2767 2786
2787 2793
2801 2807
2910 2922
3000 3045
3073 3084
3091 3106
3112 3117
3123 3147
3159 3173
3204 3210
3250 3258
3282 3291
3305 3312
3334 3341
3356 3364
3395 3398
3408 3418
3426 3431
3531 3534
3561 3572
3639 3643
3672 3680
3718 3726
3733 3740
3819 3822
3825 3830
3932 3943
4052 4061
4062 4078
4081 4095
