92 119
131 141
146 155
171 190
191 196
202 212
213 216
217 237
238 255
256 262
263 274
275 279
280 291
292 295
297 314
315 319
320 328
333 337
344 349
363 366
367 370
379 386
387 391
400 408
411 431
433 439
443 447
449 452
453 459
470 473
486 494
495 499
501 504
505 518
519 522
530 534
535 543
555 559
560 565
566 570
571 579
591 604
607 610
611 614
615 618
625 634
640 643
644 648
649 654
661 672
682 686
688 695
701 709
710 713
715 720
725 728
736 743
751 754
756 765
766 770
774 777
781 789
793 803
804 810
816 831
842 850
854 867
869 877
882 891
904 919
934 938
939 943
952 960
1018 1031
1035 1056
1061 1072
1078 1094
1095 1114
1126 1130
1144 1157
1158 1170
1173 1183
1193 1221
1227 1237
1238 1263
1268 1277
1298 1306
1365 1370
1400 1403
1432 1437
1439 1458
1459 1477
1488 1494
1501 1510
1519 1532
1546 1555
1568 1583
1613 1617
1625 1630
1685 1689
1896 1908
1919 1922
1984 1989
2109 2116
2176 2181
2233 2236
2291 2296
2540 2554
2717 2721
2733 2738
