99 104
106 119
124 137
138 146
147 161
167 170
177 188
197 229
230 239
240 263
268 275
291 300
301 316
325 334
335 339
346 349
350 354
365 369
370 374
375 378
379 389
401 407
412 430
433 437
447 453
465 470
475 479
481 485
501 507
508 513
517 529
536 540
541 544
546 558
564 579
586 591
592 595
601 604
605 609
610 614
618 627
629 637
643 646
647 660
665 672
675 679
680 686
690 695
696 707
708 712
716 719
720 726
737 740
756 760
767 775
785 792
793 801
804 807
808 816
822 828
836 859
870 873
875 879
881 889
890 896
897 915
919 924
925 942
943 946
959 976
980 988
990 1007
1012 1019
1027 1033
1034 1039
1047 1054
1056 1066
1072 1084
1085 1096
1097 1103
1104 1112
1115 1123
1126 1145
1146 1153
1154 1157
1170 1187
1195 1219
1220 1228
1237 1260
1267 1281
1284 1296
1309 1330
1333 1340
1352 1384
1423 1427
1439 1448
1477 1486
1496 1508
1520 1528
1537 1550
1561 1571
1585 1604
1606 1613
1618 1627
1686 1691
1706 1712
2154 2157
2195 2201
2244 2250
2671 2697
2806 2818
2867 2871
2878 2891
3004 3013
3070 3081
3345 3351
3713 3721
