93 111
117 128
136 139
144 155
156 161
170 186
201 216
217 221
223 230
234 260
266 273
278 287
288 292
293 300
301 319
320 327
328 334
335 339
346 349
356 359
362 370
378 383
384 390
391 394
400 403
405 409
414 418
419 431
433 437
444 447
463 472
487 491
499 503
507 512
518 533
536 542
553 557
564 572
577 585
586 590
591 596
597 601
602 606
616 628
631 637
643 646
647 658
659 663
664 674
677 680
686 690
691 696
697 706
707 711
712 716
720 726
727 733
740 745
754 759
760 768
770 773
784 791
801 807
812 826
834 855
885 895
896 912
920 933
935 946
1006 1022
1036 1053
1057 1061
1064 1074
1075 1090
1091 1119
1120 1125
1126 1131
1135 1146
1147 1150
1151 1160
1168 1183
1184 1187
1190 1196
1199 1212
1219 1227
1231 1239
1246 1262
1269 1279
1287 1296
1298 1331
1360 1386
1390 1403
1502 1505
1704 1708
1728 1736
1737 1745
1756 1794
1795 1816
1830 1837
1843 1872
1902 1909
2108 2114
2156 2162
2174 2188
2228 2238
2674 2689
2728 2737
2788 2793
2807 2820
2825 2833
