96 119
125 134
139 147
151 165
177 190
201 218
223 226
227 235
236 248
249 258
263 273
279 285
292 300
305 313
314 319
320 323
334 344
345 349
353 357
358 364
370 373
387 392
397 401
404 413
415 431
435 438
447 450
453 459
460 467
469 472
477 484
485 489
500 503
512 518
519 526
527 530
535 540
541 549
550 556
557 564
565 569
575 583
588 591
594 603
604 607
610 614
615 618
619 622
623 628
637 643
650 653
663 666
667 671
672 680
683 687
693 702
704 708
711 715
723 728
734 742
752 755
765 774
786 794
802 809
810 814
820 827
841 851
854 860
861 875
886 891
892 900
901 907
909 914
955 970
972 976
982 989
1000 1007
1010 1022
1030 1035
1036 1046
1055 1061
1079 1089
1097 1124
1128 1138
1146 1158
1162 1165
1166 1179
1180 1184
1201 1222
1223 1227
1230 1237
1243 1259
1265 1271
1286 1295
1301 1309
1314 1323
1325 1335
1354 1377
1385 1392
1484 1496
1503 1512
1519 1530
1540 1552
1554 1565
1629 1637
1668 1676
1686 1691
1730 1734
2163 2170
2178 2192
2260 2269
2292 2295
2516 2521
2523 2548
2556 2569
2571 2582
2628 2643
2657 2671
2683 2705
2708 2714
2726 2729
2795 2801
2805 2833
2887 2895
2902 2911
3296 3303
