97 127
128 142
147 155
160 172
176 182
189 202
203 212
220 235
240 247
264 271
278 288
289 300
301 314
319 330
331 339
346 353
354 357
358 364
388 395
398 404
407 413
415 431
433 439
443 447
457 460
461 464
477 482
483 487
488 491
495 498
509 518
519 523
530 535
542 551
556 559
565 572
573 578
579 583
591 596
597 605
607 614
615 618
625 635
640 645
649 653
654 660
661 671
676 680
682 688
689 695
698 709
723 728
729 736
737 741
742 749
752 760
761 766
774 780
781 791
792 798
802 807
816 835
841 851
861 864
868 872
875 883
887 890
891 901
906 919
931 942
947 959
961 967
969 974
975 986
987 995
1006 1014
1019 1024
1034 1041
1050 1060
1070 1074
1087 1092
1099 1120
1128 1139
1146 1167
1171 1185
1187 1197
1202 1216
1231 1240
1245 1258
1268 1277
1278 1282
1290 1313
1315 1335
1445 1451
1453 1460
1462 1480
1483 1493
1501 1511
1514 1528
1530 1543
1546 1556
1684 1691
1704 1708
1902 1910
2291 2294
2431 2434
