48 56
57 63
73 82
90 94
95 99
103 117
118 129
130 134
137 144
149 154
158 167
171 174
176 183
194 208
210 214
216 221
224 230
236 240
258 261
262 266
268 272
276 280
286 299
304 313
314 317
318 328
330 335
336 339
341 346
356 360
375 379
380 383
385 388
396 402
403 414
415 422
423 432
433 437
438 442
443 462
465 470
471 486
487 494
496 505
506 530
543 550
562 569
575 582
585 592
593 598
602 605
606 610
611 619
621 631
633 636
646 656
659 668
669 677
683 697
701 712
713 716
717 720
721 738
744 754
762 767
768 778
781 800
809 813
820 829
903 914
1007 1019
1036 1043
1050 1069
1072 1078
1088 1098
1123 1135
1142 1145
1164 1172
1295 1303
1309 1320
1350 1376
1536 1540
1546 1557
