48 63
69 82
90 93
95 99
104 116
118 129
130 134
135 144
149 154
155 158
160 167
177 183
188 192
195 211
218 221
226 230
232 235
236 240
258 261
262 272
273 282
286 299
304 313
318 328
329 335
336 339
342 346
356 360
364 375
376 379
380 383
385 392
397 402
403 414
415 418
423 437
438 442
444 460
465 470
471 486
487 494
496 505
506 529
541 552
562 571
578 581
592 598
599 610
611 620
621 631
632 636
642 656
659 669
672 678
682 697
701 712
715 720
721 737
743 750
759 766
768 777
782 801
809 813
821 828
907 914
1009 1020
1037 1043
1051 1069
1072 1078
1090 1096
1123 1135
1142 1145
1166 1171
1295 1303
1309 1320
1349 1376
1536 1557
