96 120
127 139
153 163
172 177
190 193
197 201
202 207
208 214
221 225
226 231
235 239
240 243
248 251
252 255
258 262
264 267
268 272
280 293
300 303
312 316
320 325
334 340
341 350
351 358
366 370
371 374
375 380
381 384
385 393
398 401
403 408
409 412
414 426
427 433
441 444
447 450
451 455
458 463
467 484
485 490
496 501
502 508
513 529
533 537
538 541
550 560
565 574
575 580
589 595
596 600
603 608
613 616
617 629
633 641
643 646
647 658
659 662
663 681
683 695
697 706
721 732
737 758
761 769
784 794
802 822
823 843
845 852
853 862
863 867
870 878
880 883
884 900
911 917
926 935
939 957
958 965
969 986
987 1004
1006 1014
1015 1037
1040 1048
1050 1056
1058 1075
1083 1105
1108 1120
1139 1143
1144 1165
1166 1176
1178 1189
1231 1238
1278 1286
1301 1323
1434 1438
1600 1610
1615 1625
1634 1639
1648 1671
1698 1708
1718 1732
2543 2556
