29.000000 40.000000 0.015986
0.000955 0.001265 0.001604 0.002018 0.002509 0.002514 0.001953 0.001178 0.000785 0.000656 0.000585 0.000538 0.000525 0.000530 0.000432 0.000293 0.000186 0.000139 0.000127 0.000135 0.000125 0.000105 0.000095 0.000089 0.000077 0.000058 0.000057 0.000092 0.000152 
7.060079 9.076669 9.968084 9.148611 6.687380 5.395025 5.037494 6.418277 7.810283 8.109229 6.005467 4.462692 4.090960 4.473163 3.728735 2.578358 2.012732 3.773651 6.689419 9.120082 11.138904 12.946340 13.320239 12.728564 12.256533 12.464551 11.439879 8.309195 7.368980 
0.000929 0.001108 0.000971 0.000636 0.000391 0.000306 0.000321 0.000342 0.000399 0.000429 0.000406 0.000391 0.000388 0.000388 0.000342 0.000255 0.000203 0.000190 0.000179 0.000145 0.000116 0.000098 0.000084 0.000089 0.000124 0.000168 0.000181 0.000154 0.000106 
44.326150 44.016546 43.479059 42.049468 39.794593 38.721508 38.403264 39.506427 41.587781 42.847726 44.038648 45.053831 44.755815 43.066905 41.793755 42.268475 45.238799 45.958209 43.370733 40.551722 40.868428 42.828510 44.471764 45.407769 46.291284 46.385506 46.306006 46.366764 46.215411 
0.000688 0.000824 0.000761 0.000567 0.000423 0.000401 0.000363 0.000271 0.000204 0.000185 0.000180 0.000152 0.000118 0.000087 0.000065 0.000062 0.000086 0.000115 0.000122 0.000111 0.000088 0.000062 0.000051 0.000050 0.000064 0.000081 0.000080 0.000063 0.000056 
62.196830 61.873202 61.815721 62.446344 63.766161 65.529849 66.577204 67.476197 65.806347 61.355432 59.476685 58.986440 59.110049 59.916753 61.840678 61.207884 59.795756 59.677052 59.867969 60.399453 60.828934 61.308245 62.054556 61.689831 59.704485 60.086489 61.287155 61.922725 61.493934 
0.000705 0.001032 0.001114 0.000896 0.000586 0.000419 0.000442 0.000490 0.000463 0.000393 0.000345 0.000342 0.000336 0.000304 0.000322 0.000354 0.000366 0.000343 0.000332 0.000334 0.000331 0.000308 0.000281 0.000260 0.000248 0.000230 0.000219 0.000217 0.000220 
115.815632 115.722895 115.348670 114.291182 113.000658 114.314380 116.507609 116.657229 116.614938 117.236862 116.578290 113.822603 113.224779 115.804682 117.436812 117.094668 116.854425 117.701406 117.398998 115.927769 115.016301 115.666127 116.593968 116.749058 116.466489 117.092665 117.454894 117.019367 115.850585 
0.000837 0.001004 0.001081 0.000999 0.000851 0.000849 0.000790 0.000534 0.000361 0.000342 0.000379 0.000358 0.000357 0.000379 0.000351 0.000214 0.000152 0.000180 0.000232 0.000194 0.000154 0.000136 0.000141 0.000092 0.000084 0.000118 0.000121 0.000101 0.000111 
128.442722 127.243545 127.557869 128.473093 129.673110 130.882318 131.153202 131.590720 131.947886 130.561359 129.846672 131.478878 131.834880 131.090977 130.004718 130.071921 129.868894 128.578290 129.069618 131.777628 132.703611 131.634107 129.337283 132.054704 133.039195 130.255486 130.415738 132.328111 131.283584 
0.031037 0.046629 0.052212 0.044748 0.031371 0.022836 0.020111 0.022119 0.024702 0.022960 0.019299 0.016826 0.014751 0.010915 0.006981 0.005124 0.004401 0.004553 0.004700 0.004184 0.003642 0.003289 0.002935 0.002320 0.001715 0.001343 0.001203 0.001223 0.001156 
173.323799 173.647512 174.634426 176.148101 177.073964 175.417528 173.798425 173.152718 172.160778 171.723627 172.393210 173.883129 174.601233 175.203933 175.876583 175.399686 174.878447 173.832004 173.609987 175.047042 177.395197 178.630351 178.284215 178.650653 179.275299 178.579993 176.581168 175.556729 175.876060 
0.011012 0.014629 0.015536 0.013814 0.010952 0.008330 0.006194 0.004426 0.003471 0.003059 0.002428 0.001979 0.001752 0.001369 0.001017 0.000789 0.000560 0.000375 0.000347 0.000402 0.000319 0.000250 0.000238 0.000170 0.000077 0.000075 0.000079 0.000068 0.000209 
228.085252 228.525447 228.011410 226.765817 226.253397 227.277211 227.959885 227.458089 227.441804 227.311518 227.430457 228.191434 228.755280 227.901778 226.808728 227.404386 228.568660 227.544292 227.722106 229.031552 227.377020 228.105026 230.283535 229.964209 228.099552 229.640262 229.605051 222.589762 228.850068 
0.028384 0.035873 0.032486 0.020848 0.010060 0.005699 0.004656 0.004579 0.005361 0.005245 0.004260 0.003573 0.003945 0.004455 0.004253 0.003556 0.002927 0.002753 0.002867 0.002811 0.002439 0.001872 0.001432 0.001309 0.001462 0.001520 0.001366 0.001046 0.000685 
286.466414 286.149465 285.947531 286.186250 287.219746 286.809882 284.487986 285.134207 287.594320 287.229005 286.613943 287.980862 289.503230 290.125103 290.080294 289.324641 288.288667 288.989122 290.237281 290.779442 290.694055 289.893136 288.680023 288.811956 290.168541 290.776185 290.778890 290.228560 288.730276 
0.022692 0.024858 0.019245 0.010174 0.005781 0.004877 0.005119 0.005288 0.005114 0.004348 0.003603 0.003520 0.003993 0.004331 0.003822 0.002627 0.001979 0.001966 0.002512 0.002790 0.002495 0.001806 0.001351 0.001279 0.001501 0.001663 0.001523 0.001142 0.000669 
301.186075 300.931148 300.916048 302.290150 304.124168 303.279507 301.610234 300.667191 300.100102 300.562504 301.789324 301.788875 300.380456 299.458496 299.568159 301.093477 302.291909 301.973146 299.939139 299.182060 299.368986 300.594539 301.873595 301.890076 300.338452 299.389198 299.453011 300.159529 301.568361 
0.076594 0.113571 0.134917 0.137098 0.126660 0.110683 0.093645 0.077375 0.062845 0.050773 0.040911 0.032882 0.026202 0.021077 0.017306 0.014402 0.011876 0.009832 0.008268 0.007008 0.005880 0.005005 0.004343 0.003761 0.003193 0.002782 0.002504 0.002208 0.001811 
332.957187 333.624025 334.035663 334.263358 334.442032 334.607643 334.754249 334.983617 335.344688 335.637466 335.776434 335.821723 336.019604 336.200488 336.216917 336.115069 336.225244 336.262114 336.124042 335.952833 336.067421 336.077088 335.811601 335.619932 335.866780 335.820637 335.478818 335.410595 336.252057 
0.002390 0.002889 0.002906 0.002362 0.001589 0.001015 0.000643 0.000515 0.000425 0.000302 0.000275 0.000204 0.000170 0.000124 0.000117 0.000103 0.000074 0.000064 0.000063 0.000071 0.000054 0.000039 0.000037 0.000040 0.000041 0.000038 0.000041 0.000039 0.000065 
370.392620 370.477580 370.980642 371.419460 371.911571 373.463382 374.583917 375.741087 375.927940 375.012440 376.436043 375.246908 377.113449 375.810595 375.376634 375.495120 376.008888 377.604728 375.258994 375.232731 376.200305 378.496155 377.490868 372.185667 373.017977 371.038878 372.239399 376.371243 379.570347 
0.003962 0.005520 0.006469 0.006859 0.006770 0.005980 0.004578 0.003432 0.002724 0.002027 0.001393 0.001272 0.001362 0.001587 0.001964 0.002299 0.002423 0.002434 0.002500 0.002557 0.002451 0.002259 0.002138 0.002017 0.001770 0.001465 0.001212 0.000998 0.000765 
414.831423 414.992930 414.293074 413.383344 413.194464 413.285385 412.804523 412.614006 413.193913 412.950527 410.583432 410.543675 411.070624 411.809805 413.223492 414.107069 414.238379 414.151429 414.463876 414.856189 414.814500 414.573172 414.745121 415.079533 415.093533 414.976960 415.271663 415.764503 415.737592 
0.004133 0.005359 0.005179 0.004940 0.005299 0.006104 0.005770 0.005179 0.004732 0.004211 0.003284 0.002333 0.001594 0.001052 0.000921 0.001051 0.001179 0.001304 0.001514 0.001920 0.001811 0.001556 0.001458 0.001533 0.001181 0.000780 0.000587 0.000574 0.000438 
428.016703 428.659265 430.770071 432.567730 432.488278 431.056233 431.730960 432.224477 431.903948 431.304531 431.732617 432.544498 432.954629 432.506414 429.658487 428.719781 431.198162 432.798672 432.555337 430.275830 431.085014 432.483959 432.296435 429.941438 430.585728 432.618489 432.027786 427.185235 424.693093 
0.001268 0.001514 0.001373 0.000963 0.000578 0.000387 0.000311 0.000268 0.000255 0.000259 0.000243 0.000215 0.000194 0.000183 0.000184 0.000190 0.000190 0.000184 0.000182 0.000189 0.000201 0.000208 0.000208 0.000207 0.000207 0.000205 0.000196 0.000187 0.000178 
486.543355 486.550270 486.218170 485.274197 483.790740 483.195794 482.907014 482.435575 482.997081 482.767884 481.488042 480.665945 480.982092 481.573797 481.935112 481.880952 481.356030 480.801093 480.852832 481.248297 481.460563 481.338627 481.085454 480.869246 480.732193 480.804829 480.722782 480.399669 479.868589 
0.000570 0.000648 0.000647 0.000543 0.000367 0.000236 0.000187 0.000153 0.000125 0.000104 0.000087 0.000071 0.000057 0.000045 0.000037 0.000034 0.000035 0.000037 0.000035 0.000031 0.000025 0.000022 0.000025 0.000029 0.000028 0.000023 0.000018 0.000014 0.000016 
528.010039 529.234820 529.185739 528.177426 527.129620 526.196906 525.592620 525.276050 525.312951 525.397195 525.367308 525.443720 525.511946 526.070250 527.104488 527.133646 525.644144 524.607587 524.423095 524.607711 524.966990 524.501985 523.046381 523.379340 524.276373 524.570186 525.071839 525.506647 524.373872 
0.000491 0.000584 0.000590 0.000468 0.000284 0.000161 0.000120 0.000096 0.000077 0.000061 0.000047 0.000037 0.000030 0.000025 0.000023 0.000024 0.000025 0.000023 0.000019 0.000016 0.000015 0.000014 0.000012 0.000009 0.000009 0.000014 0.000021 0.000026 0.000029 
552.920756 552.816260 552.069584 551.180600 550.161975 549.393215 549.954268 550.390946 550.522268 550.602051 550.775995 551.098664 551.441637 551.556391 551.183670 550.819857 550.937065 551.453481 552.186386 552.110782 550.934945 549.810870 549.580884 550.988714 552.930957 551.130619 550.142110 549.910004 550.024702 
0.002526 0.002894 0.002434 0.001479 0.000632 0.000264 0.000176 0.000131 0.000105 0.000085 0.000070 0.000061 0.000050 0.000040 0.000034 0.000031 0.000029 0.000026 0.000024 0.000023 0.000022 0.000020 0.000017 0.000016 0.000018 0.000021 0.000020 0.000025 0.000036 
571.942826 571.678961 571.260200 570.616412 569.680456 569.968187 569.817390 569.330553 569.387354 569.093388 569.445751 570.422079 570.389996 569.986489 569.596668 568.243720 567.162457 567.068739 568.430101 569.105156 569.620194 571.188703 571.725706 569.189348 568.241715 569.016474 571.967837 576.641498 577.708010 
0.001647 0.001680 0.001204 0.000608 0.000321 0.000223 0.000194 0.000171 0.000157 0.000148 0.000143 0.000143 0.000146 0.000145 0.000140 0.000122 0.000089 0.000048 0.000044 0.000057 0.000110 0.000152 0.000169 0.000163 0.000141 0.000107 0.000061 0.000028 0.000043 
590.564082 590.359464 589.863578 588.662078 589.144058 591.154991 592.899443 593.195204 592.882607 592.478385 592.367075 592.684925 593.234829 593.600334 593.629507 593.503839 593.067857 590.559220 589.685355 590.240711 592.889117 593.501600 593.764457 593.959157 594.063438 593.906352 592.887579 587.672380 591.312923 
0.001681 0.001718 0.001249 0.000633 0.000285 0.000204 0.000176 0.000170 0.000149 0.000100 0.000074 0.000091 0.000145 0.000190 0.000219 0.000228 0.000216 0.000199 0.000200 0.000229 0.000270 0.000308 0.000334 0.000344 0.000335 0.000310 0.000277 0.000247 0.000219 
602.826467 603.034765 603.453351 604.220606 602.807412 600.685026 599.946866 600.489349 601.537667 603.630374 605.262960 602.209872 600.286302 600.027380 600.265830 600.667807 601.114925 601.733683 602.301897 602.062811 601.311522 600.676481 600.412865 600.476190 600.711691 601.051647 601.522848 602.082605 602.516303 
0.001445 0.001455 0.001085 0.000607 0.000273 0.000150 0.000120 0.000104 0.000086 0.000069 0.000055 0.000044 0.000037 0.000029 0.000027 0.000029 0.000027 0.000024 0.000027 0.000028 0.000022 0.000015 0.000014 0.000016 0.000016 0.000019 0.000020 0.000022 0.000041 
620.233884 619.433275 618.718677 618.676143 620.684472 622.354366 623.016258 621.840135 621.112207 621.365980 622.200286 622.545784 622.131768 622.213589 620.980073 619.012335 619.402487 621.062180 619.130749 617.240722 618.141089 622.931659 623.274479 620.756643 620.359459 617.670732 618.633801 622.943248 621.193481 
0.001560 0.001628 0.001259 0.000767 0.000435 0.000250 0.000151 0.000121 0.000111 0.000108 0.000101 0.000084 0.000061 0.000043 0.000036 0.000035 0.000036 0.000039 0.000039 0.000033 0.000023 0.000016 0.000015 0.000016 0.000015 0.000016 0.000019 0.000023 0.000026 
684.405187 684.831037 684.574243 682.464460 680.098915 680.445294 681.205936 679.929215 679.066022 678.243400 677.668995 677.667941 678.370563 679.741120 681.076246 679.955047 678.012557 677.800819 678.115696 678.746983 681.624753 685.612436 683.007651 681.447464 683.086113 683.066115 683.160135 686.452485 690.262490 
0.000521 0.000580 0.000516 0.000384 0.000278 0.000235 0.000232 0.000227 0.000216 0.000205 0.000200 0.000202 0.000205 0.000207 0.000203 0.000199 0.000198 0.000198 0.000199 0.000199 0.000197 0.000194 0.000191 0.000189 0.000188 0.000187 0.000185 0.000178 0.000162 
717.046192 716.643307 717.010168 718.736891 720.954248 721.613069 721.246597 721.313115 721.515949 721.588123 721.651582 721.633600 721.436454 721.221742 721.204463 721.390719 721.623470 721.771457 721.784304 721.669878 721.538366 721.494178 721.556433 721.669625 721.725924 721.670536 721.565770 721.450835 721.315127 
0.000324 0.000347 0.000318 0.000247 0.000161 0.000114 0.000110 0.000099 0.000078 0.000065 0.000058 0.000049 0.000046 0.000040 0.000029 0.000029 0.000031 0.000031 0.000034 0.000032 0.000024 0.000021 0.000025 0.000026 0.000031 0.000037 0.000029 0.000033 0.000055 
743.231470 745.536593 746.571090 745.666621 744.924649 745.065450 742.444150 741.282527 743.662310 746.277439 745.567823 743.545551 739.868642 740.854931 748.133125 747.115892 740.058252 736.839525 736.366427 738.002160 744.520741 747.585640 741.546654 740.986802 739.181240 737.352133 739.231703 736.606876 734.391555 
0.000750 0.000793 0.000633 0.000391 0.000215 0.000141 0.000108 0.000089 0.000077 0.000067 0.000057 0.000047 0.000040 0.000037 0.000035 0.000034 0.000036 0.000039 0.000040 0.000039 0.000036 0.000034 0.000033 0.000029 0.000024 0.000023 0.000029 0.000035 0.000037 
790.300978 789.264605 787.413575 785.054497 783.856520 783.289659 781.178226 780.733574 781.885403 782.994895 783.586896 783.879629 784.650199 784.934681 783.473101 781.546651 780.194038 780.981882 784.328886 788.556656 789.583347 786.938342 783.464201 781.169957 781.610614 787.329574 791.168937 789.453549 784.960358 
0.001924 0.001997 0.001484 0.000770 0.000330 0.000226 0.000202 0.000223 0.000230 0.000210 0.000179 0.000162 0.000164 0.000177 0.000182 0.000177 0.000168 0.000163 0.000164 0.000170 0.000177 0.000178 0.000178 0.000177 0.000176 0.000178 0.000180 0.000176 0.000162 
852.613696 852.601613 852.635652 852.655922 850.103418 847.168403 846.017048 844.708159 844.228991 844.039531 844.114161 843.818186 843.276102 843.048450 842.835391 842.445554 842.588240 843.069696 843.092831 842.939938 842.907847 842.447824 842.126873 842.658912 843.419578 843.641780 843.195617 842.295031 841.357966 
0.000712 0.000713 0.000509 0.000258 0.000124 0.000095 0.000080 0.000068 0.000058 0.000047 0.000038 0.000032 0.000029 0.000028 0.000026 0.000023 0.000022 0.000025 0.000028 0.000029 0.000027 0.000027 0.000029 0.000029 0.000027 0.000026 0.000026 0.000030 0.000036 
912.195928 912.960261 913.738390 913.926318 911.854473 912.484857 913.600483 913.202592 912.578459 912.772061 913.741247 913.938021 912.838325 911.621403 909.845148 907.032418 905.242827 905.915544 907.861708 908.890868 909.783464 912.830949 915.492543 914.881378 911.434264 909.721615 909.403304 906.241497 904.592705 
0.000430 0.000481 0.000391 0.000234 0.000124 0.000088 0.000069 0.000051 0.000039 0.000033 0.000029 0.000028 0.000026 0.000024 0.000025 0.000026 0.000025 0.000021 0.000016 0.000013 0.000013 0.000013 0.000013 0.000015 0.000018 0.000022 0.000023 0.000021 0.000025 
938.291614 938.597554 938.914941 939.112659 939.053251 938.930882 939.581293 939.595819 939.264806 939.246035 939.115542 938.905378 939.226930 940.183535 941.397280 942.620379 943.513978 942.923703 940.359236 938.839776 937.879098 936.287921 935.722420 936.875711 937.481901 939.199401 940.358629 940.272672 941.212231 
0.000145 0.000206 0.000215 0.000174 0.000119 0.000081 0.000066 0.000060 0.000048 0.000043 0.000053 0.000078 0.000099 0.000109 0.000108 0.000103 0.000110 0.000123 0.000142 0.000160 0.000171 0.000174 0.000173 0.000170 0.000169 0.000174 0.000182 0.000184 0.000166 
959.404910 959.890653 960.273418 960.967181 962.435436 964.278578 964.449001 963.332201 961.823652 961.435437 962.678223 963.628574 963.797815 963.864119 963.564030 962.473518 961.534994 961.482041 962.377596 963.039757 963.132960 962.873607 962.503359 962.267950 962.285245 962.429428 962.545330 962.621628 962.681413 
0.000354 0.000388 0.000324 0.000231 0.000172 0.000144 0.000121 0.000098 0.000074 0.000056 0.000047 0.000041 0.000037 0.000035 0.000032 0.000025 0.000019 0.000017 0.000017 0.000018 0.000017 0.000015 0.000012 0.000011 0.000012 0.000014 0.000016 0.000017 0.000022 
999.480864 999.321945 998.998378 999.051224 1000.344154 1001.831433 1001.837465 1000.891897 999.994886 999.673723 999.939500 1000.009426 999.290495 997.843275 997.189163 998.660906 1001.184323 1001.044070 998.506173 996.820143 994.796396 993.273280 994.008059 996.353245 996.703570 995.682563 994.663440 995.916075 997.314165 
0.000792 0.000840 0.000647 0.000374 0.000199 0.000148 0.000111 0.000086 0.000076 0.000069 0.000059 0.000052 0.000048 0.000043 0.000037 0.000032 0.000029 0.000025 0.000025 0.000027 0.000027 0.000025 0.000023 0.000024 0.000024 0.000023 0.000023 0.000029 0.000043 
1032.084423 1031.744313 1031.419991 1029.674855 1026.757402 1025.597652 1029.572824 1037.738341 1042.337865 1040.873356 1037.542140 1036.118050 1038.395926 1040.142211 1038.430692 1033.909045 1029.523568 1029.172400 1032.752157 1034.443038 1036.536590 1039.768959 1042.250756 1045.343026 1044.488240 1039.774401 1037.629817 1037.562498 1038.099112 
0.000104 0.000094 0.000091 0.000113 0.000137 0.000148 0.000151 0.000147 0.000137 0.000128 0.000124 0.000127 0.000133 0.000135 0.000134 0.000133 0.000133 0.000134 0.000136 0.000136 0.000133 0.000128 0.000125 0.000125 0.000127 0.000127 0.000126 0.000121 0.000109 
1082.236671 1083.432477 1083.891869 1082.715251 1082.095518 1082.095338 1082.258235 1082.370502 1082.454356 1082.565908 1082.607314 1082.534851 1082.491692 1082.513591 1082.497754 1082.365277 1082.174707 1082.082653 1082.207038 1082.488960 1082.766463 1082.906453 1082.767293 1082.388431 1082.120436 1082.187856 1082.451453 1082.615645 1082.587120 
0.000116 0.000158 0.000157 0.000119 0.000074 0.000050 0.000040 0.000033 0.000030 0.000027 0.000022 0.000017 0.000013 0.000011 0.000010 0.000009 0.000010 0.000014 0.000017 0.000017 0.000014 0.000015 0.000018 0.000020 0.000018 0.000014 0.000012 0.000015 0.000021 
1147.018992 1146.859646 1146.643081 1146.362132 1146.322468 1147.081748 1147.590720 1147.661653 1147.401775 1146.716900 1146.055074 1145.702706 1145.504537 1145.228016 1145.395250 1145.709238 1145.791675 1146.504092 1146.764743 1146.013524 1144.039777 1143.457700 1144.714829 1145.878727 1146.551936 1146.471813 1144.863993 1144.367508 1145.892556 
0.000143 0.000176 0.000156 0.000101 0.000059 0.000052 0.000053 0.000048 0.000041 0.000036 0.000034 0.000030 0.000024 0.000019 0.000018 0.000022 0.000026 0.000027 0.000024 0.000018 0.000015 0.000013 0.000010 0.000008 0.000008 0.000010 0.000012 0.000018 0.000027 
1161.556698 1161.270929 1160.984815 1160.776862 1161.554817 1162.080323 1161.837993 1162.168708 1163.185395 1164.029892 1164.232645 1164.471166 1165.078555 1165.784785 1165.688327 1164.174259 1162.769687 1161.768678 1161.093057 1161.213122 1162.463810 1162.540126 1161.099493 1159.665854 1159.112503 1159.275414 1160.498991 1161.793136 1162.062987 
0.000133 0.000154 0.000176 0.000221 0.000264 0.000283 0.000267 0.000222 0.000166 0.000126 0.000110 0.000105 0.000106 0.000117 0.000135 0.000144 0.000143 0.000136 0.000131 0.000128 0.000125 0.000116 0.000112 0.000114 0.000119 0.000118 0.000116 0.000114 0.000108 
1202.026937 1201.347522 1199.168853 1197.813036 1198.109060 1198.578990 1198.965377 1199.746700 1201.354219 1203.128182 1203.784001 1203.955614 1203.602995 1202.130047 1200.782030 1200.681870 1201.564283 1202.629520 1202.842733 1202.444086 1202.133887 1202.815968 1203.119506 1202.718980 1201.868265 1202.008828 1202.519357 1202.570142 1201.744999 
0.000136 0.000193 0.000220 0.000213 0.000188 0.000167 0.000150 0.000131 0.000111 0.000098 0.000090 0.000082 0.000074 0.000067 0.000061 0.000056 0.000050 0.000042 0.000035 0.000033 0.000036 0.000038 0.000036 0.000033 0.000030 0.000028 0.000027 0.000025 0.000023 
1358.626152 1358.691790 1358.876158 1359.271476 1359.923865 1360.466077 1360.691743 1360.738493 1360.705022 1360.395609 1360.354236 1360.852345 1361.132295 1360.980368 1361.264014 1361.845921 1362.206817 1362.640925 1363.054393 1361.759568 1358.873347 1357.833999 1358.464723 1360.006968 1361.324845 1362.194202 1361.970203 1360.288160 1358.025621 
0.000195 0.000283 0.000317 0.000280 0.000203 0.000149 0.000128 0.000137 0.000140 0.000128 0.000111 0.000102 0.000102 0.000106 0.000103 0.000098 0.000096 0.000100 0.000104 0.000104 0.000101 0.000097 0.000094 0.000095 0.000095 0.000095 0.000097 0.000099 0.000091 
1447.496536 1448.973186 1450.485353 1451.931863 1452.869403 1450.795839 1447.342283 1446.911693 1447.338719 1446.486547 1444.487230 1443.431857 1444.235891 1445.332085 1445.498679 1444.879841 1444.328871 1444.090570 1443.829938 1443.594433 1443.427215 1443.409925 1443.664724 1443.961439 1443.827090 1443.505064 1443.495397 1443.797732 1443.774930 
0.000173 0.000226 0.000226 0.000179 0.000142 0.000140 0.000164 0.000178 0.000166 0.000139 0.000114 0.000092 0.000070 0.000054 0.000048 0.000052 0.000058 0.000060 0.000060 0.000056 0.000046 0.000031 0.000023 0.000023 0.000027 0.000029 0.000029 0.000028 0.000026 
1519.716869 1519.141866 1518.563554 1517.920441 1517.283171 1517.232964 1517.292860 1517.754429 1518.464548 1519.327066 1519.582381 1518.958085 1517.243858 1516.777240 1518.101211 1519.611558 1520.360195 1520.542120 1520.287324 1519.568864 1519.003682 1519.171031 1520.664539 1521.158601 1519.280234 1517.815282 1517.742645 1517.746539 1517.502186 
0.000135 0.000193 0.000209 0.000174 0.000136 0.000125 0.000121 0.000089 0.000053 0.000044 0.000039 0.000047 0.000047 0.000033 0.000013 0.000013 0.000028 0.000038 0.000035 0.000020 0.000010 0.000011 0.000023 0.000030 0.000032 0.000027 0.000026 0.000033 0.000039 
1576.640704 1577.455723 1577.937521 1577.629346 1576.393747 1575.794239 1575.638937 1574.119490 1575.732729 1578.214928 1576.887431 1572.309940 1572.164673 1573.333243 1576.359810 1576.756210 1572.185661 1572.114959 1573.088788 1575.555120 1576.656780 1573.695252 1571.197627 1571.155405 1571.682543 1571.285598 1570.249532 1570.920257 1571.980839 
0.000060 0.000129 0.000184 0.000196 0.000174 0.000151 0.000136 0.000121 0.000106 0.000092 0.000077 0.000061 0.000048 0.000036 0.000028 0.000023 0.000021 0.000021 0.000022 0.000023 0.000023 0.000023 0.000022 0.000018 0.000012 0.000010 0.000010 0.000014 0.000015 
1596.100676 1594.833554 1594.684047 1595.015480 1595.381732 1594.903880 1594.229699 1594.464592 1594.853335 1594.662733 1594.455709 1594.484392 1594.340625 1594.179173 1594.474443 1594.924099 1595.111115 1594.391882 1593.622919 1594.080808 1595.311713 1595.474422 1594.695615 1593.341827 1590.989992 1590.748011 1594.807664 1596.259368 1595.246818 
0.000252 0.000333 0.000333 0.000267 0.000194 0.000142 0.000107 0.000086 0.000072 0.000059 0.000047 0.000035 0.000027 0.000024 0.000023 0.000022 0.000020 0.000018 0.000021 0.000024 0.000028 0.000030 0.000029 0.000026 0.000024 0.000024 0.000025 0.000027 0.000026 
2459.250388 2458.693958 2457.771402 2456.557083 2456.152902 2456.754851 2457.400997 2457.884538 2457.927540 2458.442874 2461.235285 2463.939313 2463.414538 2462.524245 2465.046685 2466.513556 2463.959534 2456.863564 2453.753727 2454.554773 2458.423997 2460.957275 2460.979777 2460.791767 2462.508387 2464.690507 2464.772245 2461.891014 2457.309730 
