0.079932 5.359646
0.047959 6.028790
0.031973 6.606767
0.031973 1.080674
0.159864 8.118068
0.111905 3.449250
0.047959 2.043279
0.047959 10.367477
0.143878 4.189429
0.047959 5.340184
0.031973 8.232775
0.031973 8.847905
0.063946 9.165148
0.031973 18.929629
0.015986 16.016283
0.063946 4.041342
0.047959 3.230093
0.047959 12.154254
0.015986 8.091151
0.015986 14.758790
0.031973 6.825042
0.031973 5.834107
0.031973 17.023931
0.063946 9.945562
0.031973 11.831200
0.031973 12.310901
0.031973 12.525839
0.015986 9.565536
0.015986 8.942749
0.111905 3.821871
0.015986 11.933151
0.047959 9.897770
0.031973 9.472345
0.063946 4.894634
0.031973 4.678523
0.063946 10.429815
0.047959 7.741165
0.111905 6.898525
0.095918 8.141219
0.063946 8.666844
0.031973 10.340926
0.111905 6.123459
0.031973 10.911653
0.047959 10.201315
0.047959 11.546635
0.063946 13.563772
