0.029138 30.424990
0.017483 21.523822
0.134036 5.932552
0.034966 6.195749
0.023311 13.088509
0.034966 7.647124
0.034966 0.188810
0.034966 6.057166
0.064104 12.800585
0.034966 6.640306
0.034966 11.960408
0.034966 20.208052
0.029138 4.005154
0.023311 14.546488
0.023311 13.237199
0.023311 15.707147
0.023311 16.155190
0.023311 16.879341
0.011655 222.155271
0.011655 20.349660
0.017483 18.484249
0.017483 17.601506
0.029138 13.324864
0.023311 5.378802
0.093243 10.212365
0.104898 9.637527
0.017483 5.238385
0.011655 37.258671
0.029138 6.940740
0.023311 6.568044
0.011655 228.144249
0.017483 30.450262
0.244762 4.189690
0.023311 22.732845
0.011655 21.898928
0.058277 0.903451
0.034966 218.697506
0.134036 25.427464
0.087415 8.758117
0.087415 5.715257
0.157347 6.950995
0.163175 6.776219
0.069932 19.554893
0.052449 17.596455
0.075760 19.006345
