0.047959 8.045534
0.031973 14.155836
0.031973 11.352731
0.031973 7.568628
0.031973 4.024601
0.031973 6.049218
0.047959 6.182283
0.031973 12.919161
0.031973 9.321699
0.031973 11.342970
0.031973 12.307881
0.031973 12.557213
0.111905 8.590421
0.047959 3.849150
0.031973 3.763822
0.031973 10.216112
0.031973 11.453076
0.031973 8.105052
0.047959 0.915129
0.031973 7.482317
0.047959 10.535683
0.031973 6.675183
0.031973 2.216601
0.031973 5.013116
0.047959 1.884018
0.000000 0.000000
0.063946 6.900926
0.047959 6.819287
0.031973 4.357251
0.031973 9.364361
0.047959 3.149967
0.047959 0.813042
0.031973 5.287482
0.095918 4.384322
0.031973 4.005889
0.031973 4.851521
0.095918 5.558646
0.031973 6.362431
0.031973 6.329146
0.079932 1.572451
0.031973 3.144389
0.127891 1.049505
0.127891 3.397508
0.031973 6.029426
0.031973 1.401869
0.031973 7.132427
0.031973 0.955928
0.031973 2.204665
0.031973 2.536265
0.079932 6.344660
0.031973 6.352435
0.047959 2.579526
0.079932 2.060044
0.047959 2.605743
0.111905 6.527373
0.047959 7.743145
0.031973 1.126611
0.047959 6.255042
0.031973 3.498153
0.095918 2.074991
0.047959 4.712217
0.095918 2.953649
0.047959 5.373880
0.047959 4.933797
0.063946 5.483887
