0.095918 10.486361
0.047959 8.314469
0.031973 7.609266
0.047959 7.145287
0.191837 3.907715
0.047959 4.469857
0.047959 6.011576
0.047959 2.232386
0.047959 7.568755
0.063946 15.789912
0.063946 12.675247
0.047959 14.009039
0.031973 6.390423
0.031973 9.480453
0.031973 6.334752
0.063946 9.693588
0.047959 11.118191
0.095918 6.116001
0.095918 2.972632
0.079932 10.868022
0.031973 8.639689
0.031973 10.121468
0.031973 13.773539
0.031973 7.020259
0.031973 5.202696
0.031973 10.452699
0.015986 8.613283
0.031973 12.166216
0.031973 3.728013
0.031973 9.957125
0.031973 10.237150
0.031973 4.195811
0.031973 7.642966
0.047959 2.177364
0.031973 9.414847
0.031973 8.151265
1.438776 0.431713
0.031973 8.719121
0.031973 7.410966
0.047959 7.689957
0.063946 7.390972
0.047959 6.918971
0.047959 6.015699
0.047959 7.242339
0.047959 7.688315
