0.047959 8.902770
0.015986 12.900470
0.031973 7.702231
0.031973 6.618030
0.047959 5.065007
0.095918 8.831494
0.015986 9.016881
0.031973 9.711228
0.031973 11.362581
0.031973 13.047010
0.031973 12.733085
0.111905 8.656033
0.111905 8.139315
0.047959 4.203609
0.047959 2.819194
0.031973 12.307697
0.031973 7.463869
0.031973 6.541098
0.031973 8.554705
0.031973 15.967651
0.031973 7.840036
0.031973 2.875844
0.031973 6.142048
0.031973 4.461608
0.047959 5.835932
0.015986 11.546274
0.015986 11.789278
0.063946 2.303624
0.015986 14.366014
0.015986 7.389050
0.015986 12.303452
0.063946 3.791605
0.111905 6.150834
0.143878 7.751186
0.127891 3.805912
0.031973 3.012607
0.143878 2.146373
0.063946 3.301091
0.031973 4.419900
0.031973 6.834689
0.031973 4.531683
0.063946 6.240666
0.031973 3.330277
0.031973 8.630801
0.031973 11.708355
0.079932 8.078967
0.111905 4.715884
0.063946 8.329871
0.079932 8.179719
0.063946 4.310803
0.047959 6.012148
0.031973 6.745442
0.031973 7.411991
0.031973 6.023495
0.031973 7.068112
0.047959 8.473297
0.095918 8.471244
