0.095918 12.958054
0.063946 10.097685
0.031973 7.554471
0.031973 5.506326
0.047959 4.988497
0.047959 4.122215
0.047959 5.930693
0.063946 7.633190
0.047959 10.286851
0.047959 14.178374
0.031973 5.717950
0.031973 9.923739
0.031973 9.916926
0.063946 10.862035
0.031973 15.464290
0.143878 4.427324
0.031973 7.998511
0.031973 11.761930
0.047959 13.474572
0.031973 17.436289
0.015986 12.287926
0.031973 8.487519
0.031973 15.133374
0.031973 15.979785
0.031973 5.543819
0.031973 9.916190
0.031973 12.076865
0.031973 7.559065
0.031973 13.952267
0.015986 13.203749
0.047959 6.877625
0.079932 2.167928
0.031973 12.491386
0.031973 12.967694
0.031973 3.617255
0.031973 9.560018
0.031973 9.936784
0.047959 10.291916
0.047959 4.143160
0.047959 8.539368
0.047959 5.161776
0.079932 2.877760
0.063946 10.916113
0.047959 6.508963
0.047959 8.322427
