0.095918 5.896586
0.031973 5.070061
0.143878 2.075598
0.111905 8.414219
0.127891 1.162632
0.031973 5.967325
0.047959 9.757933
0.031973 12.184739
0.031973 13.653728
0.047959 6.709582
0.079932 5.805791
0.047959 3.044663
0.239796 1.149045
0.031973 12.920861
0.031973 14.141295
0.015986 12.025695
0.015986 8.502758
0.031973 4.608858
0.031973 12.495901
0.031973 15.485229
0.015986 14.749332
0.015986 9.214325
0.063946 6.770730
0.047959 5.604286
0.079932 3.180162
0.079932 1.835110
0.063946 3.476848
0.111905 2.768847
0.047959 4.335626
0.111905 2.945231
0.095918 4.607203
0.031973 5.507789
0.175850 4.025697
0.191837 7.174674
0.031973 6.435128
0.047959 9.782280
0.047959 3.476325
0.047959 8.140216
0.047959 2.116529
0.287755 7.929774
0.079932 6.902136
0.223810 5.196819
0.047959 9.026143
0.095918 4.290154
0.111905 3.675846
0.079932 4.144426
0.207823 3.509319
0.175850 3.095766
0.127891 7.353276
0.047959 2.406892
0.015986 1.494473
0.111905 8.264659
0.111905 6.805724
0.079932 7.860877
0.063946 2.774641
0.127891 5.703639
0.207823 2.624175
0.223810 4.168615
0.063946 4.933376
0.095918 4.533394
0.079932 1.166128
0.063946 1.644523
0.143878 5.726586
0.159864 4.342639
0.111905 8.460865
0.047959 1.149589
0.127891 7.556013
0.031973 2.543983
0.127891 9.274624
0.079932 1.070383
0.239796 2.574803
0.191837 0.780221
0.111905 5.758049
0.063946 4.805579
0.031973 5.160150
0.143878 3.706687
0.239796 6.917427
0.191837 8.220217
0.143878 8.003557
0.047959 7.685629
0.047959 5.708404
0.047959 11.185474
0.079932 8.157025
0.159864 5.503958
0.159864 4.939914
0.143878 4.506739
0.095918 6.772240
0.047959 6.863329
0.031973 4.811848
0.031973 3.503727
0.047959 2.351165
0.175850 3.096851
0.175850 3.742764
0.127891 5.151046
0.047959 4.537282
0.063946 7.081281
0.095918 1.710315
0.047959 4.776137
0.095918 4.114271
0.031973 1.594503
0.079932 4.314228
0.063946 5.027450
0.031973 3.349529
0.031973 6.328932
0.047959 5.990679
0.063946 5.722040
0.143878 5.012370
0.031973 10.338270
0.047959 6.922918
0.047959 9.085137
0.031973 3.439864
0.079932 3.922176
0.047959 7.181471
0.079932 9.240112
0.047959 6.578817
0.063946 12.146048
0.079932 15.638316
0.047959 8.455694
0.047959 9.505975
0.047959 7.318225
0.127891 8.725121
0.031973 7.306540
0.079932 10.268690
0.031973 2.730791
0.031973 8.594879
0.015986 8.898516
0.031973 9.579732
0.047959 9.551591
0.031973 8.719350
0.063946 8.116957
0.047959 7.698817
0.031973 9.114427
0.111905 11.067002
0.079932 10.126931
0.063946 6.073587
0.095918 7.966522
0.031973 6.749666
0.031973 7.117720
0.047959 7.255690
0.079932 7.116432
0.079932 9.346818
0.047959 8.062150
0.047959 8.150803
0.063946 9.096588
0.063946 6.999600
0.047959 7.091651
0.063946 7.157446
0.047959 6.306949
0.047959 7.368744
0.063946 8.676717
0.063946 8.955611
0.079932 6.493926
0.047959 9.400544
0.063946 7.846690
0.063946 8.099353
0.031973 8.356107
0.047959 5.968169
0.079932 7.204793
0.031973 9.123025
0.063946 7.927262
0.047959 8.211030
0.047959 10.284492
