1 4
30 33
45 49
54 57
60 68
71 80
94 101
104 108
114 117
118 121
122 130
137 148
149 154
156 165
169 175
176 182
183 191
192 198
199 206
207 211
221 230
231 237
238 242
243 261
265 284
285 288
290 305
308 312
313 316
333 336
341 345
351 355
359 365
369 374
400 403
415 420
425 432
435 440
445 448
449 457
458 464
465 479
486 489
490 509
510 516
529 534
538 543
546 558
563 570
571 575
576 587
593 596
599 604
607 621
630 639
642 649
654 661
664 669
670 675
676 686
687 694
696 702
707 714
715 721
726 732
733 738
746 753
754 766
774 780
783 788
791 796
825 830
836 843
867 874
894 897
898 909
913 916
919 924
926 929
930 941
949 966
975 979
980 987
990 996
997 1002
1007 1011
1016 1028
1029 1032
1035 1050
1063 1068
1075 1088
1101 1111
1113 1117
1132 1147
1154 1166
1178 1190
1208 1216
1240 1252
1256 1261
1265 1269
1270 1274
1276 1283
1299 1303
1304 1313
1334 1343
1370 1374
1389 1394
1443 1448
1514 1521
1542 1546
1559 1564
1591 1597
1610 1615
2040 2046
