0.063946 9.502813
0.047959 9.671990
0.031973 7.304272
0.047959 2.656703
0.143878 3.547782
0.031973 6.268868
0.031973 10.685828
0.047959 4.518410
0.031973 13.978257
0.031973 11.831314
0.111905 5.498841
0.047959 4.916816
0.079932 5.779928
0.047959 4.087830
0.047959 5.549746
0.063946 7.023301
0.031973 3.740258
0.031973 7.365975
0.047959 13.277225
0.031973 8.455306
0.047959 6.526716
0.031973 7.374063
0.047959 2.737294
0.175850 3.291009
0.031973 6.111696
0.031973 3.450978
0.063946 5.368775
0.095918 3.148267
0.031973 9.243820
0.015986 4.745614
0.047959 3.339404
0.255782 1.481814
0.031973 7.427787
0.095918 5.229595
0.063946 4.313170
0.031973 6.147076
0.111905 6.687145
0.159864 6.238513
0.223810 7.375114
0.095918 4.672108
0.175850 2.053772
0.047959 7.401681
0.063946 7.423971
0.047959 4.498574
0.143878 7.464866
0.063946 7.860581
