1 10
11 16
17 21
22 27
31 35
36 39
40 49
60 63
64 69
73 81
84 89
95 100
101 118
123 129
132 143
144 148
151 161
169 176
177 183
184 195
200 208
209 212
213 228
236 253
254 265
266 271
272 278
281 305
311 322
328 333
335 349
354 363
372 377
378 381
382 387
388 392
395 402
410 418
419 426
428 433
434 443
445 450
464 467
468 471
490 498
506 523
535 541
575 582
583 588
632 638
657 664
665 669
670 673
681 686
687 691
706 712
714 718
731 738
755 764
802 806
841 852
936 940
1069 1075
1249 1253
1474 1477
