0.079932 6.158779
0.047959 6.597913
0.031973 7.775585
0.079932 6.729586
0.159864 8.266220
0.255782 0.692756
0.143878 2.190880
0.047959 10.748529
0.063946 9.049002
0.143878 3.880175
0.031973 6.215290
0.031973 8.410786
0.015986 8.289560
0.063946 9.337651
0.031973 19.359003
0.015986 15.367879
0.047959 3.397405
0.047959 2.480255
0.047959 12.202912
0.031973 8.256647
0.015986 7.745182
0.015986 14.769163
0.031973 6.674114
0.031973 5.416990
0.031973 17.560954
0.015986 11.021240
0.015986 11.780149
0.015986 12.091364
0.015986 8.107926
0.111905 3.627060
0.015986 9.255457
0.063946 9.363972
0.063946 4.610542
0.031973 7.164572
0.095918 7.566645
0.047959 9.576634
0.047959 8.598505
0.047959 4.271077
