0.063946 4.972031
0.095918 4.026118
0.095918 7.038090
0.111905 4.772122
0.143878 2.167215
0.095918 9.588118
0.175850 1.125005
0.031973 8.732702
0.031973 8.896280
0.015986 12.595916
0.031973 13.641174
0.063946 5.826084
0.079932 6.818692
0.047959 2.926124
0.031973 1.583066
0.015986 12.818735
0.031973 14.172321
0.015986 11.301762
0.031973 3.373702
0.031973 16.326278
0.015986 6.792086
0.079932 1.985404
0.079932 2.484847
0.127891 3.340362
0.031973 9.872948
0.111905 3.829451
0.095918 3.934449
0.031973 3.777984
0.095918 1.724422
0.047959 8.620408
0.047959 7.768550
0.031973 2.942657
0.207823 3.799920
0.223810 2.652604
0.031973 7.621643
0.063946 2.126620
0.111905 2.903593
0.015986 4.477280
0.383673 2.410634
0.223810 3.767514
0.015986 3.376560
0.047959 6.781667
0.079932 9.051423
0.127891 6.380048
0.079932 3.088537
0.207823 7.305332
0.031973 6.551301
0.047959 4.392477
0.063946 5.070647
0.079932 1.803460
0.143878 5.464031
0.127891 7.641331
0.031973 3.631852
0.175850 3.676880
0.047959 6.211607
0.111905 2.298862
0.255782 4.855587
0.159864 0.898852
0.143878 6.254903
0.191837 2.343825
0.159864 6.133241
0.143878 4.723288
0.127891 5.981593
0.255782 4.295312
0.111905 4.814498
0.047959 7.099241
0.079932 7.475978
0.191837 7.024034
0.143878 5.405062
0.127891 4.390250
0.095918 3.781000
0.063946 5.439803
0.031973 4.867913
0.095918 4.774108
0.079932 2.612288
0.223810 4.800959
0.127891 3.278663
0.031973 4.107646
0.095918 10.343978
0.095918 9.368859
0.047959 7.556423
0.047959 4.329947
0.031973 6.559625
0.143878 9.961671
0.047959 4.138920
0.047959 5.713545
0.031973 5.792751
0.047959 6.318483
0.063946 6.684815
0.047959 9.906553
0.063946 7.760146
0.079932 8.483055
0.031973 6.154369
0.031973 7.708786
0.031973 9.493661
0.047959 8.912323
0.079932 11.516748
0.031973 8.753690
0.031973 8.823792
0.047959 11.575693
0.031973 7.962163
0.047959 9.479204
0.031973 11.146521
0.031973 8.956260
0.031973 9.902176
0.047959 7.142674
0.079932 7.577539
0.047959 10.291125
0.079932 6.887862
0.047959 9.052112
0.031973 6.113368
0.047959 12.325692
0.047959 11.390281
0.031973 7.846554
0.095918 6.757229
0.095918 8.154804
0.047959 8.661926
0.063946 7.003058
0.047959 6.533590
0.047959 9.001894
0.063946 8.332175
0.047959 7.351295
0.031973 12.131182
0.047959 6.467495
0.079932 7.116082
0.047959 4.909918
0.079932 11.340661
0.031973 7.208913
0.031973 10.921246
0.031973 10.337070
0.047959 9.207390
0.063946 11.360372
0.031973 7.354022
0.047959 9.896141
0.047959 8.262893
0.063946 9.947778
0.079932 10.639049
0.063946 10.972046
0.079932 7.937578
0.047959 9.829634
