1 4
28 32
35 47
52 57
63 67
70 76
77 80
85 90
97 100
103 106
111 116
121 131
138 146
148 154
156 162
168 176
177 182
185 196
199 207
208 212
213 219
222 228
231 240
243 247
248 256
257 261
264 269
274 277
278 286
293 304
308 315
316 323
326 329
330 333
336 344
348 354
357 362
363 369
370 375
401 404
407 411
414 418
422 427
428 431
434 440
445 448
449 452
453 456
472 476
485 489
490 493
494 498
501 505
506 510
515 520
521 524
541 544
547 550
551 559
560 563
564 572
573 577
580 591
592 595
598 602
603 607
610 618
622 625
626 631
643 648
653 657
664 668
671 675
684 691
692 700
703 706
711 715
722 727
730 733
734 737
751 754
755 762
765 769
775 778
783 787
790 798
801 805
806 809
815 819
820 824
825 834
837 844
845 852
855 859
860 876
878 884
886 889
890 908
911 924
927 933
934 937
941 949
951 959
963 967
968 974
979 988
989 997
998 1007
1013 1019
1020 1028
1029 1033
1036 1039
1040 1046
1070 1077
1079 1087
1092 1097
1098 1102
1103 1108
1109 1121
1124 1135
1139 1147
1153 1157
1158 1167
1170 1175
1178 1184
1185 1188
1192 1201
1211 1234
1240 1251
1257 1272
1274 1284
1291 1298
1300 1303
1305 1312
1315 1322
1333 1340
1341 1349
1365 1380
1387 1394
1398 1406
1407 1410
1432 1435
1444 1451
1494 1503
1512 1519
1530 1535
1557 1560
1589 1598
1611 1617
1624 1632
1638 1647
1664 1669
1691 1702
1735 1745
1765 1773
1861 1870
1883 1887
2050 2054
2156 2164
2247 2260
3243 3246
3534 3541
