0.095918 4.772807
0.047959 7.669617
0.031973 5.990920
0.031973 3.861204
0.031973 2.894733
0.047959 5.034539
0.047959 2.298982
0.063946 15.579589
0.063946 12.376105
0.047959 14.170666
0.031973 8.291996
0.047959 20.168276
0.031973 9.743255
0.031973 7.174873
0.063946 10.010314
0.015986 11.297258
0.047959 4.878143
0.095918 3.351581
0.079932 11.361376
0.031973 10.380633
0.031973 12.686972
0.015986 9.139170
0.031973 13.868654
0.031973 9.209956
0.015986 9.132153
0.031973 11.492448
0.015986 10.841016
0.015986 13.829476
0.015986 8.098343
0.031973 10.516695
0.031973 6.379315
0.031973 8.877807
0.031973 8.088121
0.063946 4.160578
0.031973 8.327190
0.031973 11.157498
0.031973 7.014782
0.031973 8.982613
0.047959 7.202736
0.079932 5.194860
0.031973 7.992862
0.047959 7.662874
0.047959 8.038404
0.079932 4.469096
0.063946 2.539405
0.063946 8.110718
0.031973 8.256425
