0.031973 5.117080
0.015986 6.056651
0.031973 7.825709
0.031973 2.269734
0.047959 4.237573
0.047959 9.681772
0.031973 13.082209
0.031973 9.133564
0.031973 9.861063
0.031973 10.056590
0.063946 10.729150
0.031973 13.155154
0.031973 13.139867
0.095918 4.511947
0.095918 5.479051
0.031973 7.847007
0.031973 10.932600
0.031973 13.973713
0.015986 9.522442
0.031973 10.004934
0.015986 15.659088
0.031973 4.735632
0.031973 10.883318
0.031973 11.794353
0.031973 9.019824
0.015986 15.384928
0.015986 13.428038
0.031973 13.098310
0.031973 1.893392
0.031973 5.211728
0.031973 14.451819
0.031973 13.869964
0.015986 4.663946
0.031973 10.512189
0.031973 11.259048
0.031973 3.322132
0.047959 9.152912
0.047959 6.548937
0.031973 4.077636
