0.079932 5.484378
0.063946 6.833440
0.031973 6.553665
0.095918 6.437306
0.159864 7.465302
0.047959 3.996852
0.143878 1.831206
0.047959 10.610676
0.063946 8.474192
0.159864 3.798352
0.047959 5.932060
0.031973 8.436247
0.031973 9.127162
0.063946 9.387892
0.031973 19.211617
0.015986 15.731807
0.047959 3.333682
0.047959 2.576567
0.047959 11.793631
0.015986 8.335168
0.015986 14.702039
0.031973 6.235860
0.031973 17.281703
0.047959 6.584022
0.031973 12.214393
0.015986 12.484463
0.031973 12.337866
0.031973 12.072784
0.031973 9.526897
0.047959 2.356235
0.015986 11.566290
0.063946 10.161214
0.063946 4.359190
0.063946 5.480077
0.047959 5.798011
0.047959 5.339893
0.047959 2.153147
0.111905 5.704696
0.063946 5.551582
0.047959 12.420579
0.095918 4.689600
