0.095918 11.720374
0.031973 6.630399
0.031973 8.846041
0.047959 4.604825
0.047959 7.004583
0.047959 9.537615
0.047959 14.562556
0.031973 9.797095
0.031973 9.893999
0.063946 10.979180
0.047959 14.894825
0.063946 3.945579
0.095918 4.750161
0.031973 8.108453
0.031973 11.418096
0.047959 12.681858
0.031973 17.946111
0.031973 11.499458
0.031973 8.099696
0.031973 15.634507
0.031973 14.919840
0.031973 4.208373
0.031973 9.401195
0.031973 12.092857
0.031973 9.667010
0.031973 13.518768
0.031973 11.593180
0.047959 2.179145
0.031973 11.704423
0.031973 13.185566
0.111905 0.630702
0.031973 10.836627
0.031973 7.484015
0.095918 3.195047
0.047959 6.446455
0.047959 4.505486
0.031973 5.348927
0.047959 6.712551
0.063946 8.472478
0.047959 11.343146
