34.000000 45.000000 0.015986
0.000955 0.001236 0.001411 0.001680 0.002082 0.002163 0.001705 0.001138 0.000897 0.000844 0.000761 0.000556 0.000409 0.000318 0.000244 0.000196 0.000176 0.000156 0.000131 0.000105 0.000079 0.000074 0.000097 0.000111 0.000093 0.000087 0.000089 0.000109 0.000129 0.000155 0.000172 0.000172 0.000154 0.000121 
5.259492 6.791770 8.362714 8.201572 6.407926 5.356715 5.699579 7.295447 7.494435 5.899622 3.753233 1.938283 1.488712 1.761629 1.509041 1.206984 1.852922 2.096029 2.303544 3.182704 3.213516 3.228996 4.472264 4.161133 1.863909 2.031701 4.989449 8.001875 7.980392 5.708036 3.328967 2.654798 2.954862 4.184677 
0.000353 0.000662 0.001002 0.001109 0.000944 0.000648 0.000330 0.000145 0.000196 0.000304 0.000319 0.000261 0.000203 0.000178 0.000155 0.000127 0.000106 0.000087 0.000084 0.000091 0.000105 0.000114 0.000118 0.000114 0.000100 0.000085 0.000085 0.000091 0.000097 0.000085 0.000058 0.000048 0.000047 0.000055 
14.180168 15.153341 15.716386 15.474721 14.864792 14.486265 14.964223 17.500222 15.290753 15.258703 16.024086 17.258290 18.439365 18.619245 18.709410 18.864128 18.807505 19.474307 19.447825 18.549686 17.306751 16.829228 16.758688 16.944339 16.967354 16.002288 15.215077 15.040318 15.653242 16.351970 18.238229 18.580286 17.826276 16.401116 
0.001042 0.001245 0.001080 0.000664 0.000407 0.000325 0.000350 0.000407 0.000459 0.000432 0.000337 0.000306 0.000350 0.000424 0.000396 0.000279 0.000180 0.000141 0.000122 0.000131 0.000166 0.000216 0.000256 0.000253 0.000209 0.000151 0.000130 0.000105 0.000080 0.000077 0.000118 0.000165 0.000178 0.000146 
44.077755 43.629313 42.744481 40.738417 39.273678 39.308797 41.899007 43.293032 44.167990 43.652458 41.895173 42.377339 43.575241 44.489192 44.840113 45.437899 45.383078 43.387061 41.050935 42.003166 43.814378 46.707673 49.139772 49.950697 48.883862 43.859214 40.943215 41.092212 44.509538 49.012012 50.659103 50.389586 49.579744 48.634611 
0.000786 0.000962 0.000903 0.000712 0.000561 0.000468 0.000347 0.000253 0.000227 0.000252 0.000224 0.000183 0.000185 0.000245 0.000269 0.000255 0.000235 0.000215 0.000178 0.000141 0.000132 0.000166 0.000203 0.000223 0.000215 0.000178 0.000147 0.000149 0.000174 0.000186 0.000193 0.000200 0.000195 0.000171 
62.628408 62.196727 61.831589 62.165428 63.529097 64.231118 63.132362 60.795102 60.643814 63.031781 65.787061 65.427138 63.769526 61.594246 60.372157 59.343879 59.633051 60.917684 61.966241 61.745760 60.985108 59.544086 58.939270 59.276463 60.081149 60.594726 61.103265 61.576289 61.738152 60.524955 59.389770 59.105301 59.431633 60.235594 
0.000247 0.000316 0.000339 0.000301 0.000237 0.000201 0.000220 0.000263 0.000277 0.000258 0.000222 0.000205 0.000204 0.000202 0.000158 0.000109 0.000095 0.000095 0.000078 0.000056 0.000050 0.000069 0.000085 0.000083 0.000063 0.000051 0.000058 0.000079 0.000083 0.000076 0.000077 0.000087 0.000096 0.000095 
83.604011 84.109277 84.573917 84.859149 84.484944 84.205356 85.399902 86.421898 86.415367 86.100564 87.193477 88.832559 88.609117 86.564342 85.083489 86.559271 89.653692 90.121532 87.607703 87.158181 88.250643 90.026870 89.709830 88.948981 88.749393 87.870015 86.270203 85.413944 86.342176 87.851505 88.298090 87.694768 87.045430 86.282666 
0.000259 0.000368 0.000413 0.000383 0.000303 0.000217 0.000201 0.000201 0.000188 0.000168 0.000193 0.000260 0.000276 0.000230 0.000174 0.000168 0.000170 0.000144 0.000115 0.000104 0.000110 0.000093 0.000072 0.000057 0.000045 0.000020 0.000017 0.000029 0.000030 0.000035 0.000043 0.000032 0.000015 0.000008 
104.086945 104.510883 104.834847 104.913720 104.277995 101.499968 100.266965 101.486055 103.910960 104.431104 103.219753 101.973328 101.663309 101.483335 102.244738 103.183510 102.953878 101.569851 101.599885 102.896774 103.616306 101.392542 99.089242 99.497583 102.830921 101.302475 99.585347 100.981533 98.050688 98.076981 100.645906 100.185460 99.118719 102.473429 
0.000500 0.000747 0.000829 0.000708 0.000504 0.000380 0.000345 0.000324 0.000265 0.000186 0.000159 0.000171 0.000167 0.000142 0.000146 0.000174 0.000201 0.000182 0.000162 0.000160 0.000178 0.000183 0.000178 0.000176 0.000173 0.000161 0.000144 0.000128 0.000116 0.000110 0.000106 0.000101 0.000096 0.000090 
115.457307 115.268956 114.969588 114.486753 114.068834 114.938961 116.012945 115.947245 116.180060 117.536422 117.030705 114.629381 113.984897 116.076632 117.018027 116.504384 115.611307 116.297740 116.633797 116.250822 115.304567 115.652550 116.409153 116.553963 116.311730 116.226673 116.156584 115.973940 115.837135 115.684820 115.548245 115.677546 115.958721 115.979097 
0.004013 0.005802 0.006939 0.006954 0.005881 0.004477 0.003972 0.004302 0.004253 0.003532 0.002544 0.001790 0.001574 0.001586 0.001429 0.001095 0.000902 0.000959 0.000987 0.000880 0.000739 0.000672 0.000641 0.000566 0.000452 0.000354 0.000284 0.000212 0.000150 0.000113 0.000116 0.000130 0.000129 0.000111 
149.206823 149.462956 149.483497 149.314502 148.760342 147.408780 146.789748 148.017260 148.859264 149.008901 148.524179 147.954600 148.288579 148.485448 147.938836 146.781000 146.277855 147.322069 147.831488 147.943795 148.226694 148.603690 148.679876 148.710361 148.772683 148.532656 148.165273 148.317170 148.329576 147.311532 146.052745 146.215092 146.306183 145.911625 
0.029139 0.043653 0.048830 0.041647 0.028391 0.020054 0.017611 0.019145 0.021295 0.019869 0.016663 0.014677 0.013410 0.010439 0.006545 0.004390 0.003613 0.003515 0.003624 0.003494 0.003197 0.003048 0.002920 0.002411 0.001659 0.001212 0.001058 0.001012 0.000926 0.000802 0.000688 0.000616 0.000559 0.000478 
173.406881 173.787959 174.860318 176.520942 178.058044 177.264454 175.830567 175.285044 173.812830 173.186030 173.785297 174.808773 174.584573 174.224289 174.568029 175.915852 176.755740 176.947671 176.675897 177.379476 178.709143 178.102006 176.066407 175.548345 177.090858 178.197527 177.808766 177.833457 178.812148 179.572264 180.084163 179.997858 178.481027 176.677218 
0.010947 0.014372 0.015087 0.013303 0.010477 0.007903 0.005821 0.004200 0.003348 0.002926 0.002264 0.001857 0.001690 0.001358 0.001006 0.000770 0.000535 0.000401 0.000391 0.000404 0.000286 0.000215 0.000216 0.000172 0.000084 0.000077 0.000085 0.000062 0.000043 0.000035 0.000039 0.000049 0.000086 0.000152 
228.246823 228.658328 228.109579 226.823066 226.303968 227.432168 228.128891 227.682756 227.773368 227.647662 227.521743 227.920043 228.538511 228.063917 227.047103 227.771373 228.468399 227.970361 228.701592 228.673801 225.684951 227.273672 230.398980 230.741611 228.858413 230.588734 231.127112 228.968455 225.925603 225.218355 226.954779 229.286848 229.420748 229.301371 
0.011453 0.012942 0.010229 0.005989 0.004762 0.005253 0.005658 0.005253 0.005104 0.005041 0.004535 0.004058 0.003717 0.003275 0.002952 0.002908 0.002998 0.003014 0.002975 0.002859 0.002643 0.002460 0.002350 0.002251 0.002147 0.002074 0.002018 0.001951 0.001863 0.001786 0.001737 0.001685 0.001563 0.001305 
243.180904 242.512358 241.689821 243.142999 244.219465 244.926747 245.103411 246.571138 246.835064 246.401961 246.889838 246.795308 246.013628 245.993484 246.451233 246.666790 246.661899 246.823268 246.689262 246.380427 246.350089 246.307196 246.280141 246.517996 246.896625 246.989089 246.822120 246.593639 246.503763 246.462719 246.388961 246.237106 245.982487 245.687310 
0.027365 0.034080 0.030449 0.019355 0.009364 0.005344 0.004253 0.004242 0.005045 0.004821 0.003833 0.003289 0.003721 0.004215 0.003993 0.003309 0.002692 0.002530 0.002652 0.002599 0.002244 0.001718 0.001329 0.001231 0.001367 0.001400 0.001240 0.000948 0.000714 0.000655 0.000766 0.000831 0.000756 0.000559 
286.454125 286.152015 285.950164 286.140279 286.973857 286.573928 284.611401 285.749410 287.910229 287.409801 286.938780 288.130744 289.559572 290.093163 290.043341 289.243959 288.283858 289.067495 290.268393 290.777657 290.692542 289.855428 288.656128 288.779975 290.157460 290.792107 290.724629 289.859172 288.740679 288.901334 290.252043 290.712101 290.419474 289.307463 
0.021950 0.023893 0.018373 0.009606 0.005446 0.004588 0.004893 0.005126 0.004934 0.004146 0.003452 0.003379 0.003838 0.004130 0.003616 0.002475 0.001891 0.001876 0.002373 0.002604 0.002307 0.001657 0.001253 0.001195 0.001410 0.001547 0.001405 0.001064 0.000828 0.000792 0.000913 0.001007 0.000948 0.000756 
301.208031 301.003463 301.079337 302.612031 304.136509 303.024306 301.448353 300.589203 300.059396 300.557621 301.788742 301.784984 300.362490 299.483021 299.604100 301.167688 302.287442 301.939860 299.903753 299.182139 299.399072 300.685090 301.890073 301.872439 300.280270 299.374915 299.496479 300.651917 301.823375 301.867636 300.499801 299.563063 299.747603 300.709314 
0.075109 0.109722 0.128970 0.130323 0.119742 0.104165 0.087926 0.072844 0.059306 0.047668 0.038236 0.030754 0.024726 0.020052 0.016549 0.013827 0.011496 0.009597 0.008099 0.006843 0.005740 0.004881 0.004207 0.003587 0.003025 0.002612 0.002334 0.002037 0.001765 0.001595 0.001511 0.001380 0.001240 0.001119 
333.464481 333.917610 334.144960 334.253494 334.454617 334.698905 334.915352 335.145262 335.474823 335.833254 336.038347 336.125688 336.268654 336.419337 336.440921 336.358375 336.412620 336.387938 336.236545 336.106928 336.173604 336.112373 335.846540 335.780347 335.953574 335.821888 335.324697 335.371485 335.874445 335.751603 335.155403 335.424767 336.082512 336.520139 
0.002819 0.003163 0.002962 0.002341 0.001589 0.000958 0.000567 0.000428 0.000338 0.000265 0.000227 0.000172 0.000121 0.000114 0.000122 0.000097 0.000061 0.000050 0.000051 0.000053 0.000048 0.000037 0.000031 0.000031 0.000026 0.000032 0.000045 0.000040 0.000016 0.000014 0.000033 0.000049 0.000039 0.000045 
370.582497 370.244194 370.326682 370.662941 371.183865 371.883650 372.770776 373.832636 374.000767 373.346860 373.395835 374.198777 373.938726 373.662296 373.055516 372.756781 373.119992 374.043696 374.383657 372.686913 371.128066 372.187445 373.582332 372.434004 371.887716 371.613522 371.146397 370.952966 374.249515 376.126575 370.010041 371.265811 376.532047 378.009819 
0.003279 0.004477 0.005218 0.005606 0.005968 0.006139 0.006023 0.006063 0.006349 0.006253 0.005477 0.004945 0.004644 0.003941 0.002864 0.002156 0.001720 0.001371 0.001140 0.001073 0.001241 0.001529 0.001914 0.002046 0.002000 0.002059 0.002220 0.002185 0.002000 0.001905 0.001863 0.001727 0.001524 0.001277 
420.679201 421.647259 421.036803 419.312402 418.705259 418.921746 419.184067 419.548355 420.275830 420.793430 420.832734 421.243128 421.926044 422.282398 422.351890 422.801550 423.312764 422.842716 422.286775 421.579117 420.697428 420.322246 420.677758 420.238321 419.194248 418.691444 418.780587 418.119658 416.946551 416.597880 416.811528 416.522434 416.229966 416.046557 
0.001469 0.001676 0.001463 0.001025 0.000667 0.000475 0.000371 0.000343 0.000325 0.000284 0.000247 0.000236 0.000239 0.000239 0.000234 0.000226 0.000217 0.000209 0.000203 0.000200 0.000201 0.000202 0.000204 0.000201 0.000198 0.000196 0.000197 0.000204 0.000206 0.000196 0.000185 0.000180 0.000183 0.000189 
484.475699 484.646232 483.750785 480.571731 475.068255 473.148465 474.841851 477.532922 479.067370 479.135673 478.909054 479.375409 480.035509 480.814809 481.380629 481.304960 480.915593 480.834605 481.146771 481.657907 481.620189 480.830559 480.476015 480.850653 481.553192 481.542993 481.081266 480.726518 481.148119 481.641136 481.454560 481.122301 480.042498 477.654084 
0.000475 0.000540 0.000528 0.000429 0.000290 0.000197 0.000160 0.000129 0.000103 0.000086 0.000071 0.000059 0.000049 0.000042 0.000036 0.000031 0.000027 0.000024 0.000024 0.000023 0.000023 0.000025 0.000026 0.000024 0.000023 0.000019 0.000014 0.000012 0.000011 0.000011 0.000013 0.000018 0.000024 0.000025 
528.085863 528.899595 529.413014 529.077990 528.140862 527.982131 528.536443 528.561337 528.825414 529.188056 529.309281 529.231816 529.026551 529.155517 529.434311 529.024927 527.898137 527.404422 528.650056 529.497448 527.932463 527.518631 529.660896 531.898045 531.984784 530.675109 528.941512 528.744804 530.082362 530.843222 532.421836 532.840117 531.853449 531.094209 
0.000525 0.000634 0.000653 0.000524 0.000323 0.000194 0.000148 0.000117 0.000090 0.000071 0.000057 0.000047 0.000043 0.000039 0.000034 0.000028 0.000023 0.000021 0.000022 0.000023 0.000019 0.000016 0.000016 0.000017 0.000016 0.000015 0.000012 0.000011 0.000012 0.000014 0.000015 0.000018 0.000021 0.000021 
552.684526 552.398621 551.006296 549.685155 548.439703 547.484368 547.634541 548.127419 548.410354 548.351633 548.030175 547.667555 547.496037 547.364382 547.276393 547.190148 546.972767 547.239277 547.687749 547.596994 547.290107 546.666361 545.749110 545.214169 545.405367 546.149616 545.648354 544.082918 544.300445 544.294905 543.637266 544.097593 544.676580 544.939726 
0.001643 0.001886 0.001595 0.000975 0.000411 0.000160 0.000118 0.000096 0.000080 0.000069 0.000055 0.000042 0.000034 0.000029 0.000025 0.000023 0.000022 0.000022 0.000022 0.000021 0.000017 0.000015 0.000017 0.000019 0.000019 0.000018 0.000017 0.000015 0.000012 0.000010 0.000008 0.000007 0.000009 0.000015 
565.464694 565.452695 565.439138 565.531566 565.966817 564.676860 562.997925 563.826039 564.397240 564.498933 564.584912 564.520554 564.530903 565.004290 565.454277 565.422300 565.438576 565.258213 564.796009 564.908454 565.746105 566.209750 566.269110 566.791860 566.843806 565.918627 565.051269 564.743121 564.071787 562.500037 560.854375 558.573433 561.705160 565.274887 
0.001444 0.001415 0.000971 0.000498 0.000256 0.000177 0.000125 0.000123 0.000151 0.000189 0.000209 0.000202 0.000174 0.000128 0.000072 0.000062 0.000066 0.000103 0.000128 0.000133 0.000124 0.000106 0.000081 0.000065 0.000075 0.000095 0.000104 0.000094 0.000073 0.000047 0.000044 0.000050 0.000083 0.000102 
590.510628 590.197997 589.515838 588.769127 589.840484 592.108556 592.232229 591.907719 592.295065 592.758036 593.188829 593.478067 593.458287 593.021367 590.965257 590.674971 590.680874 592.685937 593.423027 593.745839 593.657259 593.074497 592.001066 591.046955 591.861861 592.702802 593.135058 593.422185 593.238145 591.464475 590.769262 590.697049 592.291756 592.329572 
0.001752 0.001812 0.001370 0.000813 0.000452 0.000315 0.000216 0.000187 0.000211 0.000280 0.000331 0.000344 0.000323 0.000277 0.000228 0.000204 0.000207 0.000238 0.000262 0.000262 0.000235 0.000187 0.000138 0.000123 0.000130 0.000160 0.000181 0.000180 0.000162 0.000138 0.000134 0.000147 0.000179 0.000189 
604.554263 605.127985 606.106649 606.704642 605.428173 603.688415 604.533684 604.139589 602.407502 601.157484 600.811134 600.677600 600.804004 601.366207 602.463167 602.929183 602.709632 601.740364 601.216114 601.036503 601.100546 601.672474 603.299605 603.930755 603.590686 601.970106 601.225877 601.146774 601.674023 602.907643 603.422478 603.496176 602.973979 603.015560 
0.001484 0.001508 0.001137 0.000636 0.000273 0.000150 0.000128 0.000107 0.000086 0.000069 0.000056 0.000046 0.000039 0.000042 0.000043 0.000037 0.000031 0.000027 0.000024 0.000025 0.000024 0.000020 0.000021 0.000021 0.000017 0.000014 0.000013 0.000010 0.000011 0.000011 0.000009 0.000008 0.000021 0.000052 
620.148943 619.232209 618.495981 618.761383 621.877767 622.812688 622.260352 623.271146 623.577779 622.740267 622.130076 622.199755 623.762016 623.612308 623.435481 625.396545 626.126017 625.688016 626.798175 624.784650 625.211642 628.387882 627.767156 626.567832 627.701219 625.621752 621.133335 618.989865 618.296291 619.141690 622.107395 627.077011 623.274285 620.058935 
0.001700 0.001753 0.001346 0.000817 0.000464 0.000261 0.000155 0.000128 0.000116 0.000104 0.000086 0.000068 0.000054 0.000046 0.000041 0.000035 0.000029 0.000027 0.000028 0.000027 0.000024 0.000023 0.000023 0.000019 0.000015 0.000015 0.000016 0.000015 0.000013 0.000014 0.000017 0.000021 0.000026 0.000035 
683.939570 684.460189 684.249289 682.055547 679.402262 679.087552 678.885177 677.248357 677.372358 678.300907 679.129446 679.656957 680.134102 680.143290 679.146892 677.580969 677.187725 678.133354 678.166899 677.938615 679.106085 680.568200 678.933525 676.705699 679.020931 685.200275 686.777040 685.932650 684.177767 684.258514 684.965046 686.679837 688.384815 688.506517 
0.000748 0.000823 0.000700 0.000485 0.000356 0.000302 0.000281 0.000249 0.000228 0.000223 0.000229 0.000233 0.000230 0.000221 0.000212 0.000206 0.000199 0.000192 0.000188 0.000187 0.000186 0.000187 0.000190 0.000192 0.000196 0.000204 0.000211 0.000211 0.000204 0.000197 0.000193 0.000194 0.000192 0.000173 
718.074069 717.883605 718.414734 720.404190 722.066209 722.390661 721.661804 721.601422 721.928299 722.275363 722.523010 722.489809 722.265638 722.086352 722.130656 722.271634 722.331529 722.312450 722.271859 722.257910 722.195258 722.026209 722.019243 722.298007 722.348412 722.155030 721.939641 721.967695 722.036538 722.065550 722.132309 722.212963 722.070938 721.731591 
0.000353 0.000380 0.000351 0.000274 0.000179 0.000121 0.000102 0.000090 0.000077 0.000061 0.000050 0.000045 0.000037 0.000029 0.000032 0.000035 0.000030 0.000021 0.000019 0.000022 0.000024 0.000023 0.000025 0.000026 0.000021 0.000020 0.000025 0.000026 0.000023 0.000019 0.000017 0.000014 0.000018 0.000031 
747.389715 749.349299 750.724873 750.993701 750.329381 748.494830 747.737467 747.634246 746.987875 747.276759 748.101882 746.858122 746.010654 747.857253 749.886421 750.137764 750.685028 750.476156 750.045155 749.402548 748.147137 750.453239 751.841838 750.741830 752.555371 748.538993 744.986364 744.993536 743.833739 742.979094 745.260847 748.146632 744.676229 741.290780 
0.000720 0.000735 0.000562 0.000341 0.000202 0.000146 0.000116 0.000097 0.000081 0.000067 0.000061 0.000060 0.000056 0.000050 0.000046 0.000040 0.000033 0.000032 0.000032 0.000029 0.000026 0.000026 0.000029 0.000032 0.000035 0.000038 0.000039 0.000041 0.000045 0.000046 0.000042 0.000034 0.000024 0.000018 
794.078738 792.924947 790.718608 787.908417 787.113239 788.742044 789.432121 789.993833 789.729434 789.002828 788.940819 789.210569 789.212784 788.749118 787.679585 787.166904 787.850404 787.508227 787.201241 789.347273 792.560238 793.901036 793.289579 792.030830 792.020946 793.842189 795.395137 795.405889 794.170494 792.182512 790.373374 790.062084 790.907774 790.015431 
0.001108 0.001138 0.000845 0.000458 0.000269 0.000198 0.000188 0.000186 0.000188 0.000186 0.000185 0.000185 0.000183 0.000177 0.000165 0.000159 0.000165 0.000172 0.000174 0.000172 0.000166 0.000158 0.000156 0.000162 0.000168 0.000170 0.000168 0.000168 0.000170 0.000172 0.000173 0.000170 0.000162 0.000144 
839.459121 839.610945 839.758039 839.624365 839.997175 840.363227 842.447274 842.965564 842.474061 842.024358 841.693149 841.853006 842.194974 842.441511 842.739058 842.736488 842.533961 842.449066 842.476188 842.436558 842.439055 842.448708 842.397316 842.428312 842.414802 842.476626 842.634747 842.676367 842.628233 842.616037 842.510197 842.303636 842.007433 841.495421 
0.001592 0.001608 0.001158 0.000578 0.000226 0.000146 0.000120 0.000106 0.000084 0.000062 0.000051 0.000042 0.000049 0.000054 0.000043 0.000039 0.000045 0.000049 0.000035 0.000038 0.000052 0.000051 0.000048 0.000047 0.000045 0.000031 0.000032 0.000040 0.000038 0.000036 0.000039 0.000033 0.000037 0.000052 
869.093684 868.690690 868.406122 868.544527 869.017007 869.135949 870.262578 869.303929 871.866168 876.743223 876.111036 876.161577 867.447790 863.184992 865.830015 866.023549 862.746804 859.967442 863.525630 866.857178 866.333790 870.255873 868.886348 863.526313 860.327215 865.791265 867.188004 864.596586 867.518527 865.735762 861.919565 865.787037 868.665292 864.374284 
0.000857 0.000856 0.000609 0.000299 0.000126 0.000094 0.000085 0.000072 0.000059 0.000049 0.000045 0.000048 0.000052 0.000050 0.000040 0.000029 0.000021 0.000018 0.000018 0.000019 0.000019 0.000022 0.000024 0.000023 0.000022 0.000023 0.000026 0.000027 0.000026 0.000021 0.000015 0.000012 0.000014 0.000016 
914.587124 915.243935 915.756952 915.321300 912.035944 912.383545 913.793043 914.670452 916.126723 917.838607 919.249150 918.728235 916.954247 915.594855 915.575127 917.610417 919.779754 916.983286 914.265870 914.102496 912.361596 910.479370 910.264600 910.943125 911.071214 909.350947 907.458426 907.747626 909.882489 912.625156 916.246947 921.563826 924.252198 924.402903 
0.000282 0.000408 0.000432 0.000350 0.000248 0.000181 0.000139 0.000123 0.000128 0.000124 0.000108 0.000101 0.000105 0.000104 0.000090 0.000079 0.000075 0.000074 0.000077 0.000080 0.000081 0.000083 0.000079 0.000064 0.000057 0.000062 0.000069 0.000068 0.000059 0.000055 0.000059 0.000066 0.000069 0.000066 
951.419435 952.465874 953.800068 955.757887 957.451359 957.729949 957.716018 957.803623 957.289147 957.268786 957.813026 957.946101 957.610906 957.383581 957.807676 958.027926 957.948389 957.967053 957.771550 957.552034 957.637273 957.436955 957.312981 957.942096 958.044432 957.548353 957.268516 957.398342 957.793385 958.031118 957.819632 957.565032 957.314984 956.686296 
0.000143 0.000224 0.000302 0.000366 0.000403 0.000399 0.000372 0.000349 0.000333 0.000323 0.000317 0.000308 0.000291 0.000268 0.000249 0.000237 0.000232 0.000234 0.000236 0.000232 0.000221 0.000210 0.000201 0.000194 0.000188 0.000182 0.000174 0.000168 0.000163 0.000158 0.000155 0.000153 0.000147 0.000127 
965.165423 963.491399 962.883174 963.061821 963.472985 963.547711 963.408370 963.377457 963.430020 963.560863 963.757791 963.897474 963.826971 963.580423 963.410890 963.395672 963.522272 963.748408 963.941247 963.926794 963.715128 963.544129 963.529478 963.638704 963.744199 963.701115 963.545531 963.476288 963.500273 963.444217 963.491989 963.740998 964.382305 965.039023 
0.000419 0.000450 0.000366 0.000248 0.000178 0.000143 0.000114 0.000090 0.000069 0.000057 0.000051 0.000045 0.000035 0.000025 0.000021 0.000019 0.000018 0.000020 0.000020 0.000018 0.000016 0.000016 0.000016 0.000016 0.000015 0.000014 0.000015 0.000017 0.000016 0.000015 0.000015 0.000014 0.000018 0.000026 
998.962112 999.118634 999.114086 999.085773 999.819713 1001.040087 1001.507337 1001.107125 1000.918330 1000.956338 1000.038759 998.122527 996.029087 994.815695 993.796458 992.821696 995.752966 999.005074 999.814712 998.806643 994.721949 991.588288 991.113104 990.566371 991.017214 993.360803 995.166372 995.335234 994.556682 992.481750 991.524974 994.811140 996.544314 993.381908 
0.000935 0.000991 0.000758 0.000429 0.000220 0.000153 0.000112 0.000084 0.000067 0.000056 0.000054 0.000053 0.000049 0.000043 0.000039 0.000037 0.000036 0.000034 0.000032 0.000030 0.000030 0.000031 0.000034 0.000037 0.000038 0.000036 0.000031 0.000028 0.000029 0.000032 0.000035 0.000035 0.000031 0.000030 
1032.322559 1031.706757 1031.082180 1029.311772 1026.218844 1024.617452 1025.874558 1028.450774 1031.247396 1033.394676 1032.821198 1033.220710 1034.509915 1032.682953 1028.738423 1028.194851 1031.412774 1034.909339 1036.870088 1037.353517 1037.266714 1036.800889 1038.020412 1040.692032 1041.760496 1041.478968 1040.360406 1037.098200 1033.321634 1032.725019 1033.642018 1034.026188 1034.844211 1038.543762 
0.000247 0.000247 0.000186 0.000120 0.000101 0.000104 0.000103 0.000100 0.000102 0.000106 0.000107 0.000105 0.000101 0.000099 0.000099 0.000099 0.000098 0.000099 0.000103 0.000107 0.000108 0.000101 0.000098 0.000102 0.000110 0.000115 0.000113 0.000105 0.000098 0.000096 0.000100 0.000103 0.000101 0.000090 
1075.971366 1075.751967 1075.781982 1077.367201 1079.483377 1079.700341 1080.141451 1080.737892 1080.711249 1080.580823 1080.555688 1080.668209 1080.943130 1080.991404 1080.863343 1080.904844 1081.032591 1081.055415 1080.960676 1080.700088 1080.580053 1081.012281 1081.268308 1081.055718 1080.669119 1080.480650 1080.515047 1080.865004 1081.187526 1081.179522 1080.930982 1080.566360 1080.124668 1079.506364 
0.000385 0.000412 0.000318 0.000180 0.000094 0.000070 0.000058 0.000049 0.000043 0.000038 0.000033 0.000028 0.000024 0.000025 0.000032 0.000037 0.000036 0.000030 0.000026 0.000027 0.000029 0.000029 0.000028 0.000025 0.000021 0.000019 0.000020 0.000022 0.000024 0.000025 0.000023 0.000019 0.000016 0.000020 
1114.106377 1114.494698 1114.751609 1114.818717 1114.971318 1115.438155 1114.784184 1113.771851 1113.032595 1112.215472 1111.776005 1111.878716 1112.151829 1114.310226 1118.223715 1120.441455 1120.660431 1119.377245 1117.384640 1114.708141 1112.464433 1110.784990 1110.093835 1110.914778 1112.186160 1115.840454 1118.151783 1116.336720 1113.061921 1111.379640 1109.711388 1110.623339 1112.742739 1109.859861 
0.000215 0.000258 0.000228 0.000155 0.000095 0.000064 0.000047 0.000040 0.000036 0.000034 0.000034 0.000031 0.000030 0.000030 0.000027 0.000022 0.000020 0.000022 0.000021 0.000019 0.000018 0.000022 0.000028 0.000032 0.000030 0.000023 0.000014 0.000012 0.000016 0.000018 0.000017 0.000016 0.000016 0.000014 
1142.691696 1142.832455 1142.697669 1142.210331 1142.066212 1142.867216 1143.341991 1144.682849 1145.718146 1145.547744 1144.543123 1143.178301 1142.562568 1143.188974 1144.338620 1144.924157 1142.090594 1139.838005 1139.837731 1141.295030 1142.636082 1142.524334 1142.835822 1143.790779 1144.387813 1144.680033 1144.717172 1144.801866 1144.300732 1142.492829 1140.674890 1140.910585 1142.320794 1142.803332 
0.000123 0.000174 0.000182 0.000156 0.000134 0.000121 0.000103 0.000078 0.000058 0.000049 0.000044 0.000036 0.000029 0.000023 0.000020 0.000018 0.000016 0.000013 0.000013 0.000014 0.000014 0.000012 0.000012 0.000017 0.000022 0.000021 0.000018 0.000017 0.000015 0.000011 0.000009 0.000009 0.000010 0.000013 
1160.131568 1160.739669 1161.722580 1163.276733 1164.107611 1164.028968 1164.053810 1164.715612 1165.099131 1164.165941 1163.866642 1164.772370 1164.943543 1163.887239 1162.466748 1161.006138 1160.081269 1160.745816 1162.209920 1162.988666 1163.143260 1162.721751 1162.575707 1162.179594 1161.470283 1161.171814 1162.086882 1162.757314 1161.317870 1158.304508 1156.696747 1156.361782 1158.157944 1161.437989 
0.000290 0.000390 0.000395 0.000334 0.000295 0.000297 0.000313 0.000301 0.000261 0.000215 0.000190 0.000174 0.000150 0.000137 0.000139 0.000151 0.000149 0.000137 0.000136 0.000141 0.000146 0.000134 0.000123 0.000126 0.000137 0.000136 0.000127 0.000121 0.000125 0.000131 0.000126 0.000119 0.000116 0.000110 
1207.219411 1204.611899 1201.518193 1197.808905 1196.037595 1196.936808 1198.348293 1199.353112 1200.224113 1200.990926 1201.217952 1200.868402 1200.390301 1200.371907 1200.593010 1200.752955 1201.261546 1202.281369 1202.380496 1201.447026 1200.278168 1200.708895 1201.863448 1202.385145 1202.871894 1203.765880 1204.036767 1203.384725 1202.133903 1201.205038 1201.872735 1203.032837 1203.129689 1202.293019 
0.000116 0.000146 0.000158 0.000152 0.000131 0.000103 0.000078 0.000059 0.000049 0.000046 0.000043 0.000038 0.000033 0.000030 0.000025 0.000022 0.000020 0.000018 0.000015 0.000015 0.000016 0.000015 0.000013 0.000010 0.000009 0.000012 0.000015 0.000016 0.000014 0.000012 0.000008 0.000008 0.000012 0.000014 
1278.596862 1278.551819 1279.123841 1280.239430 1281.441962 1282.058609 1281.634157 1281.209402 1281.623819 1281.455823 1281.076996 1280.865674 1280.035916 1279.305720 1279.445526 1279.220861 1278.237006 1278.025846 1278.948393 1279.653284 1280.015272 1280.106783 1279.671603 1280.555551 1281.978679 1280.570102 1279.849988 1280.066697 1279.774998 1278.525484 1277.421301 1279.279196 1280.703790 1280.728622 
0.000145 0.000184 0.000200 0.000195 0.000174 0.000151 0.000138 0.000129 0.000112 0.000095 0.000085 0.000077 0.000067 0.000057 0.000051 0.000048 0.000050 0.000053 0.000054 0.000051 0.000048 0.000045 0.000037 0.000026 0.000020 0.000022 0.000029 0.000032 0.000028 0.000020 0.000014 0.000014 0.000013 0.000010 
1361.435718 1361.042097 1360.238799 1359.578498 1359.713340 1360.566757 1361.094661 1361.080018 1361.231727 1361.340786 1361.189315 1361.261624 1362.002246 1362.220265 1361.855410 1361.759815 1361.789172 1361.418999 1361.235898 1361.764003 1362.203258 1362.135558 1362.036427 1362.198781 1361.933531 1361.350827 1361.858715 1361.918047 1361.885853 1362.462211 1362.517076 1359.955777 1357.906391 1356.596131 
0.000124 0.000166 0.000184 0.000195 0.000200 0.000185 0.000146 0.000116 0.000108 0.000123 0.000130 0.000121 0.000104 0.000096 0.000100 0.000105 0.000104 0.000098 0.000094 0.000096 0.000102 0.000107 0.000106 0.000102 0.000099 0.000098 0.000098 0.000095 0.000092 0.000091 0.000093 0.000094 0.000089 0.000076 
1444.805734 1445.676507 1446.632030 1446.804628 1446.331317 1445.502686 1444.303217 1443.165138 1443.132475 1444.257154 1444.657064 1444.376674 1443.785339 1443.701512 1444.294912 1444.676216 1444.619064 1444.261023 1443.930278 1444.014595 1444.319064 1444.473315 1444.415863 1444.263217 1444.186613 1444.267753 1444.396996 1444.423526 1444.294898 1444.129272 1444.088062 1444.155549 1444.227565 1444.254639 
0.000120 0.000190 0.000251 0.000282 0.000269 0.000215 0.000140 0.000097 0.000088 0.000104 0.000105 0.000080 0.000046 0.000037 0.000049 0.000062 0.000053 0.000026 0.000017 0.000020 0.000039 0.000046 0.000037 0.000019 0.000014 0.000023 0.000035 0.000032 0.000018 0.000012 0.000018 0.000025 0.000031 0.000037 
1454.223305 1453.935433 1453.852044 1453.929217 1454.093098 1454.414189 1455.417109 1456.036313 1455.882812 1454.659570 1454.387874 1455.157921 1457.392351 1457.101041 1454.864828 1453.749082 1453.716301 1455.520899 1457.028552 1456.867004 1453.854744 1453.356878 1453.385514 1455.718045 1458.799763 1454.402842 1453.376688 1453.763894 1456.633050 1459.672772 1453.907886 1451.575998 1451.644618 1452.736046 
0.000376 0.000496 0.000497 0.000392 0.000268 0.000209 0.000216 0.000246 0.000259 0.000242 0.000211 0.000185 0.000158 0.000131 0.000108 0.000089 0.000084 0.000094 0.000104 0.000109 0.000099 0.000078 0.000054 0.000039 0.000035 0.000040 0.000054 0.000066 0.000071 0.000065 0.000058 0.000051 0.000044 0.000030 
1516.088722 1515.793296 1515.637098 1515.834232 1516.221855 1515.534690 1514.556676 1514.623125 1516.115695 1518.052093 1519.987010 1520.411555 1519.367634 1516.542047 1514.534950 1514.925452 1518.500641 1520.382953 1520.470978 1520.021003 1520.361518 1521.216847 1521.973054 1519.678670 1515.095130 1515.079508 1517.808265 1519.917981 1521.099838 1521.620037 1520.326821 1518.223390 1516.658255 1516.193441 
0.000217 0.000288 0.000289 0.000242 0.000197 0.000160 0.000121 0.000087 0.000066 0.000059 0.000058 0.000053 0.000046 0.000041 0.000038 0.000036 0.000035 0.000034 0.000032 0.000029 0.000026 0.000026 0.000027 0.000028 0.000026 0.000021 0.000018 0.000020 0.000022 0.000021 0.000018 0.000015 0.000014 0.000016 
2464.918665 2463.866738 2462.511845 2460.801398 2460.023085 2460.640967 2462.110671 2464.725283 2468.319347 2468.717487 2466.872456 2463.097370 2459.799630 2460.288828 2463.875778 2465.702507 2464.147604 2463.826846 2464.649639 2466.819872 2468.668602 2469.162156 2467.611900 2463.461123 2459.663036 2457.306415 2460.571375 2467.002600 2469.699205 2470.618273 2469.512342 2467.596495 2469.006749 2472.577618 
