1 5
12 16
21 24
30 34
36 51
52 58
59 67
72 77
78 81
86 89
96 101
104 108
111 114
123 131
140 148
149 154
157 161
170 179
182 192
199 212
230 240
247 262
265 272
275 284
291 296
297 307
308 318
321 327
338 343
344 355
356 362
365 375
407 411
414 420
421 426
432 441
449 453
454 457
461 467
473 480
486 491
493 499
500 504
517 521
527 540
543 546
550 558
559 562
565 568
569 573
579 587
588 592
597 606
607 612
619 622
642 648
651 656
664 674
678 682
686 689
690 694
695 702
709 716
717 724
727 733
734 740
745 749
759 763
775 779
781 787
788 792
797 808
821 824
830 834
838 844
845 854
857 861
862 867
868 873
874 878
879 885
886 890
895 909
913 917
923 927
931 937
938 946
948 960
972 978
979 987
993 997
1000 1006
1007 1011
1015 1020
1021 1026
1036 1048
1049 1056
1060 1063
1064 1070
1073 1084
1088 1093
1096 1103
1104 1109
1110 1115
1121 1128
1135 1147
1154 1163
1166 1175
1178 1183
1192 1202
1203 1208
1209 1212
1213 1233
1234 1243
1258 1263
1267 1272
1279 1282
1298 1303
1315 1323
1387 1401
1403 1415
1425 1431
1446 1459
1496 1507
1556 1559
1569 1576
1582 1592
1593 1602
1682 1687
1688 1701
1708 1715
1803 1809
1829 1834
1844 1849
1992 1998
2041 2048
2049 2054
2069 2079
2174 2183
2309 2312
