32.000000 44.000000 0.015986
0.003015 0.004369 0.004815 0.004337 0.003560 0.003074 0.002311 0.001367 0.000902 0.000788 0.000995 0.001149 0.001140 0.000916 0.000715 0.000656 0.000655 0.000562 0.000434 0.000343 0.000364 0.000393 0.000406 0.000427 0.000433 0.000387 0.000323 0.000340 0.000432 0.000545 0.000549 0.000428 
17.216018 15.967213 15.113647 13.535426 10.711364 7.239995 6.026210 7.212339 7.365594 6.091783 3.756668 3.863119 4.801690 6.563182 8.736946 9.847904 10.724178 12.589832 13.376015 11.233586 8.794259 8.519152 10.251702 10.511293 8.356414 5.507295 3.646923 3.351894 3.981718 4.774288 5.380521 6.049212 
0.001354 0.001419 0.001062 0.000670 0.000523 0.000509 0.000430 0.000310 0.000237 0.000226 0.000197 0.000117 0.000096 0.000125 0.000138 0.000127 0.000099 0.000055 0.000040 0.000054 0.000042 0.000027 0.000029 0.000027 0.000026 0.000031 0.000026 0.000026 0.000039 0.000040 0.000032 0.000028 
35.255807 34.898042 34.078089 32.878534 33.123563 35.307697 36.303284 35.746728 35.335668 36.465176 37.517237 38.918060 39.204119 37.918614 36.901612 35.859707 35.384352 34.840696 34.031340 35.792210 35.192725 32.949068 34.202451 33.855502 32.906888 34.793118 33.715484 32.996918 35.893270 35.712222 34.936889 36.414205 
0.000795 0.000699 0.000476 0.000396 0.000446 0.000447 0.000428 0.000405 0.000433 0.000438 0.000424 0.000379 0.000339 0.000301 0.000227 0.000166 0.000132 0.000118 0.000119 0.000132 0.000172 0.000196 0.000197 0.000173 0.000134 0.000108 0.000109 0.000135 0.000172 0.000188 0.000185 0.000168 
47.427914 46.822002 45.362675 45.880365 47.500235 46.744470 47.012083 49.575210 50.844538 50.458155 48.573776 47.407805 47.678832 49.283086 51.363137 52.391187 51.145258 48.069911 47.472054 47.890099 49.938346 50.915168 51.193916 51.027407 50.100492 48.725174 48.598993 49.709636 50.950694 51.811549 52.143942 51.924208 
0.000650 0.000795 0.000618 0.000263 0.000217 0.000411 0.000850 0.000976 0.000775 0.000444 0.000241 0.000197 0.000250 0.000331 0.000374 0.000270 0.000185 0.000188 0.000228 0.000157 0.000093 0.000092 0.000133 0.000096 0.000044 0.000059 0.000098 0.000095 0.000055 0.000050 0.000069 0.000080 
77.663234 77.496197 78.247983 77.316597 74.240718 72.157783 76.681478 77.678778 78.215352 78.601994 76.973995 73.988562 71.988895 73.927105 76.319141 77.250024 76.985404 77.359524 77.374144 75.832175 72.400543 72.378733 76.535720 76.663716 73.889256 77.364824 78.028403 77.512054 74.490896 71.770486 72.879511 73.262280 
0.006470 0.007804 0.006978 0.004665 0.002441 0.002866 0.005020 0.005958 0.005004 0.002950 0.001391 0.001459 0.002374 0.002326 0.001337 0.000958 0.001194 0.001491 0.001237 0.000772 0.000803 0.000848 0.000988 0.000895 0.000721 0.000684 0.000680 0.000668 0.000682 0.000672 0.000628 0.000507 
100.828597 101.509989 102.317419 101.929572 94.880523 93.806048 100.011370 101.951716 102.618353 101.475305 92.253838 96.868019 102.505988 102.706921 99.694457 91.264822 95.644759 100.134673 100.089291 94.650548 93.485319 94.595998 99.291184 100.413905 99.059346 96.982045 97.016136 99.416682 100.793153 100.703374 99.602826 98.831801 
0.013078 0.018865 0.021507 0.019998 0.016589 0.015494 0.017077 0.019761 0.020107 0.017996 0.014771 0.011691 0.009628 0.008473 0.007952 0.007809 0.007260 0.005994 0.004219 0.002585 0.001819 0.001658 0.001635 0.001315 0.000807 0.000467 0.000354 0.000383 0.000470 0.000452 0.000326 0.000248 
115.062530 114.835632 114.543303 113.855855 112.598246 112.043263 112.450633 113.281560 113.484114 113.342868 112.961491 112.191953 111.554605 111.599799 112.426600 113.699267 114.453092 114.636882 114.353049 113.588883 113.224116 113.328126 114.182632 114.928161 116.417056 117.785606 118.201415 116.073352 114.440231 114.430297 116.750264 119.162219 
0.007474 0.009278 0.009912 0.009752 0.009689 0.009949 0.009251 0.007787 0.005986 0.004218 0.003227 0.002899 0.003056 0.003111 0.002951 0.002716 0.002515 0.002197 0.001828 0.001471 0.001100 0.000843 0.000819 0.000878 0.000918 0.000887 0.000799 0.000676 0.000546 0.000440 0.000360 0.000278 
146.824259 145.758598 143.839408 143.379617 143.722555 144.421541 145.096162 145.244146 144.292628 141.915056 141.094801 141.952654 143.801132 144.505507 144.336714 143.652419 142.888119 143.341950 144.250093 144.418411 143.550691 141.795494 140.909441 142.079950 144.148405 145.073772 145.088660 144.241450 142.759256 141.716247 140.815754 140.276518 
0.010197 0.009866 0.006637 0.004123 0.002742 0.002494 0.002325 0.002581 0.002257 0.001550 0.001151 0.000995 0.000818 0.000628 0.000470 0.000320 0.000262 0.000243 0.000292 0.000317 0.000365 0.000351 0.000287 0.000249 0.000223 0.000202 0.000186 0.000164 0.000118 0.000079 0.000061 0.000057 
159.478309 159.804106 161.156855 161.040964 159.146588 155.559752 154.830158 155.565944 155.498812 154.656058 154.385903 154.854418 154.581293 154.083194 155.145306 159.814163 161.663187 159.764386 155.015569 154.511673 155.665461 156.108702 155.091124 154.185411 154.025131 153.974096 154.054198 155.176694 157.808318 159.701611 159.462659 156.864141 
0.019091 0.018259 0.012467 0.008247 0.007538 0.007101 0.005757 0.004883 0.004989 0.005181 0.004906 0.004036 0.002913 0.002215 0.001878 0.001469 0.001242 0.001137 0.001164 0.001102 0.001077 0.000951 0.000703 0.000521 0.000431 0.000348 0.000311 0.000295 0.000250 0.000204 0.000214 0.000213 
177.611673 177.045901 176.388974 177.694720 179.039982 178.825744 177.929274 178.882512 180.069339 180.570501 180.515422 180.241055 179.639646 179.578172 180.020746 178.339853 177.948628 179.596633 180.756403 180.208705 179.818139 180.136208 180.007402 179.475395 179.604643 178.455689 178.196470 179.538363 180.601097 180.625315 181.879231 182.927440 
0.057294 0.065854 0.056554 0.039330 0.025962 0.021906 0.019680 0.016108 0.013486 0.012069 0.011689 0.011331 0.009939 0.007720 0.006159 0.005467 0.005505 0.004962 0.003664 0.002792 0.002538 0.002732 0.002496 0.002030 0.001534 0.001315 0.001345 0.001458 0.001396 0.001193 0.000924 0.000725 
206.001655 207.157950 208.398912 208.642795 206.649734 205.380487 207.223580 209.256113 209.580349 208.103898 205.560302 204.747533 206.409164 208.003648 206.926579 204.408605 203.117857 202.947979 202.729660 202.404007 201.664428 201.209095 201.745095 202.170911 201.634056 200.799403 200.667608 200.773539 201.102001 200.843199 199.107093 197.407878 
0.069525 0.092477 0.094662 0.077077 0.055141 0.040336 0.030809 0.023031 0.016106 0.010513 0.008793 0.009210 0.010471 0.010088 0.007250 0.004019 0.002195 0.001930 0.002140 0.002189 0.001754 0.001122 0.000849 0.000959 0.001044 0.000801 0.000368 0.000254 0.000340 0.000543 0.000552 0.000403 
220.512208 220.584627 220.955195 221.955020 223.251162 223.239724 221.513656 218.813315 217.911912 219.260906 222.051376 222.796283 221.513654 220.900512 221.587813 223.236689 221.905227 218.722129 217.571096 219.183510 220.859850 222.355226 221.919312 220.566077 219.937730 219.828278 219.242875 220.331455 222.025222 222.123106 222.068786 221.770919 
0.034354 0.037302 0.031129 0.025269 0.022335 0.017963 0.010847 0.006718 0.004857 0.005004 0.004367 0.003754 0.003124 0.002406 0.001359 0.001180 0.001222 0.001356 0.001054 0.000618 0.000277 0.000190 0.000186 0.000310 0.000420 0.000454 0.000362 0.000286 0.000304 0.000376 0.000396 0.000348 
241.715384 242.464098 243.656295 243.293820 241.634098 241.249830 243.327428 244.010099 242.496485 240.682278 241.740343 243.424197 242.777687 241.107204 243.021724 244.333359 243.613825 240.516658 239.236446 239.402006 244.587575 244.903593 239.172606 238.235461 239.151324 239.469283 238.489199 237.639561 237.800276 238.359301 238.660697 239.081200 
0.019616 0.021842 0.018177 0.010219 0.005393 0.003508 0.004970 0.004390 0.003232 0.002842 0.002802 0.002786 0.002128 0.001332 0.001014 0.000974 0.000994 0.000779 0.000532 0.000427 0.000402 0.000380 0.000330 0.000300 0.000274 0.000217 0.000141 0.000080 0.000065 0.000075 0.000088 0.000125 
253.929963 253.700578 254.260915 257.008865 259.080424 257.332531 253.225379 253.457723 256.084657 256.481315 255.351843 254.153546 254.673636 256.952035 257.252120 255.649750 254.233589 254.811272 256.564886 256.848701 255.926861 255.104903 255.282587 255.420326 254.821818 254.037471 254.035031 256.818729 260.241968 258.354305 259.890350 261.960546 
0.027234 0.037025 0.040721 0.041928 0.043096 0.046708 0.046826 0.041949 0.033724 0.026843 0.023927 0.024170 0.024418 0.021918 0.017441 0.013689 0.012177 0.012235 0.012322 0.010872 0.008338 0.006247 0.005532 0.005716 0.005947 0.005366 0.004148 0.003036 0.002659 0.002807 0.003020 0.002776 
289.655381 289.551791 288.617454 288.673824 289.551417 290.976686 291.722475 291.893071 291.417540 290.642876 290.629114 291.546956 292.337325 292.362107 291.629059 290.670203 290.717573 291.708473 292.700791 292.914005 292.324143 291.348018 291.577934 292.609066 293.489990 293.721953 293.276283 292.262203 292.322133 293.277516 293.972348 294.252553 
0.000868 0.001350 0.001663 0.001679 0.001448 0.001118 0.000850 0.000763 0.000774 0.000786 0.000728 0.000725 0.000762 0.000723 0.000656 0.000653 0.000674 0.000632 0.000587 0.000609 0.000622 0.000565 0.000548 0.000577 0.000574 0.000525 0.000518 0.000557 0.000543 0.000502 0.000495 0.000461 
335.373878 334.980319 334.894215 335.073220 335.424438 336.013230 337.324932 337.891424 337.303969 336.776126 337.075125 336.942763 336.403075 336.503639 337.221020 337.012972 336.423910 336.793104 337.108902 336.662484 336.428978 337.114523 337.358452 336.720934 336.585177 337.268788 337.073046 336.393020 336.804796 337.494986 337.040923 335.559412 
0.001036 0.001293 0.001271 0.001026 0.000826 0.000769 0.000818 0.000778 0.000630 0.000430 0.000326 0.000325 0.000420 0.000505 0.000534 0.000494 0.000438 0.000448 0.000513 0.000583 0.000556 0.000441 0.000342 0.000311 0.000349 0.000393 0.000396 0.000357 0.000303 0.000320 0.000379 0.000442 
373.141732 373.140377 373.092373 372.944395 372.008027 370.830502 369.194635 368.324243 367.933991 367.453074 365.958093 365.068861 365.002119 365.604002 366.653073 368.246516 370.284829 370.642224 369.475874 368.404044 368.209743 368.708307 369.017501 367.891406 365.774471 364.804833 364.739671 365.576422 367.800794 369.301869 369.711072 369.584348 
0.000236 0.000276 0.000301 0.000260 0.000176 0.000133 0.000128 0.000114 0.000095 0.000085 0.000086 0.000085 0.000078 0.000064 0.000049 0.000040 0.000038 0.000036 0.000034 0.000031 0.000026 0.000023 0.000020 0.000017 0.000016 0.000016 0.000017 0.000015 0.000011 0.000014 0.000025 0.000045 
401.756862 401.695883 400.669950 399.678705 398.550158 398.230974 399.058522 399.452282 399.640017 399.770088 399.842824 399.849825 399.936585 400.185142 400.494286 400.455931 399.746271 399.011258 398.953705 399.423982 399.988984 400.192466 399.741515 398.672632 397.469472 397.415383 398.461493 398.614448 397.869640 398.322851 398.125026 398.620015 
0.000574 0.000616 0.000498 0.000320 0.000199 0.000156 0.000136 0.000116 0.000099 0.000087 0.000078 0.000069 0.000062 0.000055 0.000044 0.000037 0.000036 0.000039 0.000041 0.000039 0.000034 0.000027 0.000022 0.000023 0.000023 0.000023 0.000027 0.000031 0.000033 0.000036 0.000048 0.000064 
421.175497 420.485580 419.606039 419.339420 422.057217 424.134899 422.829849 421.831469 421.709709 421.720077 421.870917 422.206014 422.390925 422.216611 421.668730 421.224075 421.695716 422.517909 422.954310 422.895658 422.552355 422.050372 421.285355 421.044809 421.427374 422.585856 424.307982 425.428268 425.764149 423.472900 420.367846 419.939621 
0.000139 0.000171 0.000165 0.000141 0.000126 0.000115 0.000103 0.000092 0.000079 0.000068 0.000060 0.000055 0.000049 0.000043 0.000036 0.000028 0.000023 0.000025 0.000025 0.000024 0.000024 0.000022 0.000019 0.000014 0.000011 0.000010 0.000010 0.000011 0.000016 0.000021 0.000026 0.000039 
459.330115 460.159167 461.035181 461.313751 460.609828 460.095506 459.990569 459.972421 460.300503 460.865961 460.841783 460.273130 459.730857 459.542048 459.604121 459.351967 459.036836 459.636361 460.124062 460.357469 459.941254 459.678967 460.439693 460.824973 459.262837 458.554655 460.582072 461.525088 460.103313 458.954666 458.499901 459.760315 
0.000366 0.000460 0.000458 0.000383 0.000298 0.000246 0.000224 0.000211 0.000203 0.000201 0.000196 0.000185 0.000176 0.000174 0.000177 0.000179 0.000182 0.000189 0.000197 0.000196 0.000187 0.000183 0.000187 0.000194 0.000194 0.000186 0.000178 0.000176 0.000180 0.000183 0.000179 0.000161 
482.953981 481.998475 480.644981 479.558318 479.762617 480.359292 480.054232 480.077872 480.476103 480.723476 480.842070 480.933693 480.820125 480.516226 480.432270 480.638461 480.920644 481.119158 481.112999 480.794821 480.404312 480.295756 480.438776 480.717615 480.839107 480.721924 480.667108 480.819688 480.991772 480.842005 480.327935 479.592237 
0.000583 0.000654 0.000538 0.000345 0.000227 0.000189 0.000174 0.000162 0.000142 0.000116 0.000100 0.000105 0.000113 0.000105 0.000088 0.000077 0.000073 0.000073 0.000079 0.000083 0.000078 0.000070 0.000067 0.000064 0.000064 0.000067 0.000068 0.000067 0.000063 0.000059 0.000059 0.000057 
512.753674 513.632209 514.758806 515.701947 515.692433 516.923924 517.369680 515.885485 515.855933 516.186338 515.608046 515.229501 515.044499 515.096539 515.764833 518.467573 521.137120 519.348738 515.461606 513.790778 514.683149 516.480196 517.600887 517.533611 516.094817 515.849840 516.546289 516.917639 517.109587 517.650885 515.694831 512.613036 
0.000206 0.000251 0.000242 0.000201 0.000167 0.000150 0.000134 0.000111 0.000089 0.000074 0.000063 0.000053 0.000047 0.000048 0.000048 0.000042 0.000031 0.000022 0.000021 0.000023 0.000024 0.000021 0.000016 0.000015 0.000018 0.000020 0.000022 0.000025 0.000028 0.000028 0.000025 0.000017 
546.328656 545.861137 545.714014 546.629143 548.442039 548.701325 547.909873 547.551044 547.176909 547.071144 548.033851 548.849248 548.894330 548.986234 548.885122 548.385802 547.702019 547.142048 546.875854 546.946761 547.595857 547.803684 547.230899 547.552245 547.886675 546.087409 544.813123 546.505941 548.370410 548.934565 549.154472 549.874605 
0.000221 0.000261 0.000257 0.000231 0.000224 0.000235 0.000237 0.000234 0.000235 0.000233 0.000230 0.000230 0.000233 0.000233 0.000230 0.000231 0.000238 0.000245 0.000242 0.000229 0.000216 0.000208 0.000208 0.000212 0.000216 0.000218 0.000218 0.000219 0.000221 0.000222 0.000214 0.000192 
608.357330 608.442158 607.017990 604.361281 602.613797 601.930690 601.091478 600.735683 601.236298 601.646485 601.319393 600.598444 600.115218 600.353676 600.976901 601.390452 601.474606 601.136884 600.840875 600.869333 600.911092 601.007202 601.208529 601.263214 601.037304 600.758159 600.686103 600.752492 600.800037 600.873565 601.126103 601.682212 
0.000418 0.000455 0.000386 0.000302 0.000262 0.000251 0.000238 0.000236 0.000240 0.000222 0.000196 0.000188 0.000197 0.000196 0.000188 0.000181 0.000180 0.000180 0.000158 0.000135 0.000135 0.000149 0.000156 0.000149 0.000133 0.000123 0.000122 0.000110 0.000096 0.000097 0.000103 0.000103 
659.782425 660.116502 660.541496 662.027627 664.389208 665.507014 666.016915 667.047394 668.328254 668.178286 667.353900 667.533197 668.112237 667.821952 667.725639 667.575326 667.579982 668.653014 669.225058 669.237641 669.583505 669.877509 669.850606 669.503572 668.875833 669.535916 671.256527 670.705939 667.870166 666.494772 665.869375 664.836748 
0.000102 0.000140 0.000182 0.000192 0.000156 0.000141 0.000156 0.000176 0.000168 0.000181 0.000220 0.000253 0.000250 0.000235 0.000239 0.000250 0.000246 0.000230 0.000227 0.000231 0.000220 0.000194 0.000174 0.000169 0.000162 0.000146 0.000134 0.000129 0.000129 0.000130 0.000129 0.000118 
716.576161 717.855420 720.366277 721.241462 719.302652 717.791339 719.831546 722.033223 721.220060 720.586795 720.961987 721.582553 721.323988 720.950202 721.461555 721.927879 721.563852 720.996892 721.240238 721.799825 721.753153 721.135612 720.827831 721.256205 721.346657 720.671639 720.094458 720.136575 720.383070 720.482926 720.765797 721.102478 
0.000235 0.000314 0.000368 0.000378 0.000341 0.000306 0.000296 0.000275 0.000230 0.000210 0.000215 0.000211 0.000160 0.000135 0.000143 0.000175 0.000154 0.000124 0.000119 0.000139 0.000127 0.000085 0.000075 0.000084 0.000086 0.000060 0.000046 0.000046 0.000039 0.000031 0.000041 0.000061 
740.990064 739.440597 737.809011 736.689469 735.950541 735.578933 735.655282 736.241157 737.446364 737.402894 736.083307 735.013902 736.428847 737.597548 737.214725 735.263039 736.226946 737.957358 737.247321 734.424354 734.069330 736.608676 737.681014 736.723848 735.608593 737.990617 739.953015 738.740358 737.975867 739.002071 735.994360 734.323174 
0.000581 0.000716 0.000824 0.000886 0.000785 0.000615 0.000559 0.000578 0.000499 0.000427 0.000419 0.000417 0.000351 0.000325 0.000334 0.000305 0.000249 0.000229 0.000235 0.000210 0.000200 0.000203 0.000198 0.000167 0.000152 0.000149 0.000135 0.000115 0.000108 0.000109 0.000102 0.000088 
791.457768 794.846342 800.742636 804.694378 804.764009 802.784914 803.304321 805.088655 803.968092 803.065399 804.496064 805.355352 803.260675 802.986853 804.802560 804.882964 803.475752 803.900020 805.395727 804.171322 803.606341 804.395709 804.843455 802.990968 802.380755 803.636294 803.871254 802.971640 803.101560 804.025187 802.116075 797.383632 
0.000292 0.000306 0.000223 0.000181 0.000194 0.000190 0.000155 0.000153 0.000164 0.000158 0.000168 0.000172 0.000160 0.000164 0.000175 0.000162 0.000162 0.000170 0.000164 0.000161 0.000165 0.000160 0.000155 0.000156 0.000155 0.000161 0.000169 0.000172 0.000172 0.000174 0.000169 0.000146 
838.508012 838.689651 840.901647 841.526262 839.981887 840.026733 842.054609 841.607295 841.061760 841.966666 841.153251 840.720042 841.462404 840.931288 840.240513 841.629708 841.760951 841.049036 841.639715 841.589394 840.698620 840.856552 841.091854 841.052411 841.740493 842.172023 841.806958 841.180120 840.830707 840.556078 840.765647 841.725643 
0.000083 0.000110 0.000120 0.000118 0.000114 0.000115 0.000116 0.000112 0.000101 0.000088 0.000077 0.000072 0.000073 0.000071 0.000065 0.000054 0.000045 0.000042 0.000046 0.000046 0.000041 0.000038 0.000041 0.000044 0.000044 0.000039 0.000034 0.000032 0.000028 0.000023 0.000023 0.000028 
916.818744 916.825606 916.700214 916.138897 915.253428 914.984079 915.254887 915.176368 914.559298 913.896765 913.835437 914.261016 914.640307 914.583331 914.709911 915.415161 916.000088 915.799766 915.609336 915.887557 916.153100 915.495325 914.375304 914.531602 915.532447 916.130426 915.584289 914.899961 915.111061 916.132021 916.708100 916.713106 
0.000103 0.000126 0.000141 0.000152 0.000153 0.000140 0.000125 0.000122 0.000121 0.000115 0.000113 0.000120 0.000130 0.000136 0.000135 0.000131 0.000128 0.000129 0.000130 0.000129 0.000129 0.000129 0.000129 0.000131 0.000138 0.000148 0.000155 0.000153 0.000150 0.000150 0.000150 0.000139 
956.175368 955.076815 954.912327 955.908710 957.120167 957.984565 958.478522 958.990466 959.668488 960.331433 960.849493 960.779864 960.582818 960.205107 959.871723 960.067995 960.776011 961.649152 961.946546 961.561865 960.932085 960.911871 961.480414 961.552301 961.306243 961.086849 961.235428 961.519050 961.496752 961.297447 960.903634 960.338756 
0.000189 0.000201 0.000181 0.000159 0.000142 0.000123 0.000112 0.000108 0.000100 0.000091 0.000087 0.000084 0.000084 0.000083 0.000079 0.000073 0.000066 0.000062 0.000061 0.000064 0.000067 0.000068 0.000067 0.000062 0.000058 0.000057 0.000053 0.000043 0.000034 0.000027 0.000024 0.000027 
1005.581242 1005.326761 1006.405339 1008.716206 1009.868649 1009.233357 1007.824642 1007.835895 1010.239221 1013.885650 1015.273143 1014.227156 1012.901302 1013.516640 1015.284042 1016.497441 1016.714289 1016.264509 1015.705167 1015.577962 1015.874024 1015.815767 1014.791300 1013.583000 1012.828906 1012.566955 1012.741780 1012.980289 1012.714455 1012.345676 1010.831522 1007.241661 
0.000322 0.000396 0.000379 0.000275 0.000187 0.000183 0.000257 0.000285 0.000248 0.000188 0.000168 0.000172 0.000202 0.000191 0.000139 0.000105 0.000115 0.000136 0.000143 0.000124 0.000101 0.000082 0.000086 0.000101 0.000100 0.000088 0.000098 0.000102 0.000097 0.000076 0.000050 0.000028 
1038.202008 1038.899343 1038.699542 1036.785075 1034.410476 1035.070754 1038.394722 1039.475585 1038.495395 1034.331561 1033.759519 1037.285799 1039.382072 1039.063794 1037.733553 1034.457434 1033.585370 1037.152030 1038.266531 1036.326993 1032.460479 1032.305540 1036.048666 1038.429922 1038.298123 1035.308462 1032.780398 1032.659230 1035.906672 1038.980890 1040.175802 1038.732118 
0.000326 0.000413 0.000473 0.000514 0.000534 0.000548 0.000560 0.000548 0.000507 0.000435 0.000336 0.000252 0.000223 0.000232 0.000297 0.000351 0.000373 0.000348 0.000277 0.000176 0.000120 0.000118 0.000164 0.000210 0.000228 0.000216 0.000179 0.000124 0.000082 0.000073 0.000088 0.000110 
1068.093257 1070.248445 1071.546349 1072.037798 1072.545600 1073.014066 1073.214895 1073.584117 1073.704949 1073.414007 1072.642312 1070.996656 1071.105071 1071.840709 1073.405716 1074.026274 1074.101963 1074.046044 1073.572482 1071.594056 1070.119210 1070.659599 1073.172483 1074.228784 1074.400084 1074.446043 1074.207123 1073.245443 1071.195668 1070.709106 1071.616155 1071.837010 
0.000112 0.000131 0.000128 0.000125 0.000123 0.000139 0.000200 0.000285 0.000301 0.000265 0.000209 0.000153 0.000122 0.000134 0.000195 0.000267 0.000308 0.000311 0.000282 0.000240 0.000197 0.000177 0.000183 0.000199 0.000208 0.000203 0.000184 0.000155 0.000125 0.000110 0.000113 0.000115 
1082.247651 1082.384607 1082.653810 1082.746818 1082.949733 1082.764275 1082.261816 1081.894589 1081.124576 1080.863958 1081.733424 1084.262203 1083.852837 1082.344740 1081.354795 1081.436225 1081.235075 1081.268625 1081.713461 1082.882705 1083.701540 1082.775788 1081.468416 1080.982894 1080.948569 1081.077621 1081.511419 1082.620210 1084.219339 1084.462812 1083.496948 1083.153685 
0.000257 0.000299 0.000263 0.000186 0.000135 0.000121 0.000105 0.000091 0.000081 0.000073 0.000070 0.000072 0.000066 0.000052 0.000041 0.000044 0.000049 0.000050 0.000047 0.000044 0.000044 0.000039 0.000034 0.000032 0.000032 0.000030 0.000032 0.000035 0.000037 0.000035 0.000032 0.000037 
1121.047736 1120.984985 1120.335412 1117.027463 1110.151571 1110.038454 1114.802617 1118.714163 1117.452646 1116.640701 1118.449037 1122.600209 1125.504413 1126.929294 1123.094333 1120.374896 1120.110866 1121.695916 1121.787738 1120.714905 1122.178412 1125.070491 1126.381105 1119.377051 1114.947743 1116.655205 1127.834720 1127.030441 1117.234279 1114.556463 1114.862950 1121.082485 
0.000036 0.000067 0.000109 0.000133 0.000134 0.000126 0.000120 0.000111 0.000097 0.000087 0.000087 0.000094 0.000098 0.000096 0.000090 0.000087 0.000087 0.000088 0.000084 0.000078 0.000074 0.000073 0.000074 0.000073 0.000073 0.000077 0.000083 0.000087 0.000085 0.000081 0.000077 0.000069 
1155.474822 1154.405638 1153.923348 1154.052654 1154.442780 1154.689291 1154.616109 1154.651675 1155.066850 1155.292984 1154.908722 1154.125713 1153.871032 1154.144573 1154.610003 1154.778310 1154.591569 1154.456976 1154.572889 1154.869672 1155.026431 1154.790314 1154.454012 1154.294554 1154.269840 1154.245125 1154.244800 1154.387928 1154.663110 1154.829552 1154.664006 1154.315336 
0.000154 0.000182 0.000168 0.000138 0.000121 0.000119 0.000117 0.000118 0.000117 0.000109 0.000101 0.000095 0.000090 0.000088 0.000086 0.000082 0.000082 0.000083 0.000081 0.000078 0.000071 0.000063 0.000063 0.000070 0.000073 0.000073 0.000068 0.000062 0.000057 0.000053 0.000049 0.000048 
1175.486249 1175.234988 1175.493175 1176.296165 1176.800860 1176.685942 1176.877013 1176.450903 1176.152087 1176.578359 1176.572354 1176.135255 1176.068970 1175.904524 1176.024293 1176.307683 1175.698255 1175.497259 1176.252140 1176.375298 1175.827196 1175.379674 1175.252472 1175.310095 1175.630885 1175.790109 1176.398444 1176.729113 1175.952377 1175.124242 1175.715609 1175.970237 
0.000106 0.000126 0.000121 0.000102 0.000090 0.000093 0.000103 0.000108 0.000102 0.000089 0.000077 0.000070 0.000072 0.000079 0.000088 0.000097 0.000104 0.000107 0.000108 0.000112 0.000118 0.000119 0.000113 0.000104 0.000097 0.000096 0.000101 0.000109 0.000115 0.000116 0.000112 0.000102 
1201.507140 1201.944237 1202.333499 1202.276195 1201.486571 1200.741146 1200.551838 1201.077630 1201.889839 1202.553460 1202.168554 1201.096968 1201.001744 1201.663367 1202.082211 1202.016507 1201.835582 1201.811218 1202.068302 1202.321599 1202.218343 1201.960817 1201.809872 1201.781552 1201.790696 1201.848634 1201.910546 1201.890411 1201.885420 1201.973645 1202.116481 1202.199552 
0.000098 0.000118 0.000122 0.000117 0.000110 0.000101 0.000101 0.000108 0.000111 0.000112 0.000115 0.000116 0.000111 0.000103 0.000099 0.000104 0.000111 0.000111 0.000102 0.000096 0.000096 0.000102 0.000106 0.000107 0.000105 0.000101 0.000095 0.000091 0.000091 0.000094 0.000096 0.000091 
1317.523765 1317.312988 1317.733176 1318.877498 1320.264425 1321.366522 1321.461966 1321.107798 1321.509134 1322.090359 1322.027972 1321.726964 1321.717546 1322.045807 1322.352924 1322.261996 1321.701544 1321.412612 1321.685059 1321.935230 1321.957397 1321.641439 1321.335391 1321.375313 1321.648648 1321.859734 1322.006176 1322.205185 1322.358610 1322.418606 1322.078525 1321.306577 
0.000041 0.000054 0.000061 0.000063 0.000064 0.000068 0.000073 0.000074 0.000072 0.000071 0.000074 0.000077 0.000078 0.000076 0.000072 0.000068 0.000067 0.000069 0.000073 0.000077 0.000081 0.000083 0.000082 0.000079 0.000077 0.000080 0.000084 0.000085 0.000082 0.000076 0.000065 0.000051 
1440.923484 1441.060716 1441.186095 1441.341895 1441.585909 1441.753200 1441.801771 1441.933814 1442.111611 1442.066262 1441.894731 1441.856199 1441.946152 1442.096839 1442.190261 1442.090658 1441.930469 1441.935450 1442.022209 1442.006610 1441.924446 1441.931113 1442.093355 1442.332111 1442.426656 1442.233142 1441.930221 1441.691929 1441.557342 1441.512374 1441.512135 1441.532819 
0.000053 0.000085 0.000109 0.000116 0.000110 0.000100 0.000090 0.000084 0.000083 0.000083 0.000083 0.000084 0.000087 0.000087 0.000082 0.000076 0.000076 0.000080 0.000082 0.000078 0.000075 0.000076 0.000080 0.000085 0.000084 0.000078 0.000072 0.000068 0.000068 0.000070 0.000070 0.000065 
1565.346364 1565.225744 1565.390761 1565.662670 1565.420937 1564.123558 1562.583093 1562.208427 1562.824062 1563.287057 1562.944986 1562.360511 1562.216949 1562.439243 1562.353857 1562.197558 1562.460720 1563.102588 1563.213736 1562.875846 1562.519659 1562.445522 1562.646016 1563.051571 1563.246682 1563.027686 1562.553833 1562.293775 1562.226825 1562.291997 1562.532632 1563.008049 
0.000054 0.000074 0.000088 0.000100 0.000113 0.000120 0.000114 0.000096 0.000079 0.000079 0.000094 0.000103 0.000098 0.000082 0.000065 0.000060 0.000063 0.000074 0.000079 0.000077 0.000069 0.000058 0.000056 0.000062 0.000075 0.000083 0.000080 0.000069 0.000054 0.000047 0.000047 0.000048 
1799.449269 1799.723302 1799.576810 1799.189531 1799.189017 1799.625988 1800.289549 1801.233713 1802.023924 1801.855273 1800.968500 1800.491466 1800.435336 1801.040723 1802.617495 1803.232280 1802.946002 1801.586464 1801.154602 1801.299502 1801.870283 1803.008271 1803.105143 1802.363958 1801.128482 1800.773539 1800.985445 1801.727099 1802.856155 1803.056746 1801.793251 1800.473157 
0.000085 0.000116 0.000129 0.000127 0.000122 0.000117 0.000113 0.000112 0.000112 0.000109 0.000103 0.000098 0.000094 0.000090 0.000082 0.000073 0.000070 0.000073 0.000075 0.000071 0.000064 0.000057 0.000052 0.000047 0.000041 0.000037 0.000038 0.000045 0.000054 0.000061 0.000063 0.000059 
2044.605835 2044.757589 2044.898644 2044.978434 2044.842803 2044.445657 2043.952094 2043.623795 2043.506061 2043.285768 2042.798787 2042.520493 2042.503357 2042.667548 2042.480939 2042.293050 2042.958885 2043.846070 2044.053444 2043.681430 2043.053529 2042.798743 2043.240281 2043.552911 2043.069444 2042.799222 2043.317148 2043.590125 2043.500683 2043.654888 2044.010680 2044.295402 
0.000076 0.000100 0.000106 0.000097 0.000086 0.000082 0.000082 0.000079 0.000072 0.000069 0.000073 0.000076 0.000072 0.000065 0.000057 0.000052 0.000050 0.000049 0.000050 0.000053 0.000055 0.000056 0.000056 0.000057 0.000057 0.000053 0.000048 0.000047 0.000049 0.000051 0.000049 0.000043 
2284.827233 2284.679985 2284.560958 2284.519157 2284.505504 2284.385872 2284.157947 2283.790722 2283.385392 2283.496102 2284.044200 2284.298668 2284.171113 2283.811452 2283.493177 2283.415997 2283.404290 2283.351955 2283.529748 2283.852539 2283.989900 2284.045255 2284.266251 2284.517684 2284.439941 2283.909467 2283.302900 2283.679311 2284.680535 2285.080771 2284.841791 2284.479279 
