32.000000 57.000000 0.015986
0.006184 0.008521 0.009136 0.007676 0.005628 0.004230 0.003308 0.002129 0.001141 0.000701 0.000657 0.000842 0.000993 0.000929 0.000804 0.000824 0.000897 0.000937 0.000911 0.000765 0.000541 0.000410 0.000442 0.000610 0.000761 0.000753 0.000596 0.000385 0.000252 0.000182 0.000207 0.000237 
19.631786 18.223882 16.310935 14.633544 12.201964 9.655612 6.600398 4.542873 4.260403 6.693234 7.822409 6.899693 5.961241 7.269922 10.276337 11.961213 13.152046 12.756198 9.736340 7.106995 6.841551 7.449448 7.733266 6.814314 5.563732 4.604436 3.943528 3.245482 3.986255 7.615185 11.940595 13.865572 
0.002073 0.002019 0.001362 0.000919 0.000802 0.000832 0.000657 0.000410 0.000325 0.000303 0.000310 0.000309 0.000312 0.000257 0.000143 0.000076 0.000092 0.000197 0.000268 0.000272 0.000223 0.000138 0.000067 0.000056 0.000068 0.000106 0.000146 0.000192 0.000226 0.000227 0.000191 0.000144 
47.656493 47.314628 45.843311 45.487730 46.485965 48.127317 48.572500 49.749063 50.261459 48.917677 47.007792 47.066619 48.613696 49.940789 50.735938 47.707100 46.803328 49.554100 50.742825 51.354858 51.464784 50.579205 46.334069 46.435715 50.937427 53.019188 53.081285 52.611800 52.168632 51.948960 52.229344 52.487275 
0.001761 0.002006 0.001708 0.001280 0.001038 0.000872 0.000625 0.000406 0.000299 0.000256 0.000201 0.000204 0.000321 0.000434 0.000438 0.000356 0.000280 0.000280 0.000321 0.000342 0.000296 0.000257 0.000251 0.000265 0.000256 0.000250 0.000272 0.000310 0.000325 0.000297 0.000244 0.000185 
62.306436 62.512566 62.250842 61.638415 61.611211 63.161481 65.871224 66.152397 62.964769 62.037027 62.784685 61.870167 62.463288 62.918939 62.953346 62.192944 60.301227 59.437034 59.891485 60.171949 59.071967 59.040125 60.501225 61.581365 60.564737 59.018526 58.712374 59.211587 59.436757 59.063315 58.752149 58.877058 
0.007545 0.009280 0.008228 0.005094 0.002772 0.003390 0.005827 0.006523 0.004992 0.002309 0.002088 0.001885 0.002636 0.002027 0.001142 0.001333 0.001708 0.001557 0.000982 0.000896 0.001208 0.001508 0.001243 0.000874 0.000818 0.001052 0.001133 0.000926 0.000748 0.000754 0.000843 0.000772 
100.406433 100.788908 101.327461 100.397682 92.536773 92.489451 99.024372 100.866009 100.924059 93.503851 92.547144 93.805790 101.221187 100.887057 92.936823 91.832108 95.845254 96.501086 90.751229 90.895343 95.544495 98.274360 97.977860 97.015142 97.670088 99.249814 99.569589 99.433725 99.175904 99.134192 99.131550 98.962615 
0.015933 0.023083 0.026262 0.024111 0.018847 0.016484 0.017394 0.020191 0.020767 0.018603 0.015332 0.012141 0.009322 0.007526 0.006676 0.006931 0.007448 0.007189 0.006095 0.004688 0.003428 0.002636 0.002081 0.001951 0.001956 0.001928 0.001658 0.001165 0.000794 0.000558 0.000534 0.000488 
115.548035 115.392265 115.240283 114.813827 113.681493 112.925990 113.022380 113.890400 114.309601 114.383247 114.223827 113.594098 112.472493 112.050996 112.544473 113.937447 115.149249 115.802719 116.003719 115.478902 113.878567 112.878582 113.625988 115.251565 115.519751 114.640111 114.496225 115.922074 116.279302 114.796959 111.784628 111.597046 
0.009945 0.012572 0.013726 0.013618 0.013461 0.013755 0.012792 0.010740 0.008235 0.005872 0.004527 0.004099 0.004332 0.004391 0.004131 0.003750 0.003417 0.002964 0.002435 0.001937 0.001437 0.001115 0.001101 0.001223 0.001275 0.001203 0.001047 0.000851 0.000664 0.000531 0.000438 0.000348 
147.032105 146.003260 143.986983 143.304884 143.593599 144.291324 144.970013 145.184123 144.286450 141.806764 140.921639 141.920527 143.777578 144.479061 144.344222 143.682616 142.865962 143.129405 144.024819 144.203938 143.289890 141.708814 141.003206 142.128397 143.963858 144.934643 145.093473 144.438984 142.998425 141.892999 141.000570 140.455117 
0.028296 0.028059 0.020269 0.014881 0.013720 0.013131 0.010596 0.008561 0.007981 0.007895 0.007354 0.006120 0.004669 0.003847 0.003429 0.002819 0.002353 0.002020 0.001920 0.001750 0.001635 0.001450 0.001162 0.000916 0.000761 0.000620 0.000528 0.000477 0.000455 0.000430 0.000413 0.000363 
178.936615 178.442213 177.604255 177.974798 178.822541 178.610823 177.733188 178.621899 180.055002 181.031761 181.150557 180.818907 180.048131 179.674983 179.611910 178.110746 177.714834 178.978445 180.636038 180.814857 180.666340 180.793715 180.606213 179.968186 179.295903 178.370855 178.307761 179.159076 180.264351 180.553437 180.686983 180.863542 
0.044153 0.046105 0.032412 0.016875 0.013034 0.014939 0.013375 0.007828 0.005336 0.005550 0.008065 0.009480 0.008228 0.005139 0.003435 0.003137 0.003846 0.003843 0.002950 0.002017 0.001721 0.001768 0.001626 0.001248 0.000792 0.000558 0.000497 0.000572 0.000587 0.000499 0.000374 0.000242 
198.722722 198.679956 197.860120 195.089730 195.100992 197.978602 198.869723 198.132796 198.385065 199.243782 199.900694 199.579994 199.327653 197.893353 196.025090 196.109898 198.282521 199.055000 199.044578 198.421579 197.917823 198.586384 199.364466 199.601840 198.270504 196.682633 196.704074 198.552822 199.601096 199.587337 198.357758 196.275528 
0.089293 0.110195 0.100282 0.067269 0.040691 0.033043 0.031625 0.027954 0.022143 0.017588 0.016655 0.016195 0.015207 0.012937 0.009309 0.006747 0.006025 0.005370 0.004287 0.003031 0.002191 0.001902 0.002018 0.001955 0.001709 0.001292 0.000933 0.000852 0.000801 0.000705 0.000492 0.000233 
211.082379 211.382624 211.575812 211.071056 209.295406 208.736459 210.384375 212.022632 211.869631 210.616502 208.563208 208.040849 208.931640 210.302368 210.638571 209.248629 208.261189 208.605906 210.381845 212.218257 211.820606 209.129741 207.817495 208.600349 210.321282 210.981172 209.810383 208.136233 207.794788 209.085943 210.613294 212.400388 
0.093282 0.115214 0.112200 0.099870 0.086209 0.070350 0.047826 0.027697 0.017570 0.013792 0.011157 0.010585 0.010558 0.010305 0.008446 0.005953 0.004094 0.003304 0.002846 0.002696 0.002240 0.001499 0.000989 0.000900 0.001129 0.001236 0.001140 0.001139 0.001218 0.001335 0.001258 0.000959 
227.662764 226.851835 225.790375 225.627226 226.318368 227.285833 227.405391 227.874390 229.253806 229.799461 228.076380 226.521193 226.228752 226.913645 227.282281 227.941198 230.050293 231.443938 231.345019 229.255274 227.895690 227.607433 228.027655 228.413858 229.119384 230.365262 231.983230 232.185447 231.721583 230.716479 230.308357 230.390355 
0.034001 0.039203 0.033775 0.019824 0.009809 0.006117 0.008371 0.007481 0.005292 0.004589 0.004452 0.004569 0.003572 0.002161 0.001565 0.001438 0.001510 0.001167 0.000755 0.000592 0.000571 0.000573 0.000501 0.000443 0.000395 0.000312 0.000201 0.000108 0.000087 0.000111 0.000139 0.000198 
253.863609 253.707944 254.277027 256.588558 259.453035 257.616559 253.233045 253.225257 255.871968 256.344488 255.436578 254.100239 254.516644 257.109621 257.751953 256.153551 254.183765 254.623041 256.771293 257.229560 256.002310 254.882963 255.064804 255.203328 254.552325 253.815678 253.962604 257.229047 259.979806 258.936563 261.477052 262.424615 
0.034896 0.046594 0.050270 0.048529 0.047881 0.051406 0.051943 0.047055 0.038480 0.030074 0.026102 0.026175 0.025996 0.023365 0.018790 0.014289 0.012069 0.011908 0.011621 0.010179 0.007879 0.005675 0.004696 0.004812 0.004983 0.004570 0.003641 0.002604 0.002122 0.002152 0.002364 0.002250 
286.346827 286.485305 285.993457 286.258111 287.952306 289.632976 290.375262 290.402855 289.782754 288.814438 288.730136 289.719292 290.394270 290.463344 289.957381 289.017742 288.810116 289.780418 290.537497 290.721380 290.314153 289.247137 288.856198 289.904302 290.723661 290.929805 290.583354 289.471565 288.864172 289.550314 290.294416 290.087217 
0.025310 0.033697 0.032783 0.029857 0.028429 0.035972 0.039936 0.036474 0.026773 0.017773 0.015171 0.017635 0.021236 0.019755 0.014343 0.009199 0.007805 0.008750 0.010544 0.009949 0.007467 0.004980 0.004278 0.004468 0.005292 0.005133 0.004056 0.002723 0.002299 0.002294 0.002648 0.002577 
301.586954 302.595413 304.661949 304.710067 302.524921 299.220806 298.456743 298.688392 300.035701 302.365437 302.392223 300.448349 299.052135 299.021355 299.925000 302.140528 302.552627 300.795624 299.277747 299.246146 299.956833 301.866104 302.497671 301.218090 299.546081 299.455958 300.047285 301.712032 302.439762 302.150292 300.112856 300.061709 
0.002632 0.004397 0.005377 0.004995 0.004000 0.003227 0.002699 0.002392 0.002402 0.002482 0.002259 0.002097 0.002108 0.002136 0.001920 0.001829 0.001875 0.001835 0.001667 0.001628 0.001712 0.001625 0.001493 0.001490 0.001559 0.001437 0.001387 0.001442 0.001460 0.001325 0.001270 0.001272 
333.392778 331.813384 331.885470 333.203730 335.007824 335.823839 336.202482 336.952049 336.658047 335.818021 336.533223 336.912230 336.398787 335.821305 336.817187 336.974602 336.227963 336.068889 336.994691 336.900115 335.847738 336.362251 337.166562 336.833304 335.833996 336.823215 337.165792 336.310365 335.864006 337.064567 337.167811 335.720991 
0.001838 0.002262 0.002312 0.002100 0.001856 0.001638 0.001415 0.001244 0.001119 0.000985 0.000785 0.000572 0.000442 0.000405 0.000523 0.000765 0.001006 0.001124 0.001093 0.001012 0.000988 0.001009 0.000998 0.000858 0.000618 0.000371 0.000311 0.000340 0.000539 0.000758 0.000874 0.000819 
375.320752 375.721227 375.271926 373.574616 371.808761 371.371634 371.857384 372.339597 372.172792 370.975257 369.487052 367.823570 367.891591 369.418256 371.008808 370.877743 370.673608 370.968551 371.752359 372.635182 372.653045 371.738531 370.578993 369.930692 369.593648 369.269602 368.065336 368.038897 368.539418 369.338643 370.011714 370.959547 
0.001529 0.001772 0.001606 0.001141 0.000660 0.000426 0.000361 0.000298 0.000224 0.000173 0.000153 0.000151 0.000150 0.000133 0.000104 0.000080 0.000076 0.000083 0.000084 0.000076 0.000065 0.000054 0.000051 0.000059 0.000062 0.000058 0.000050 0.000043 0.000039 0.000040 0.000072 0.000129 
416.966112 416.183284 414.263336 412.049377 411.670212 414.740705 413.707964 411.719248 411.042142 411.505805 411.446486 411.682209 412.156155 412.329694 411.826212 410.427696 411.164413 412.592064 412.665460 411.992378 411.229270 411.428663 412.861918 414.870954 415.232153 413.611400 411.978233 411.896122 413.447423 416.622645 413.271282 410.990454 
0.000312 0.000350 0.000337 0.000308 0.000273 0.000231 0.000187 0.000145 0.000107 0.000077 0.000074 0.000085 0.000093 0.000087 0.000072 0.000058 0.000052 0.000050 0.000044 0.000036 0.000029 0.000022 0.000018 0.000018 0.000022 0.000024 0.000023 0.000019 0.000016 0.000014 0.000020 0.000039 
459.554825 457.775593 455.826689 455.844454 457.394075 458.218101 457.761693 457.132433 457.058106 457.199857 456.870179 456.472312 457.001514 458.238720 459.639574 460.681636 460.490678 459.605066 459.135317 458.990897 458.686744 457.407629 456.376630 458.382947 459.880513 458.145221 455.156263 453.215888 454.376050 458.739724 459.461259 458.153072 
0.000933 0.001085 0.000985 0.000751 0.000526 0.000356 0.000280 0.000280 0.000279 0.000264 0.000241 0.000223 0.000215 0.000218 0.000223 0.000217 0.000204 0.000196 0.000204 0.000216 0.000216 0.000206 0.000196 0.000192 0.000196 0.000203 0.000208 0.000206 0.000197 0.000192 0.000192 0.000194 
481.858178 481.429115 480.552673 479.728531 479.921097 480.401889 479.728454 479.713555 480.443682 481.044632 481.408771 481.495876 481.168415 480.640949 480.709143 481.247136 481.554582 481.268291 480.988346 481.066229 481.253504 481.256541 481.027771 480.701102 480.601165 480.935726 481.611736 481.952622 481.817263 481.772497 481.857766 482.131246 
0.001323 0.001536 0.001276 0.000811 0.000493 0.000317 0.000241 0.000198 0.000165 0.000146 0.000154 0.000169 0.000182 0.000184 0.000177 0.000173 0.000172 0.000177 0.000190 0.000189 0.000169 0.000158 0.000163 0.000175 0.000182 0.000180 0.000166 0.000152 0.000147 0.000149 0.000150 0.000143 
506.321663 506.886591 507.235330 506.584243 506.057308 506.321570 508.989780 510.403277 511.625523 513.052186 513.523260 513.184521 513.128919 513.432667 513.681601 513.603154 513.655328 513.934625 513.391081 513.254434 514.454402 515.301599 515.082998 514.632236 514.460195 514.275658 514.305045 514.695835 514.773360 513.993201 512.143656 507.900202 
0.003575 0.004247 0.003763 0.002518 0.001374 0.000809 0.000562 0.000421 0.000313 0.000219 0.000155 0.000135 0.000136 0.000131 0.000108 0.000083 0.000072 0.000071 0.000067 0.000058 0.000049 0.000043 0.000040 0.000037 0.000034 0.000035 0.000036 0.000035 0.000033 0.000033 0.000047 0.000073 
548.691400 547.499278 546.802781 546.593396 547.480108 548.814834 549.517741 550.520070 551.730434 554.017674 556.764465 555.737950 551.565286 549.126785 548.354809 548.400294 550.821783 553.393737 552.618260 552.196502 554.955612 556.297158 555.575995 556.668380 560.040690 558.625610 555.781218 553.961324 554.330315 556.438746 553.395364 549.531099 
0.001640 0.001642 0.001255 0.000820 0.000584 0.000488 0.000412 0.000321 0.000254 0.000252 0.000281 0.000289 0.000266 0.000234 0.000216 0.000213 0.000221 0.000225 0.000218 0.000215 0.000221 0.000228 0.000227 0.000222 0.000217 0.000217 0.000218 0.000217 0.000215 0.000209 0.000195 0.000170 
601.462099 601.773473 601.195430 600.278162 598.951823 598.638194 600.280917 602.529504 601.576783 600.265724 600.264059 600.990672 601.289946 601.385075 601.697004 601.698714 601.289451 601.184158 601.536285 601.798864 601.859709 601.593551 601.237641 601.224680 601.552172 601.774779 601.636116 601.478600 601.569564 601.820479 602.516063 603.994337 
0.002368 0.002761 0.002654 0.002402 0.002257 0.002142 0.002145 0.002135 0.001899 0.001696 0.001587 0.001584 0.001643 0.001522 0.001387 0.001347 0.001323 0.001228 0.001118 0.001073 0.001127 0.001186 0.001071 0.000946 0.000899 0.000907 0.000876 0.000816 0.000804 0.000842 0.000877 0.000750 
666.122153 666.354674 667.014703 668.442014 669.839935 670.287189 670.812419 671.016726 669.593835 668.843893 669.022723 670.162012 672.014311 672.143664 671.487501 671.099465 670.468464 669.685724 669.311442 669.913810 671.481069 672.725310 671.974948 670.548092 669.819828 670.197738 670.413126 670.729830 671.365846 672.226228 672.821319 671.634483 
0.000664 0.000749 0.000730 0.000727 0.000681 0.000559 0.000421 0.000334 0.000282 0.000239 0.000216 0.000206 0.000199 0.000190 0.000169 0.000152 0.000156 0.000166 0.000149 0.000104 0.000089 0.000103 0.000114 0.000106 0.000097 0.000092 0.000090 0.000097 0.000096 0.000105 0.000144 0.000237 
707.494044 707.092177 704.190924 699.848330 698.407811 698.166730 697.701230 697.749875 697.807044 697.533755 697.579605 697.679880 697.675285 697.799347 697.738971 697.461501 697.401464 698.038374 698.487698 697.536398 697.460378 698.354194 698.042355 697.425442 697.481377 697.598992 697.889795 698.862903 698.879043 697.785477 697.767088 701.764824 
0.003256 0.004018 0.003902 0.003458 0.003175 0.003060 0.002699 0.002199 0.001955 0.001909 0.001915 0.001693 0.001441 0.001377 0.001486 0.001507 0.001283 0.001048 0.001007 0.001111 0.001104 0.000911 0.000753 0.000711 0.000758 0.000739 0.000705 0.000706 0.000726 0.000677 0.000571 0.000492 
734.894801 735.332963 736.154286 736.191600 735.480708 734.457558 734.648605 735.707381 735.819501 735.010644 734.056315 734.348740 735.169632 734.774240 733.271235 732.329667 732.210163 732.130643 731.354717 730.285564 729.387824 728.188396 726.908207 726.261413 726.177368 725.135390 724.113010 724.065653 724.840919 724.623923 722.961045 721.594580 
0.020922 0.027536 0.028457 0.026143 0.024021 0.022593 0.019789 0.017260 0.015894 0.014947 0.012946 0.011540 0.010763 0.009877 0.008606 0.007746 0.007206 0.006396 0.005586 0.005057 0.004701 0.004175 0.003736 0.003415 0.003121 0.002778 0.002521 0.002328 0.002123 0.001907 0.001706 0.001480 
805.398311 805.574294 805.191464 804.916309 805.258684 806.098268 805.910804 805.539058 805.701560 806.139717 805.549976 805.465895 805.889395 805.988569 805.366852 805.326644 805.817117 805.601905 805.127007 805.090602 805.390415 804.967713 804.791975 804.918740 805.007513 804.694437 804.673907 804.888383 804.915176 804.697428 804.679789 805.076545 
0.003320 0.002877 0.001481 0.000708 0.000547 0.000483 0.000190 0.000229 0.000265 0.000189 0.000190 0.000227 0.000174 0.000209 0.000209 0.000173 0.000185 0.000224 0.000148 0.000138 0.000152 0.000156 0.000179 0.000205 0.000190 0.000172 0.000156 0.000150 0.000169 0.000207 0.000225 0.000222 
839.298224 840.096392 844.668009 844.205747 837.513988 834.783571 844.449215 839.375693 838.502004 843.019692 841.494028 837.912828 841.820291 840.304735 841.238287 843.001135 840.459074 837.619423 842.642757 843.740995 843.022226 843.777943 842.140579 840.412029 841.254767 841.473511 841.646282 842.733282 842.042608 839.963110 838.301831 836.618883 
0.001233 0.001112 0.000683 0.000319 0.000226 0.000237 0.000201 0.000147 0.000120 0.000110 0.000096 0.000081 0.000078 0.000075 0.000068 0.000060 0.000049 0.000040 0.000032 0.000028 0.000024 0.000020 0.000020 0.000022 0.000022 0.000020 0.000018 0.000020 0.000020 0.000023 0.000042 0.000072 
871.857919 872.433169 873.490215 872.074826 870.709175 869.875322 869.965985 868.908372 869.142512 870.805061 872.177096 872.897733 872.199727 872.156804 872.775879 872.774631 872.093559 871.328869 872.685058 872.576359 871.071288 871.751626 872.490213 872.091241 870.805906 869.774437 869.502473 870.296380 870.821740 871.312487 872.499952 872.658713 
0.001301 0.001631 0.001874 0.001947 0.001844 0.001645 0.001443 0.001307 0.001265 0.001302 0.001435 0.001638 0.001783 0.001799 0.001746 0.001664 0.001549 0.001339 0.001080 0.000913 0.000863 0.000908 0.001019 0.001114 0.001203 0.001286 0.001315 0.001224 0.001047 0.000875 0.000718 0.000560 
912.679195 911.894015 911.664092 912.777391 914.196984 914.786815 915.075766 915.466177 915.776248 915.555184 914.860375 913.853014 913.361113 913.578749 913.829766 913.800661 913.536015 913.887825 915.077348 915.969970 916.050636 915.561835 914.797680 914.466610 914.024633 913.339716 912.802040 913.029285 913.918548 914.542094 914.828670 915.009199 
0.000865 0.000763 0.000474 0.000258 0.000218 0.000164 0.000126 0.000092 0.000066 0.000044 0.000046 0.000046 0.000030 0.000034 0.000038 0.000022 0.000018 0.000019 0.000013 0.000016 0.000019 0.000024 0.000023 0.000016 0.000011 0.000014 0.000012 0.000015 0.000025 0.000017 0.000020 0.000046 
933.203554 933.830470 934.690585 933.427584 931.158358 932.813271 934.225543 931.750991 930.953907 934.390204 933.850846 932.013031 933.615898 931.941792 931.273323 933.604860 933.655743 931.502606 931.566446 931.876164 933.707910 933.877448 933.437264 934.573057 933.881186 931.002200 933.843273 933.612724 931.145188 934.518576 935.108420 931.482923 
0.000881 0.000800 0.000467 0.000193 0.000138 0.000154 0.000137 0.000101 0.000094 0.000112 0.000124 0.000123 0.000121 0.000130 0.000137 0.000133 0.000128 0.000127 0.000126 0.000124 0.000122 0.000121 0.000122 0.000122 0.000122 0.000125 0.000131 0.000137 0.000140 0.000138 0.000131 0.000117 
962.832503 962.792934 963.451147 964.638420 963.349614 960.853176 960.723052 962.150124 962.893431 961.748719 961.889697 963.199846 964.007086 963.191967 962.329709 962.208101 962.676848 962.970293 962.734934 962.389402 962.339260 962.550762 962.781497 962.827435 962.671473 962.535628 962.572478 962.709307 962.873587 963.073086 963.356068 963.685262 
0.000999 0.000945 0.000626 0.000283 0.000122 0.000094 0.000079 0.000068 0.000055 0.000044 0.000046 0.000057 0.000064 0.000062 0.000051 0.000043 0.000043 0.000041 0.000037 0.000034 0.000035 0.000033 0.000028 0.000022 0.000017 0.000015 0.000019 0.000023 0.000020 0.000015 0.000021 0.000042 
982.493583 982.909834 983.529946 984.296076 982.747643 981.133005 981.796576 981.435803 981.429658 982.869928 982.565533 981.594282 980.341685 979.065327 978.788658 980.314763 981.891789 981.911069 982.972730 985.339512 984.061298 982.237634 979.668112 978.278757 979.633196 979.616544 977.353324 976.349580 976.326872 982.039350 981.278638 979.648836 
0.001193 0.001677 0.002106 0.002230 0.002085 0.001970 0.001855 0.001652 0.001535 0.001580 0.001625 0.001379 0.001108 0.000994 0.000996 0.001057 0.001114 0.001017 0.000846 0.000782 0.000795 0.000753 0.000676 0.000581 0.000540 0.000554 0.000633 0.000638 0.000515 0.000354 0.000266 0.000225 
1028.862472 1027.674424 1026.253038 1025.377388 1024.727588 1024.564292 1023.915114 1023.132958 1023.106105 1024.330969 1025.358833 1024.846684 1023.022459 1021.820041 1021.889784 1023.390183 1025.174989 1025.819952 1025.585173 1025.148136 1024.784871 1023.901961 1023.425946 1023.361155 1024.957131 1026.449751 1026.830769 1026.390439 1025.122463 1022.540514 1019.898071 1019.168625 
0.000740 0.001197 0.001560 0.001812 0.002004 0.002114 0.002131 0.002037 0.001792 0.001408 0.000985 0.000827 0.000829 0.001039 0.001209 0.001271 0.001221 0.001075 0.000853 0.000606 0.000476 0.000442 0.000500 0.000583 0.000658 0.000707 0.000699 0.000616 0.000470 0.000302 0.000177 0.000143 
1064.945015 1067.676503 1070.371948 1072.262881 1072.973382 1073.377020 1073.726665 1073.884417 1073.758299 1073.051081 1071.311539 1071.224092 1071.510047 1072.896279 1073.432123 1073.763886 1074.028857 1073.958491 1073.398427 1072.088171 1071.300000 1071.397225 1072.317393 1073.065701 1073.643470 1074.066316 1074.282989 1074.197642 1073.696698 1072.191714 1067.250784 1064.293679 
0.000313 0.000548 0.000562 0.000580 0.000697 0.000706 0.000872 0.001288 0.001523 0.001205 0.000689 0.000544 0.000628 0.000641 0.000572 0.000648 0.000878 0.000857 0.000644 0.000444 0.000383 0.000313 0.000227 0.000210 0.000327 0.000504 0.000617 0.000644 0.000536 0.000328 0.000133 0.000060 
1084.090417 1082.853519 1080.510237 1079.729441 1080.600809 1079.527826 1079.637278 1081.353576 1082.446158 1082.578502 1082.800323 1083.265904 1083.661605 1081.781603 1079.868242 1079.970029 1081.681107 1081.686676 1081.496707 1083.357948 1085.289210 1085.354823 1083.238254 1083.457831 1082.567084 1081.455777 1081.480396 1082.201100 1082.844748 1083.124256 1082.073841 1080.896114 
0.000596 0.000943 0.001154 0.001199 0.001199 0.001256 0.001376 0.001487 0.001430 0.001158 0.000883 0.000774 0.000812 0.000839 0.000809 0.000793 0.000723 0.000548 0.000443 0.000455 0.000553 0.000599 0.000562 0.000474 0.000345 0.000262 0.000261 0.000356 0.000386 0.000321 0.000224 0.000148 
1097.395265 1097.451808 1097.571565 1097.182568 1096.239996 1095.832835 1095.587985 1094.935810 1094.588592 1095.468763 1096.800176 1096.654144 1095.399045 1094.710548 1094.818759 1094.851480 1094.716061 1095.704444 1096.884971 1096.755847 1094.998406 1094.429602 1094.542484 1094.984072 1096.404542 1097.370521 1096.911122 1094.568154 1093.899028 1094.416655 1096.424598 1098.461950 
0.000350 0.000445 0.000442 0.000359 0.000288 0.000299 0.000355 0.000286 0.000224 0.000236 0.000237 0.000174 0.000179 0.000184 0.000185 0.000221 0.000206 0.000161 0.000147 0.000122 0.000089 0.000094 0.000078 0.000081 0.000117 0.000114 0.000111 0.000121 0.000102 0.000093 0.000100 0.000098 
1109.178922 1108.471011 1107.930700 1108.807463 1111.699615 1112.485542 1111.103974 1112.262640 1113.683995 1112.528674 1111.831039 1113.810515 1112.834449 1113.108092 1113.600528 1112.074858 1112.316349 1113.566041 1112.885478 1112.494553 1114.069657 1112.645236 1114.094545 1114.107454 1111.938598 1113.167623 1113.520235 1112.318213 1113.460594 1113.507624 1111.830181 1110.120246 
0.000266 0.000283 0.000244 0.000239 0.000280 0.000289 0.000272 0.000283 0.000325 0.000318 0.000261 0.000242 0.000258 0.000290 0.000272 0.000223 0.000212 0.000231 0.000240 0.000203 0.000161 0.000154 0.000178 0.000188 0.000164 0.000146 0.000150 0.000176 0.000172 0.000135 0.000091 0.000062 
1124.437783 1124.952575 1125.464121 1124.855737 1123.160275 1121.664922 1120.907081 1120.843706 1121.285431 1121.212814 1120.533958 1120.575137 1120.983299 1121.428538 1121.079888 1120.237050 1120.513743 1121.486335 1122.058038 1121.706016 1120.824387 1120.744556 1121.647408 1122.037002 1121.639340 1121.233764 1121.364989 1121.958424 1122.011510 1121.584837 1121.243901 1122.103989 
0.000336 0.000465 0.000531 0.000556 0.000554 0.000508 0.000463 0.000440 0.000408 0.000356 0.000325 0.000308 0.000298 0.000289 0.000275 0.000266 0.000264 0.000244 0.000239 0.000251 0.000249 0.000240 0.000236 0.000236 0.000236 0.000229 0.000218 0.000214 0.000217 0.000196 0.000176 0.000163 
1179.186069 1178.709530 1178.487051 1177.346466 1176.115982 1176.512641 1176.917519 1176.570288 1176.274739 1176.543574 1176.451790 1176.442703 1176.253938 1176.242749 1176.639901 1176.123194 1175.046489 1175.809894 1176.145538 1176.111313 1176.568953 1176.709845 1176.284543 1175.912653 1175.618497 1175.656691 1176.214252 1175.851760 1174.833399 1175.807184 1177.068742 1178.126837 
0.000423 0.000458 0.000388 0.000300 0.000267 0.000271 0.000272 0.000262 0.000239 0.000208 0.000181 0.000159 0.000143 0.000136 0.000138 0.000141 0.000148 0.000151 0.000144 0.000130 0.000118 0.000136 0.000162 0.000169 0.000158 0.000140 0.000125 0.000120 0.000124 0.000135 0.000135 0.000118 
1231.944469 1231.849744 1231.011314 1230.773587 1233.837447 1237.163154 1237.905951 1237.437723 1236.513167 1233.853306 1229.485321 1226.289200 1227.944288 1232.698182 1235.730810 1235.127604 1230.406286 1224.165247 1218.022125 1216.851684 1222.935812 1234.891898 1239.468987 1239.241472 1234.680896 1227.725553 1222.559473 1223.609303 1229.624807 1235.877822 1238.989870 1240.248230 
0.000276 0.000287 0.000223 0.000148 0.000104 0.000093 0.000096 0.000117 0.000127 0.000118 0.000109 0.000108 0.000106 0.000087 0.000058 0.000046 0.000050 0.000053 0.000051 0.000048 0.000052 0.000057 0.000054 0.000043 0.000041 0.000045 0.000045 0.000048 0.000057 0.000057 0.000054 0.000052 
1273.681002 1274.061485 1275.113585 1275.698558 1274.647463 1273.078066 1274.172532 1274.404574 1274.049854 1274.468859 1275.335315 1275.210128 1273.260672 1271.622169 1271.532821 1273.674684 1275.512402 1277.082485 1276.383343 1273.237566 1271.430785 1270.607073 1271.568715 1276.074359 1279.818892 1278.621621 1277.197911 1275.438491 1274.184412 1274.754519 1274.762679 1273.488854 
0.000280 0.000307 0.000256 0.000170 0.000115 0.000097 0.000096 0.000104 0.000114 0.000114 0.000107 0.000105 0.000107 0.000105 0.000098 0.000094 0.000096 0.000100 0.000101 0.000097 0.000093 0.000091 0.000091 0.000091 0.000091 0.000092 0.000093 0.000093 0.000090 0.000088 0.000086 0.000078 
1309.704487 1310.652837 1311.627821 1311.628733 1310.006858 1312.063291 1315.746891 1315.946613 1315.163559 1316.482745 1318.777091 1319.139497 1317.775489 1317.512784 1318.752381 1320.038274 1320.543839 1320.600698 1320.328598 1320.033423 1319.847724 1319.811987 1320.244452 1320.916560 1321.329361 1321.501577 1321.600867 1321.647147 1321.709508 1321.457634 1320.908910 1320.190884 
0.000259 0.000301 0.000310 0.000316 0.000299 0.000259 0.000205 0.000161 0.000132 0.000121 0.000115 0.000107 0.000092 0.000094 0.000102 0.000093 0.000064 0.000053 0.000064 0.000074 0.000061 0.000046 0.000043 0.000049 0.000044 0.000043 0.000046 0.000045 0.000040 0.000042 0.000051 0.000055 
1347.992509 1346.754262 1343.272111 1341.017390 1340.795292 1340.826466 1339.708783 1340.259815 1343.945632 1344.780753 1341.436658 1338.233602 1339.012462 1340.174626 1339.753123 1338.588217 1340.138699 1342.713132 1342.418786 1342.266555 1345.710708 1346.509261 1340.889467 1337.982380 1341.755914 1344.649402 1343.478381 1341.934717 1340.891781 1337.495095 1335.230179 1334.741942 
0.000252 0.000265 0.000213 0.000145 0.000107 0.000099 0.000109 0.000132 0.000145 0.000137 0.000116 0.000102 0.000098 0.000098 0.000106 0.000114 0.000113 0.000105 0.000100 0.000098 0.000102 0.000104 0.000101 0.000092 0.000085 0.000088 0.000093 0.000089 0.000079 0.000072 0.000068 0.000061 
1404.562024 1404.698796 1404.650248 1404.500285 1405.764445 1407.307195 1406.478449 1405.115155 1404.463762 1404.377024 1405.166241 1405.802043 1406.014721 1406.110367 1406.056417 1405.752636 1405.818152 1406.556951 1406.948870 1406.744308 1406.385332 1405.960079 1405.576906 1405.566157 1406.059636 1406.093136 1405.704266 1405.687856 1405.789425 1406.031504 1406.831192 1408.009883 
0.000175 0.000197 0.000175 0.000125 0.000076 0.000053 0.000050 0.000056 0.000056 0.000047 0.000042 0.000042 0.000045 0.000044 0.000035 0.000023 0.000022 0.000026 0.000026 0.000024 0.000025 0.000028 0.000030 0.000029 0.000026 0.000024 0.000023 0.000025 0.000024 0.000021 0.000020 0.000021 
1472.150435 1472.369033 1472.617105 1472.521341 1470.884484 1469.152355 1471.260633 1473.664261 1473.128309 1470.798923 1470.649980 1472.832157 1473.361937 1472.151532 1471.086225 1472.063723 1472.718893 1471.884641 1470.572077 1469.409833 1470.002443 1472.671315 1473.990547 1473.107023 1470.256054 1468.225261 1468.053281 1469.017860 1469.812004 1471.707952 1474.315043 1474.434180 
0.000123 0.000145 0.000127 0.000085 0.000051 0.000039 0.000033 0.000025 0.000023 0.000029 0.000032 0.000026 0.000018 0.000011 0.000008 0.000009 0.000007 0.000007 0.000014 0.000020 0.000023 0.000025 0.000027 0.000027 0.000026 0.000021 0.000014 0.000011 0.000013 0.000014 0.000011 0.000009 
1516.601585 1516.749267 1516.897595 1517.011585 1516.957117 1516.442176 1515.693612 1515.298171 1515.888423 1516.470797 1517.255716 1518.401391 1518.910290 1516.405581 1513.536525 1515.523044 1516.311780 1516.763316 1516.082677 1515.240207 1514.647185 1514.914417 1515.418749 1515.669972 1515.871430 1516.377325 1518.016117 1519.132725 1517.729266 1517.400516 1517.545792 1517.031279 
0.000096 0.000144 0.000190 0.000214 0.000215 0.000204 0.000194 0.000181 0.000151 0.000106 0.000075 0.000072 0.000074 0.000067 0.000051 0.000034 0.000020 0.000021 0.000027 0.000027 0.000024 0.000022 0.000020 0.000017 0.000014 0.000014 0.000016 0.000016 0.000017 0.000017 0.000017 0.000017 
1543.383571 1541.808844 1540.036180 1539.180619 1539.048413 1538.745265 1538.074310 1537.781252 1537.688795 1537.189260 1537.579525 1539.230565 1539.310815 1537.915354 1536.772414 1536.712355 1538.134278 1539.705920 1540.370155 1540.735026 1540.852858 1540.566722 1540.006253 1539.920379 1540.942784 1541.877246 1540.916972 1537.795331 1536.072372 1537.655050 1542.005085 1544.890293 
0.000129 0.000160 0.000166 0.000176 0.000204 0.000233 0.000234 0.000210 0.000170 0.000139 0.000128 0.000139 0.000140 0.000124 0.000094 0.000064 0.000055 0.000062 0.000070 0.000069 0.000070 0.000070 0.000061 0.000052 0.000052 0.000054 0.000057 0.000050 0.000040 0.000038 0.000036 0.000031 
1580.849924 1581.594113 1583.699913 1585.688596 1585.422809 1584.456431 1584.396716 1584.851509 1585.596635 1586.334219 1586.165121 1584.933807 1584.441013 1583.992934 1583.975612 1586.376950 1588.449142 1586.930987 1586.174812 1587.692803 1587.879472 1586.716542 1586.728748 1587.130598 1587.412673 1587.064736 1585.226835 1585.056466 1586.199641 1584.591057 1582.385136 1580.811518 
0.000172 0.000245 0.000294 0.000314 0.000298 0.000243 0.000170 0.000116 0.000094 0.000079 0.000073 0.000079 0.000087 0.000081 0.000062 0.000041 0.000030 0.000030 0.000037 0.000041 0.000038 0.000034 0.000033 0.000030 0.000025 0.000023 0.000024 0.000022 0.000018 0.000017 0.000021 0.000023 
1626.511802 1626.719989 1625.159837 1623.070667 1622.452759 1623.663100 1625.063333 1624.063509 1622.775690 1623.766485 1626.464163 1627.376973 1627.274980 1626.677399 1625.750018 1625.442978 1625.478879 1626.147474 1628.170157 1628.664311 1628.137518 1628.225275 1628.358617 1627.012919 1625.053902 1625.530567 1628.496249 1628.822533 1625.292925 1621.785528 1623.891082 1626.461445 
0.000145 0.000203 0.000260 0.000323 0.000370 0.000369 0.000314 0.000243 0.000193 0.000161 0.000132 0.000103 0.000084 0.000072 0.000060 0.000049 0.000041 0.000041 0.000046 0.000046 0.000040 0.000037 0.000036 0.000036 0.000036 0.000037 0.000038 0.000034 0.000028 0.000025 0.000024 0.000021 
1709.083517 1708.870732 1707.810156 1707.042472 1707.222503 1708.002577 1709.184906 1710.346239 1710.373284 1709.401680 1708.797645 1709.619927 1711.385980 1711.784447 1711.106332 1709.904169 1707.876677 1706.519970 1707.916786 1710.477534 1712.653566 1712.316410 1710.730275 1710.344212 1709.650596 1708.938714 1708.644465 1708.811709 1709.858754 1709.611005 1708.545173 1709.196592 
0.000118 0.000177 0.000215 0.000224 0.000206 0.000168 0.000142 0.000135 0.000148 0.000148 0.000123 0.000097 0.000092 0.000106 0.000116 0.000102 0.000074 0.000069 0.000074 0.000087 0.000083 0.000065 0.000052 0.000056 0.000071 0.000079 0.000073 0.000060 0.000054 0.000055 0.000056 0.000050 
1793.972748 1794.488936 1795.429184 1796.278590 1796.211430 1794.504054 1792.831003 1793.274373 1795.679551 1796.684776 1796.025126 1794.247135 1794.493753 1796.760794 1797.916718 1797.803824 1795.903297 1794.602750 1795.608164 1797.591111 1798.661713 1799.150007 1798.692572 1797.948832 1798.226252 1798.378608 1798.236407 1797.787065 1797.673640 1798.512772 1799.319854 1799.357442 
0.000170 0.000222 0.000239 0.000228 0.000207 0.000183 0.000149 0.000101 0.000065 0.000074 0.000109 0.000114 0.000094 0.000072 0.000051 0.000036 0.000036 0.000051 0.000056 0.000048 0.000038 0.000033 0.000033 0.000035 0.000043 0.000046 0.000043 0.000031 0.000017 0.000013 0.000017 0.000020 
1841.993245 1841.654219 1841.215901 1841.279491 1842.336074 1843.106341 1842.018190 1839.624602 1840.934195 1843.315264 1843.559579 1844.354136 1846.147748 1846.243786 1843.968521 1842.986823 1843.056121 1843.251558 1844.185849 1845.646084 1844.608744 1839.516803 1839.558484 1843.344189 1844.318597 1843.565814 1842.527181 1841.499158 1840.445152 1841.337697 1842.420331 1842.805128 
0.000147 0.000179 0.000176 0.000151 0.000127 0.000110 0.000092 0.000068 0.000047 0.000040 0.000043 0.000045 0.000043 0.000038 0.000034 0.000033 0.000032 0.000029 0.000023 0.000016 0.000014 0.000017 0.000020 0.000022 0.000018 0.000011 0.000007 0.000008 0.000009 0.000011 0.000012 0.000013 
1905.268822 1905.277799 1905.044654 1904.578278 1904.338729 1904.586514 1904.692331 1904.140827 1902.782677 1902.671441 1903.758543 1903.689757 1902.797873 1901.878645 1901.652408 1902.063369 1902.765880 1903.403772 1904.106805 1905.304763 1904.805682 1902.518924 1902.202945 1902.903847 1903.251931 1902.952811 1904.381558 1906.317160 1906.166074 1903.753094 1902.801900 1903.502389 
0.000237 0.000274 0.000237 0.000162 0.000124 0.000125 0.000124 0.000097 0.000062 0.000059 0.000084 0.000099 0.000098 0.000083 0.000065 0.000051 0.000041 0.000036 0.000037 0.000043 0.000053 0.000063 0.000070 0.000072 0.000065 0.000053 0.000043 0.000041 0.000043 0.000048 0.000049 0.000046 
1919.005128 1919.053305 1919.985594 1922.453816 1922.424908 1920.395858 1919.975077 1920.846713 1921.230238 1920.911188 1921.991142 1923.335634 1924.464761 1925.031509 1924.983770 1924.651444 1924.407339 1924.945881 1925.934356 1926.124409 1925.704396 1925.336598 1924.558197 1923.421078 1922.665532 1922.996458 1924.265400 1924.689274 1924.812550 1925.084181 1925.211544 1924.837070 
0.000291 0.000317 0.000269 0.000206 0.000160 0.000144 0.000153 0.000179 0.000189 0.000167 0.000137 0.000117 0.000099 0.000082 0.000082 0.000082 0.000068 0.000047 0.000039 0.000038 0.000035 0.000037 0.000045 0.000051 0.000049 0.000039 0.000030 0.000029 0.000032 0.000031 0.000025 0.000022 
1967.671931 1968.012138 1968.653404 1968.627817 1967.466174 1965.426736 1964.675221 1965.641678 1967.433099 1969.432953 1970.982651 1970.639891 1969.228376 1966.386413 1963.356984 1963.297624 1965.255782 1968.783292 1969.131007 1967.616174 1969.279151 1972.858722 1974.027933 1972.794310 1971.374951 1970.332866 1969.114735 1968.143053 1968.307782 1969.402823 1970.073158 1968.237517 
0.000208 0.000230 0.000193 0.000130 0.000088 0.000072 0.000061 0.000053 0.000053 0.000053 0.000047 0.000033 0.000022 0.000021 0.000027 0.000035 0.000038 0.000036 0.000034 0.000031 0.000027 0.000025 0.000027 0.000028 0.000029 0.000031 0.000030 0.000026 0.000026 0.000028 0.000032 0.000035 
2008.161485 2008.323450 2008.689997 2009.964183 2012.577637 2013.721795 2013.495465 2010.939782 2007.768431 2007.535293 2008.469440 2008.937529 2008.528663 2007.760611 2008.045631 2008.200915 2008.205407 2008.437869 2009.133695 2009.829576 2010.434458 2009.586265 2008.022620 2006.951788 2007.059918 2007.103305 2007.302145 2008.436594 2009.240307 2010.107114 2012.146225 2012.865522 
0.000267 0.000409 0.000476 0.000432 0.000319 0.000221 0.000194 0.000187 0.000158 0.000115 0.000084 0.000074 0.000072 0.000071 0.000066 0.000057 0.000054 0.000054 0.000052 0.000050 0.000050 0.000048 0.000047 0.000048 0.000046 0.000040 0.000036 0.000036 0.000038 0.000041 0.000040 0.000033 
2407.523321 2405.998775 2404.386445 2402.856426 2401.848080 2401.369577 2401.674671 2402.152626 2403.240008 2404.613454 2405.158721 2405.371916 2407.278361 2408.327690 2407.626418 2405.227340 2401.806568 2400.504000 2402.059467 2405.371419 2406.523064 2405.778097 2406.048849 2406.584459 2405.994636 2404.715030 2403.487928 2403.025959 2405.014189 2407.404653 2407.226903 2405.203191 
0.000048 0.000052 0.000058 0.000093 0.000131 0.000141 0.000117 0.000078 0.000054 0.000047 0.000050 0.000053 0.000051 0.000042 0.000035 0.000034 0.000037 0.000031 0.000020 0.000016 0.000016 0.000019 0.000016 0.000008 0.000007 0.000014 0.000017 0.000016 0.000015 0.000019 0.000023 0.000020 
2515.253895 2514.184791 2513.465554 2514.964817 2515.556224 2515.526392 2515.100291 2514.189979 2514.477993 2516.329413 2517.302267 2516.705677 2515.591269 2514.091626 2513.684119 2514.590156 2515.772965 2515.868993 2514.606722 2514.090995 2514.280866 2515.820768 2516.017815 2512.704471 2511.882414 2516.720073 2517.072679 2516.056461 2515.031988 2515.737993 2515.930077 2515.792311 
