0.047959 8.790423
0.031973 8.854937
0.031973 7.648580
0.143878 3.797937
0.047959 8.177195
0.031973 7.709701
0.047959 4.323303
0.031973 12.061274
0.031973 10.481422
0.095918 8.436287
0.143878 5.687011
0.079932 4.409447
0.047959 3.895316
0.047959 7.453019
0.047959 5.720655
0.063946 6.466153
0.031973 4.426861
0.031973 7.736028
0.047959 11.328344
0.047959 10.830075
0.063946 6.418187
0.031973 6.934202
0.047959 2.943055
0.175850 4.311015
0.031973 3.599608
0.031973 2.709532
0.031973 11.086476
0.063946 4.855529
0.047959 2.672730
0.031973 8.381890
0.015986 5.955983
0.255782 1.634423
0.031973 4.265691
0.047959 4.754411
0.127891 5.254128
0.047959 5.956419
0.111905 9.899449
0.207823 1.800773
0.239796 6.664634
0.095918 4.584841
0.175850 1.359983
0.047959 8.002853
0.063946 8.185718
0.047959 3.881667
0.143878 5.237023
0.047959 6.273627
0.063946 8.841362
