0.047959 8.398369
0.031973 10.410016
0.015986 6.129574
0.127891 7.788617
0.031973 7.339270
0.047959 4.995020
0.095918 8.611288
0.015986 13.538594
0.015986 10.028008
0.031973 9.702458
0.047959 15.220154
0.031973 13.363547
0.031973 12.078732
0.111905 7.875153
0.063946 4.107693
0.031973 4.229565
0.047959 8.273844
0.031973 11.091457
0.031973 7.774346
0.031973 3.639578
0.031973 8.592706
0.031973 8.125756
0.031973 0.366300
0.031973 3.620125
0.191837 2.487475
0.063946 4.504101
0.063946 5.194194
0.031973 2.493694
0.047959 4.087474
0.000000 0.000000
0.031973 4.350482
0.031973 4.845998
0.111905 6.096841
0.000000 0.000000
0.031973 7.072227
0.079932 2.079558
0.031973 3.106595
0.031973 0.735131
0.047959 0.359202
0.000000 0.000000
0.063946 1.375969
0.095918 2.158576
0.047959 2.208801
0.047959 3.035225
