0.079932 5.968848
0.063946 8.553893
0.031973 8.528835
0.031973 6.516869
0.047959 4.998816
0.047959 2.393773
0.047959 7.746224
0.063946 15.838690
0.063946 12.671510
0.047959 14.332086
0.031973 5.347290
0.047959 19.265608
0.031973 9.608660
0.031973 6.465437
0.063946 9.600012
0.047959 11.380434
0.079932 6.870658
0.095918 3.027009
0.079932 11.339625
0.031973 7.357859
0.031973 13.137576
0.031973 10.555905
0.031973 13.815344
0.031973 11.700545
0.031973 7.866412
0.031973 10.650851
0.015986 9.540329
0.031973 5.412842
0.031973 11.371490
0.031973 11.112303
0.031973 5.610537
0.031973 7.729002
0.063946 1.373109
0.031973 8.961789
0.031973 9.116738
0.031973 3.772312
0.047959 7.632407
0.079932 7.334512
0.031973 6.154307
0.111905 1.635552
0.079932 9.014188
0.047959 7.560628
0.047959 6.893025
0.047959 7.927654
0.047959 8.614248
