34.000000 39.000000 0.015986
0.002682 0.003138 0.002809 0.002030 0.001462 0.001214 0.001098 0.001337 0.001573 0.001542 0.001209 0.000729 0.000464 0.000438 0.000535 0.000706 0.000848 0.000942 0.000983 0.001009 0.001029 0.001011 0.000913 0.000771 0.000672 0.000621 0.000600 0.000596 0.000578 0.000498 0.000378 0.000299 0.000254 0.000218 
6.782348 6.479257 7.132311 9.203873 10.781917 10.174840 8.961922 5.614778 4.309705 4.408659 5.080298 6.499866 9.035247 8.864326 6.241518 3.227161 2.348644 2.068986 1.763780 1.686528 1.933027 2.298660 2.233456 1.699755 1.468995 1.503739 1.649788 2.151126 3.059550 3.469900 3.060422 2.865338 2.833534 3.344384 
0.001450 0.001449 0.001092 0.000648 0.000388 0.000313 0.000352 0.000370 0.000409 0.000402 0.000360 0.000311 0.000329 0.000401 0.000410 0.000308 0.000172 0.000113 0.000111 0.000107 0.000112 0.000119 0.000130 0.000114 0.000082 0.000053 0.000056 0.000069 0.000070 0.000059 0.000055 0.000065 0.000066 0.000071 
40.889696 42.446673 43.009336 41.493996 39.473511 39.000256 36.551099 38.738420 41.974016 41.273463 37.415433 36.855958 40.164492 41.327931 40.267373 39.066567 38.306179 37.777748 37.887092 37.296234 38.885771 41.932910 45.926780 47.246786 45.042656 41.589147 40.479624 40.513180 44.294750 45.046253 37.941204 32.152840 31.868045 36.534244 
0.001090 0.001224 0.001072 0.000775 0.000560 0.000442 0.000348 0.000320 0.000388 0.000434 0.000381 0.000282 0.000230 0.000242 0.000235 0.000197 0.000165 0.000175 0.000188 0.000181 0.000171 0.000188 0.000217 0.000224 0.000194 0.000165 0.000161 0.000181 0.000177 0.000149 0.000120 0.000103 0.000101 0.000114 
59.865249 59.507850 59.819081 61.651756 64.024250 65.469599 64.222018 60.906557 60.588806 61.488275 62.804736 62.831237 61.221080 59.275062 58.345841 58.669554 60.147796 61.518457 61.967325 61.433464 60.135289 58.924591 58.774858 59.094843 59.182780 59.959793 60.956944 61.341953 60.411792 59.102385 59.137293 59.770633 60.344737 61.384782 
0.000378 0.000421 0.000356 0.000267 0.000236 0.000222 0.000194 0.000172 0.000180 0.000206 0.000221 0.000221 0.000207 0.000179 0.000179 0.000215 0.000236 0.000208 0.000163 0.000125 0.000105 0.000103 0.000114 0.000113 0.000093 0.000067 0.000062 0.000064 0.000065 0.000055 0.000049 0.000050 0.000062 0.000075 
94.873842 94.806608 94.100387 92.736812 92.935262 93.677588 93.279249 92.553732 92.858168 94.372365 96.142080 97.225057 97.525189 98.318053 98.446699 97.268175 96.858358 97.509161 98.318216 98.711142 98.841528 98.539324 97.264731 96.190802 94.573634 91.307642 90.519341 91.383387 92.497165 92.078459 92.104631 93.444479 96.484334 97.401793 
0.000739 0.001084 0.001149 0.000887 0.000500 0.000329 0.000306 0.000339 0.000319 0.000287 0.000273 0.000256 0.000216 0.000200 0.000271 0.000358 0.000384 0.000389 0.000399 0.000415 0.000390 0.000369 0.000379 0.000397 0.000386 0.000357 0.000336 0.000320 0.000308 0.000302 0.000305 0.000309 0.000296 0.000253 
117.058850 116.919234 116.779731 116.349426 114.898810 115.292265 116.452472 117.549921 118.188178 118.749134 117.893732 115.680700 115.452668 116.547969 117.743062 117.110901 117.505258 117.933597 117.634466 116.496016 116.408709 117.059050 117.343845 117.042632 117.232819 117.759910 117.829573 117.466860 117.121465 117.123980 116.967517 116.343971 115.566125 114.984165 
0.033236 0.047859 0.051462 0.042042 0.027565 0.019691 0.017485 0.020709 0.022877 0.020195 0.016929 0.015266 0.013648 0.009809 0.006069 0.004398 0.003863 0.004325 0.004478 0.003942 0.003592 0.003416 0.003059 0.002361 0.001725 0.001346 0.001222 0.001282 0.001216 0.000987 0.000832 0.000756 0.000660 0.000494 
175.092870 175.644509 177.084671 179.471756 181.950916 180.784063 179.573129 177.159839 175.417626 175.456888 176.650053 177.505328 177.446599 178.504118 180.040473 179.889311 178.823787 176.281893 175.843933 177.642550 179.303912 179.270868 178.706419 179.454178 180.293922 180.117979 178.517795 176.720698 176.814234 178.525828 180.147744 180.585881 179.641190 179.115530 
0.013009 0.015817 0.015625 0.013680 0.010918 0.008103 0.005998 0.004641 0.003615 0.003023 0.002531 0.002101 0.001622 0.001308 0.001075 0.000741 0.000557 0.000551 0.000449 0.000332 0.000304 0.000312 0.000201 0.000099 0.000062 0.000043 0.000043 0.000080 0.000073 0.000055 0.000053 0.000043 0.000081 0.000135 
229.224135 229.115722 227.944217 226.474010 226.270195 227.183285 227.752615 228.044692 227.851230 227.061761 228.000965 229.023005 228.056881 227.524928 227.529245 226.493461 227.861840 230.447039 230.041139 227.548203 227.698532 231.509032 230.544361 224.606373 227.045815 228.181425 227.017356 232.202251 233.349413 234.145339 232.983523 230.932114 230.006637 230.297396 
0.013606 0.014412 0.010403 0.005238 0.002891 0.002218 0.001849 0.001971 0.001828 0.001382 0.001340 0.001495 0.001655 0.001797 0.001813 0.001659 0.001394 0.001241 0.001187 0.001232 0.001320 0.001318 0.001184 0.000988 0.000833 0.000773 0.000785 0.000854 0.000908 0.000913 0.000864 0.000774 0.000655 0.000505 
247.187654 247.567461 248.316449 248.536749 247.433356 246.376381 247.741614 247.739821 246.918986 245.783150 244.990708 245.235230 247.688252 248.457134 248.118756 247.351229 246.156313 245.123230 245.289144 246.518811 247.229911 247.310472 247.350560 247.285136 246.825635 246.617702 246.480171 246.646612 246.767367 246.777834 246.685591 246.551585 246.438951 246.360469 
0.032683 0.039651 0.034493 0.021255 0.010506 0.006226 0.005151 0.005051 0.006006 0.005755 0.004596 0.003909 0.004459 0.004984 0.004676 0.003852 0.003183 0.003050 0.003194 0.003089 0.002631 0.001996 0.001571 0.001489 0.001665 0.001689 0.001472 0.001113 0.000854 0.000803 0.000929 0.000972 0.000858 0.000624 
286.395183 286.107982 285.971700 286.399772 287.243616 286.618017 284.258279 285.607880 287.650533 287.029738 286.736443 288.132651 289.649929 290.091355 289.967014 289.134091 288.295768 289.138111 290.293719 290.770921 290.612192 289.668868 288.675475 289.022909 290.253000 290.746333 290.672389 289.887603 288.842451 289.000801 290.327959 290.875331 290.956373 290.834898 
0.027955 0.028804 0.020547 0.009647 0.005846 0.005387 0.005820 0.005955 0.005670 0.004743 0.004021 0.003981 0.004522 0.004790 0.004138 0.002768 0.002199 0.002249 0.002868 0.003084 0.002688 0.001889 0.001477 0.001446 0.001725 0.001836 0.001620 0.001183 0.000907 0.000877 0.001059 0.001170 0.001103 0.000896 
302.483550 302.021101 301.607993 302.837841 304.030182 303.034063 301.570513 300.628771 300.099964 300.705379 301.880169 301.881484 300.202903 299.403480 299.694470 301.463135 302.310284 301.954562 299.779253 299.170873 299.541199 301.014317 301.972152 301.917548 300.168105 299.328055 299.555308 300.945450 301.845112 301.769067 300.422161 299.410448 299.467849 300.454087 
0.085089 0.121149 0.139888 0.139979 0.128560 0.112176 0.094922 0.078614 0.064334 0.052475 0.042680 0.034521 0.027635 0.022403 0.018517 0.015448 0.012756 0.010634 0.008999 0.007640 0.006425 0.005493 0.004795 0.004144 0.003529 0.003068 0.002743 0.002392 0.002059 0.001852 0.001735 0.001546 0.001351 0.001161 
332.236161 333.177052 333.805898 334.147311 334.348555 334.549035 334.746950 335.037962 335.382955 335.621639 335.721246 335.786725 336.048548 336.220677 336.221011 336.146331 336.279117 336.300336 336.164062 336.052663 336.173836 336.144760 335.875400 335.751090 335.972967 335.934299 335.416911 335.394939 335.840017 335.789174 335.184942 335.654930 336.238449 335.692942 
0.003739 0.004223 0.003774 0.002609 0.001425 0.000786 0.000627 0.000566 0.000454 0.000380 0.000343 0.000293 0.000253 0.000226 0.000189 0.000154 0.000146 0.000157 0.000168 0.000167 0.000161 0.000156 0.000154 0.000155 0.000155 0.000148 0.000140 0.000139 0.000143 0.000150 0.000165 0.000190 0.000234 0.000275 
365.206330 365.385090 365.983921 366.839978 368.495208 370.335419 369.579506 369.382517 368.861628 368.600647 368.953033 368.356537 367.452268 367.765214 367.922176 366.834603 365.970194 365.855096 365.654887 365.074240 364.711146 364.590734 364.436485 364.420865 364.526522 364.367759 364.082198 364.102405 364.205273 364.129500 364.299607 364.939395 366.824939 368.694812 
0.001917 0.001933 0.001541 0.001082 0.000711 0.000622 0.000548 0.000408 0.000410 0.000258 0.000265 0.000199 0.000153 0.000154 0.000099 0.000114 0.000067 0.000076 0.000060 0.000055 0.000054 0.000043 0.000053 0.000041 0.000045 0.000039 0.000039 0.000037 0.000033 0.000031 0.000022 0.000041 0.000122 0.000224 
393.430541 392.966914 392.142107 390.291516 388.712876 387.474063 387.640150 388.895234 387.413378 389.649096 388.119291 388.484161 390.162639 387.877538 389.881266 387.989865 390.252865 388.214736 389.396330 389.309911 388.379323 390.136718 388.605683 391.516989 389.691325 391.378182 391.368591 389.407385 391.169655 388.760448 389.752517 391.845603 390.330442 389.877623 
0.006522 0.007944 0.007912 0.007274 0.007608 0.008071 0.007367 0.006605 0.006202 0.005816 0.004657 0.003834 0.003318 0.002663 0.001852 0.001502 0.001488 0.001620 0.002002 0.002389 0.002545 0.002674 0.002893 0.003041 0.002940 0.002881 0.002893 0.002791 0.002571 0.002375 0.002184 0.001980 0.001778 0.001503 
416.438770 417.614499 417.572185 416.211957 415.348527 415.490471 414.640604 414.145364 414.655842 415.596333 414.901475 414.961038 416.028418 416.879014 417.082895 417.836479 418.162863 417.134928 416.438343 416.313790 415.650255 415.337942 415.710750 415.980319 415.472189 415.344367 415.735558 415.855192 415.649209 415.730290 416.013008 416.234473 416.514503 416.442207 
0.006500 0.008908 0.009466 0.009050 0.009139 0.009588 0.009179 0.008424 0.007977 0.007430 0.006260 0.005426 0.004873 0.004071 0.003313 0.002910 0.002714 0.002431 0.002364 0.002528 0.002361 0.002227 0.002276 0.002230 0.001825 0.001623 0.001584 0.001285 0.000994 0.000890 0.000836 0.000714 0.000734 0.000873 
430.938444 431.204428 432.390106 434.028788 434.400341 433.396096 433.253692 433.489461 433.206535 432.908955 433.734673 433.952879 433.510962 433.940795 434.910427 435.056936 434.544149 435.109646 434.893467 433.549954 434.103714 434.310861 433.407054 432.761834 434.169842 434.288162 432.918989 433.581583 435.125197 434.987731 434.296277 435.685116 434.638017 431.415627 
0.001372 0.001555 0.001317 0.000899 0.000650 0.000529 0.000443 0.000378 0.000324 0.000286 0.000273 0.000267 0.000255 0.000241 0.000230 0.000221 0.000209 0.000200 0.000199 0.000205 0.000215 0.000222 0.000222 0.000217 0.000213 0.000210 0.000205 0.000196 0.000185 0.000177 0.000180 0.000187 0.000187 0.000166 
478.292931 476.573864 474.541978 471.400859 469.537482 471.170735 475.186822 477.459439 476.920748 476.940352 478.755621 480.033634 480.099311 480.067115 480.298145 480.455597 480.543388 480.549418 480.542959 480.711203 481.028219 481.181622 481.118374 480.964689 480.929165 481.019788 480.895382 480.477157 480.507929 480.949958 481.186550 481.174500 480.752651 479.674092 
0.000625 0.000652 0.000607 0.000488 0.000331 0.000238 0.000202 0.000168 0.000138 0.000115 0.000095 0.000079 0.000065 0.000052 0.000045 0.000043 0.000040 0.000037 0.000036 0.000038 0.000040 0.000036 0.000030 0.000026 0.000025 0.000025 0.000027 0.000031 0.000034 0.000034 0.000028 0.000023 0.000022 0.000022 
526.666848 527.886617 528.915141 528.683543 527.480265 526.826758 527.073161 526.870586 526.661575 526.693291 526.867145 527.167052 527.252236 527.373171 526.691496 525.324361 524.722279 525.356571 527.761267 529.372388 529.077434 528.127525 527.524895 527.426801 526.693475 525.574724 526.125354 527.904983 529.378988 530.736039 531.899408 532.107723 529.788200 526.857804 
0.000768 0.000852 0.000765 0.000539 0.000294 0.000177 0.000153 0.000126 0.000098 0.000076 0.000062 0.000052 0.000045 0.000038 0.000033 0.000028 0.000024 0.000021 0.000019 0.000018 0.000018 0.000018 0.000016 0.000014 0.000014 0.000016 0.000018 0.000016 0.000014 0.000016 0.000021 0.000024 0.000026 0.000027 
554.654975 554.650936 553.742484 552.091546 549.511223 548.104663 549.616185 550.166205 550.064296 549.828742 549.785999 550.010059 550.256425 550.264499 550.091342 549.793452 549.197950 548.683573 548.338434 547.870325 547.982089 548.104233 547.790451 548.059986 550.055883 551.994893 552.068245 550.922025 548.858047 547.242121 546.584739 546.173630 546.572970 547.844971 
0.001653 0.001533 0.000991 0.000622 0.000452 0.000375 0.000237 0.000121 0.000110 0.000158 0.000238 0.000287 0.000299 0.000271 0.000215 0.000145 0.000066 0.000057 0.000069 0.000126 0.000156 0.000155 0.000129 0.000090 0.000075 0.000077 0.000105 0.000136 0.000150 0.000139 0.000101 0.000063 0.000054 0.000065 
591.594643 590.845873 588.883112 589.031296 591.555665 594.212734 594.093178 590.712113 590.703546 593.759009 595.232149 595.532807 595.598723 595.694323 595.795865 595.501731 592.371106 590.604939 592.034416 594.720174 595.077566 595.078062 594.710951 593.148789 592.271287 592.594387 594.433922 595.210516 595.262713 595.151957 595.111604 594.955560 594.580124 594.188197 
0.002422 0.002448 0.001854 0.001112 0.000643 0.000454 0.000352 0.000283 0.000259 0.000274 0.000300 0.000315 0.000310 0.000290 0.000258 0.000223 0.000189 0.000167 0.000164 0.000172 0.000176 0.000160 0.000131 0.000099 0.000084 0.000092 0.000118 0.000141 0.000155 0.000162 0.000161 0.000156 0.000147 0.000128 
613.326184 612.627058 611.760222 610.250450 607.138988 605.620177 606.215203 606.215056 605.385936 604.303127 603.345900 602.700766 602.300523 602.167636 602.293905 602.707723 603.255538 603.453364 603.269992 603.125365 603.172859 603.081389 603.232760 604.295573 605.282599 605.065098 603.532594 602.554564 602.231819 602.334660 602.731170 603.412706 604.493716 606.141710 
0.001584 0.001563 0.001163 0.000714 0.000435 0.000253 0.000150 0.000126 0.000124 0.000122 0.000110 0.000087 0.000061 0.000040 0.000030 0.000029 0.000031 0.000034 0.000033 0.000029 0.000024 0.000021 0.000023 0.000025 0.000024 0.000021 0.000021 0.000022 0.000024 0.000026 0.000028 0.000029 0.000030 0.000030 
682.885355 683.718044 683.676169 681.422526 678.635065 679.117102 680.280232 678.667818 677.047380 676.198020 675.889767 676.189558 677.383109 679.899263 681.600237 680.984618 678.137652 675.975361 675.177091 675.643387 676.469168 677.163120 679.336315 681.431736 683.060641 683.570813 681.195976 678.433408 679.600869 684.444408 687.754767 686.581991 682.122891 678.196224 
0.000673 0.000731 0.000622 0.000439 0.000339 0.000294 0.000282 0.000260 0.000244 0.000236 0.000231 0.000225 0.000218 0.000215 0.000217 0.000219 0.000218 0.000212 0.000206 0.000203 0.000203 0.000206 0.000212 0.000218 0.000218 0.000215 0.000210 0.000201 0.000191 0.000186 0.000188 0.000192 0.000192 0.000174 
718.079434 717.990357 718.959009 721.530430 722.557958 722.189208 721.403061 721.615915 721.894812 721.962250 721.996787 722.123658 722.195286 722.136455 722.109555 722.110125 721.896211 721.633564 721.658204 721.915352 722.051104 722.024483 721.928249 721.767841 721.747828 721.839437 721.853568 721.768646 721.754207 721.826279 721.966998 722.118350 722.102438 722.110869 
0.000268 0.000309 0.000304 0.000249 0.000176 0.000127 0.000102 0.000085 0.000069 0.000057 0.000048 0.000043 0.000038 0.000032 0.000026 0.000022 0.000019 0.000019 0.000020 0.000021 0.000019 0.000016 0.000015 0.000015 0.000016 0.000020 0.000022 0.000021 0.000020 0.000020 0.000019 0.000017 0.000019 0.000030 
747.060373 748.604175 749.758899 750.272770 750.022933 749.083426 748.706014 748.585360 748.550804 748.892572 749.540054 749.956976 749.603566 749.067572 748.109178 747.168956 748.204390 748.724965 748.091896 748.214838 749.512065 751.039212 749.136368 747.545690 748.295356 748.027147 748.815277 750.073498 749.204323 748.360883 748.960420 751.395718 751.018910 747.269108 
0.000708 0.000729 0.000566 0.000340 0.000187 0.000130 0.000103 0.000086 0.000077 0.000069 0.000062 0.000056 0.000052 0.000048 0.000045 0.000040 0.000036 0.000035 0.000037 0.000039 0.000041 0.000039 0.000032 0.000026 0.000025 0.000029 0.000033 0.000034 0.000032 0.000030 0.000027 0.000024 0.000027 0.000038 
789.607968 788.277022 786.333850 784.340422 784.333157 784.391679 782.858034 782.784302 784.317956 785.807934 785.472741 783.503628 783.025354 783.979977 783.615587 782.386337 782.164221 782.617207 783.941162 785.971377 788.696842 791.594432 793.913676 791.985743 785.616053 784.062880 784.715664 783.447634 781.543421 781.779195 784.636651 787.390295 785.286411 783.303163 
0.001476 0.001490 0.001079 0.000552 0.000266 0.000202 0.000181 0.000203 0.000206 0.000191 0.000172 0.000155 0.000152 0.000160 0.000164 0.000156 0.000148 0.000143 0.000143 0.000150 0.000164 0.000171 0.000176 0.000179 0.000180 0.000181 0.000183 0.000181 0.000177 0.000179 0.000186 0.000185 0.000180 0.000166 
841.672123 841.862131 841.959422 841.794866 841.434280 841.208160 840.339748 840.784268 841.152906 841.899749 842.959541 842.779683 842.270576 842.457981 843.020377 842.698044 842.392298 842.042162 841.594213 841.927020 842.641534 841.993931 841.621214 841.946739 842.144271 842.179032 842.525146 842.550453 842.128159 842.045041 842.272556 841.805510 841.402691 841.229880 
0.000719 0.000684 0.000462 0.000219 0.000095 0.000063 0.000052 0.000047 0.000043 0.000037 0.000028 0.000021 0.000017 0.000015 0.000013 0.000014 0.000014 0.000010 0.000009 0.000015 0.000019 0.000021 0.000024 0.000026 0.000025 0.000021 0.000014 0.000011 0.000012 0.000014 0.000014 0.000013 0.000014 0.000016 
884.917985 884.766849 884.589546 884.638543 886.293938 886.965322 885.806684 884.850944 884.891436 885.638920 886.231252 885.966428 885.273482 886.005428 888.014734 887.678777 886.830260 888.624051 888.356056 885.666374 885.846740 886.288341 885.297019 884.036858 883.675218 883.962769 884.214010 884.894066 886.321008 886.962528 886.180489 884.555692 884.138357 884.698559 
0.000913 0.000874 0.000589 0.000273 0.000126 0.000104 0.000089 0.000081 0.000076 0.000066 0.000051 0.000041 0.000040 0.000039 0.000034 0.000029 0.000028 0.000028 0.000029 0.000030 0.000028 0.000022 0.000018 0.000021 0.000022 0.000021 0.000020 0.000020 0.000020 0.000021 0.000024 0.000027 0.000028 0.000027 
911.941586 912.526341 913.163630 913.463624 912.012737 912.965642 913.005833 912.118604 910.967497 909.706738 909.032782 910.754114 912.849851 912.664892 911.730453 911.248515 911.059163 911.284843 912.715180 914.509776 915.680974 915.157283 909.844681 908.548426 910.103477 911.484754 912.317190 911.146488 906.903567 904.149128 904.615142 906.856627 908.771869 910.741455 
0.000566 0.000593 0.000451 0.000249 0.000127 0.000095 0.000080 0.000063 0.000050 0.000043 0.000038 0.000033 0.000029 0.000025 0.000021 0.000018 0.000021 0.000021 0.000021 0.000023 0.000025 0.000023 0.000017 0.000014 0.000014 0.000014 0.000013 0.000015 0.000018 0.000016 0.000013 0.000013 0.000015 0.000022 
939.078584 939.219866 939.242330 938.964763 939.159770 940.263909 941.472323 942.446726 942.283989 941.260469 941.196353 941.655097 940.674175 939.533487 939.404740 940.389502 941.948686 940.821063 937.489394 936.250417 936.893942 936.704510 935.631622 937.500730 942.110484 943.116824 939.002644 937.371026 940.842466 939.872522 935.640020 938.557005 943.093134 945.320321 
0.000205 0.000260 0.000244 0.000178 0.000123 0.000106 0.000116 0.000131 0.000137 0.000130 0.000118 0.000114 0.000120 0.000133 0.000148 0.000158 0.000160 0.000155 0.000150 0.000153 0.000163 0.000173 0.000178 0.000177 0.000173 0.000171 0.000174 0.000182 0.000192 0.000196 0.000193 0.000183 0.000164 0.000133 
959.090664 959.527018 959.684520 959.631231 960.632349 962.915371 963.837166 963.375298 962.783489 962.250875 961.675711 961.587107 962.228453 962.756569 962.797472 962.536637 962.282574 962.153876 962.135290 962.154519 962.250250 962.466476 962.704518 962.811854 962.731835 962.564335 962.423059 962.309494 962.231416 962.229101 962.270450 962.263109 962.166016 962.017821 
0.000111 0.000159 0.000157 0.000116 0.000094 0.000090 0.000094 0.000093 0.000082 0.000056 0.000029 0.000025 0.000033 0.000049 0.000057 0.000056 0.000042 0.000019 0.000007 0.000005 0.000025 0.000048 0.000060 0.000057 0.000039 0.000020 0.000016 0.000030 0.000045 0.000048 0.000043 0.000044 0.000056 0.000066 
973.496522 973.223512 973.495977 974.647492 974.438963 972.771932 971.154512 970.836600 971.181332 972.096302 974.898758 974.381300 971.553491 970.171015 970.094492 970.293610 970.152112 969.348623 974.377441 974.377441 969.557867 970.015093 970.103307 970.015419 969.622018 969.606083 969.947757 969.382591 969.765275 969.738249 969.187437 969.030660 969.611861 970.831245 
0.000456 0.000470 0.000350 0.000234 0.000176 0.000157 0.000119 0.000077 0.000047 0.000034 0.000030 0.000027 0.000024 0.000021 0.000019 0.000016 0.000012 0.000010 0.000013 0.000013 0.000010 0.000008 0.000009 0.000008 0.000007 0.000008 0.000010 0.000014 0.000019 0.000022 0.000020 0.000016 0.000012 0.000014 
1004.547565 1003.972601 1002.430169 1001.210654 1001.904688 1004.296693 1004.996666 1005.110350 1005.630891 1005.928328 1005.222253 1004.882492 1005.220307 1005.850149 1005.911511 1005.211912 1004.931359 1005.549117 1005.128195 1003.899500 1002.622777 1003.488531 1004.874383 1005.134369 1003.731092 1001.879351 1001.657746 1002.239818 1002.702936 1002.387512 1001.344577 1000.828736 1001.677068 1003.865999 
0.001223 0.001263 0.000946 0.000517 0.000252 0.000163 0.000116 0.000091 0.000079 0.000065 0.000053 0.000046 0.000042 0.000038 0.000037 0.000036 0.000036 0.000038 0.000040 0.000043 0.000045 0.000044 0.000039 0.000030 0.000026 0.000026 0.000029 0.000031 0.000033 0.000035 0.000031 0.000027 0.000030 0.000041 
1035.253193 1034.206791 1032.879298 1030.355237 1025.447116 1025.719388 1032.424324 1041.184040 1045.569470 1046.142965 1042.951020 1039.958515 1039.946066 1038.709489 1035.630457 1033.367750 1031.982381 1030.908941 1030.121506 1030.359917 1035.778544 1041.980744 1044.119422 1044.017176 1042.701257 1042.237858 1042.391869 1040.132348 1037.245811 1038.442949 1042.258796 1045.071001 1044.229386 1043.072292 
0.000426 0.000400 0.000269 0.000172 0.000147 0.000145 0.000132 0.000124 0.000123 0.000128 0.000138 0.000144 0.000139 0.000132 0.000129 0.000129 0.000133 0.000139 0.000146 0.000149 0.000148 0.000147 0.000149 0.000148 0.000145 0.000139 0.000134 0.000134 0.000139 0.000142 0.000142 0.000140 0.000135 0.000118 
1087.354350 1087.583657 1087.732559 1086.433526 1085.414027 1084.488675 1083.469630 1082.927192 1082.752353 1082.882021 1083.354351 1083.316377 1082.870476 1082.824864 1083.204962 1083.295803 1083.068061 1082.890565 1082.988851 1083.048696 1082.808248 1082.624015 1082.644222 1082.702810 1082.980096 1083.407924 1083.388552 1082.824521 1082.365255 1082.346280 1082.685845 1082.982155 1083.084855 1083.276520 
0.000293 0.000315 0.000259 0.000174 0.000112 0.000086 0.000067 0.000050 0.000041 0.000040 0.000041 0.000039 0.000033 0.000028 0.000025 0.000022 0.000021 0.000022 0.000024 0.000024 0.000022 0.000020 0.000018 0.000020 0.000021 0.000024 0.000024 0.000022 0.000019 0.000018 0.000020 0.000019 0.000016 0.000014 
1130.975352 1132.117093 1133.804101 1134.633988 1132.688540 1130.688820 1131.967700 1133.377250 1133.363463 1132.299734 1131.895426 1132.696565 1134.320569 1135.435581 1134.807601 1133.741246 1134.042491 1135.953856 1137.853653 1137.763436 1136.467689 1136.572262 1138.440776 1138.822498 1138.339687 1136.826531 1135.067633 1133.708951 1134.006515 1136.465787 1137.638986 1137.745555 1137.819043 1137.094504 
0.000504 0.000596 0.000538 0.000391 0.000268 0.000195 0.000165 0.000158 0.000153 0.000137 0.000124 0.000115 0.000100 0.000073 0.000040 0.000026 0.000033 0.000052 0.000051 0.000049 0.000054 0.000064 0.000058 0.000045 0.000042 0.000045 0.000048 0.000042 0.000036 0.000037 0.000045 0.000052 0.000056 0.000056 
1186.523470 1187.844477 1189.637536 1191.832487 1192.165169 1189.985633 1189.217491 1191.230964 1192.940206 1193.468612 1192.566347 1191.395872 1190.789862 1189.757275 1184.047451 1178.399779 1186.566762 1191.454529 1190.476194 1188.260999 1188.819240 1191.121470 1191.381393 1190.204620 1190.555362 1192.974863 1193.446634 1191.760318 1190.485155 1192.550189 1194.409985 1194.167310 1192.927344 1190.855060 
0.000251 0.000292 0.000280 0.000238 0.000178 0.000122 0.000108 0.000115 0.000147 0.000166 0.000175 0.000174 0.000163 0.000148 0.000134 0.000126 0.000125 0.000126 0.000126 0.000128 0.000134 0.000137 0.000133 0.000125 0.000121 0.000120 0.000120 0.000121 0.000124 0.000126 0.000127 0.000123 0.000112 0.000091 
1203.660188 1202.819274 1202.207579 1202.326281 1203.519232 1205.825683 1206.402728 1205.456962 1203.240700 1202.612672 1202.642765 1202.913852 1203.064429 1203.242109 1203.571352 1203.890701 1204.005874 1203.851958 1203.567132 1203.528624 1203.715908 1203.832212 1203.586118 1203.317040 1203.258805 1203.345509 1203.400652 1203.522690 1203.741272 1203.826838 1203.783180 1203.893486 1204.249438 1204.677748 
0.000092 0.000131 0.000144 0.000130 0.000105 0.000082 0.000069 0.000064 0.000060 0.000052 0.000041 0.000033 0.000030 0.000032 0.000031 0.000025 0.000018 0.000014 0.000015 0.000015 0.000011 0.000006 0.000006 0.000011 0.000015 0.000015 0.000013 0.000012 0.000012 0.000010 0.000008 0.000006 0.000007 0.000010 
1284.855807 1285.074290 1285.292253 1285.405044 1285.133972 1284.367174 1283.769168 1283.953807 1284.315073 1284.280190 1283.581476 1283.133682 1283.515175 1284.906670 1285.660661 1285.883082 1285.635979 1284.754372 1284.840698 1285.394076 1285.479113 1282.620132 1282.135082 1284.783586 1285.346935 1285.927246 1286.523598 1285.688009 1284.443212 1283.740650 1283.420622 1284.234228 1285.019418 1284.847016 
0.000190 0.000255 0.000274 0.000257 0.000233 0.000213 0.000190 0.000163 0.000140 0.000125 0.000111 0.000096 0.000084 0.000076 0.000069 0.000061 0.000053 0.000051 0.000052 0.000051 0.000048 0.000044 0.000041 0.000035 0.000030 0.000028 0.000027 0.000025 0.000019 0.000015 0.000017 0.000025 0.000031 0.000031 
1360.649089 1360.481921 1360.003019 1359.587323 1359.735713 1360.246304 1360.492547 1360.524040 1360.644815 1360.773747 1360.712279 1360.874544 1361.317230 1361.473255 1361.318899 1361.446600 1362.068539 1362.204018 1360.832671 1359.991715 1361.002954 1363.394449 1363.999041 1362.539387 1359.949082 1359.626785 1360.490695 1360.935361 1359.600978 1357.983946 1358.393034 1359.440523 1359.482255 1359.161129 
0.000249 0.000317 0.000314 0.000251 0.000183 0.000163 0.000173 0.000185 0.000168 0.000136 0.000123 0.000127 0.000138 0.000136 0.000123 0.000115 0.000112 0.000112 0.000107 0.000096 0.000091 0.000092 0.000098 0.000101 0.000102 0.000103 0.000103 0.000101 0.000097 0.000095 0.000096 0.000098 0.000097 0.000085 
1447.910911 1448.110976 1448.392675 1448.529622 1447.892839 1447.020582 1447.478759 1448.177437 1447.859536 1446.016482 1444.149407 1443.735206 1444.514399 1444.845601 1444.199413 1443.695015 1443.670839 1444.645756 1444.938271 1444.411866 1444.022943 1443.748161 1443.471520 1443.615823 1444.056293 1444.387915 1444.408383 1444.190367 1443.760997 1443.472567 1443.344954 1443.299591 1443.416031 1443.736095 
