0.079932 6.675928
0.031973 2.982419
0.143878 5.009613
0.095918 5.621691
0.079932 1.665081
0.031973 6.495329
0.031973 12.551262
0.063946 6.236207
0.063946 4.815065
0.111905 1.323192
0.047959 2.872137
0.031973 0.661889
0.015986 13.405456
0.031973 14.412179
0.015986 12.813057
0.015986 10.011918
0.031973 3.707094
0.031973 7.124724
0.031973 13.071266
0.031973 19.210962
0.015986 10.768962
0.015986 8.829959
0.015986 8.463950
0.063946 3.125977
0.159864 2.590676
0.015986 11.221639
0.063946 2.432209
0.095918 4.465629
0.095918 4.508769
0.031973 2.841258
0.095918 3.511994
0.047959 10.373778
0.047959 4.960080
0.047959 2.362843
0.223810 4.246931
0.287755 4.241555
0.031973 4.074541
0.559524 5.682605
0.079932 2.735624
0.207823 2.149482
0.271769 2.839308
0.159864 1.942062
0.143878 7.124708
0.111905 6.013940
0.031973 5.278693
0.095918 3.711027
0.031973 2.897826
0.031973 5.422862
0.047959 2.717345
0.239796 4.895290
0.239796 8.020913
0.239796 2.874187
0.031973 4.549224
0.047959 8.120788
0.079932 7.795210
0.111905 4.471229
0.143878 2.746554
0.095918 1.870821
0.031973 8.076093
0.047959 7.253251
0.111905 8.021923
0.031973 3.607809
0.223810 4.404309
0.223810 2.602945
0.127891 2.041682
0.143878 3.527825
0.047959 5.123737
0.127891 5.614173
0.063946 2.405147
0.207823 2.471268
0.047959 4.377553
0.047959 9.034634
0.063946 2.961187
0.063946 9.317384
0.031973 4.633238
0.031973 8.540165
0.127891 3.885107
0.047959 6.793244
0.031973 4.873517
0.031973 8.849950
0.031973 7.992810
0.063946 6.181685
0.031973 9.140914
0.031973 8.178556
0.047959 9.599087
0.079932 7.654122
0.047959 11.565484
0.063946 10.313980
0.047959 10.675908
0.047959 7.732212
0.047959 8.062870
0.031973 9.279592
0.047959 6.636727
0.031973 6.429587
0.079932 8.377500
0.031973 5.624310
0.063946 6.885430
0.047959 8.790802
0.063946 7.889389
0.047959 9.784340
0.047959 5.997521
0.063946 10.735478
0.047959 9.082672
0.031973 10.737656
0.063946 7.629819
0.063946 9.007759
0.031973 8.447527
0.047959 8.510198
0.063946 8.511420
0.047959 8.899880
0.047959 9.458405
0.047959 5.143738
0.047959 8.095120
0.047959 9.094373
