27.000000 65.000000 0.015986
0.003895 0.007214 0.006344 0.005847 0.004998 0.004316 0.003267 0.001843 0.000878 0.000610 0.000606 0.000890 0.001099 0.001127 0.000950 0.000743 0.000719 0.000810 0.000862 0.000725 0.000499 0.000359 0.000355 0.000404 0.000455 0.000420 0.000343 
17.632411 17.048265 15.844014 14.186312 12.203414 10.156975 9.343642 10.377125 12.852414 10.457310 6.530182 3.714962 3.778088 4.635632 5.980696 7.686486 8.526290 7.767166 6.562941 6.051425 7.326230 9.621907 10.584113 9.829534 8.848170 9.635185 11.783011 
0.002902 0.003475 0.003023 0.002017 0.001282 0.001083 0.000887 0.000486 0.000267 0.000282 0.000294 0.000219 0.000129 0.000095 0.000085 0.000079 0.000093 0.000118 0.000101 0.000061 0.000042 0.000036 0.000030 0.000025 0.000042 0.000095 0.000149 
31.931371 31.387658 30.568673 29.867849 30.949277 32.891934 33.531894 34.697925 36.320310 34.483401 34.465861 35.434502 35.652252 34.911915 35.370411 35.601603 35.476946 33.592683 32.434304 30.896572 31.303786 33.560003 34.293267 32.217898 31.869744 35.718433 35.465497 
0.001409 0.001473 0.001090 0.000839 0.000820 0.000912 0.000755 0.000446 0.000302 0.000287 0.000297 0.000271 0.000227 0.000187 0.000121 0.000072 0.000081 0.000145 0.000207 0.000220 0.000197 0.000161 0.000117 0.000095 0.000111 0.000163 0.000200 
47.368690 46.941414 45.325033 45.291945 46.676081 48.173371 48.161790 48.245367 49.006258 49.381907 47.646703 46.494589 46.787581 48.845356 50.209507 48.266353 47.758505 48.689630 50.314257 51.381853 52.139454 52.067549 50.729747 48.141189 46.893252 47.705471 48.255666 
0.000977 0.001214 0.001145 0.000926 0.000846 0.000798 0.000663 0.000480 0.000392 0.000352 0.000254 0.000186 0.000194 0.000272 0.000282 0.000225 0.000175 0.000193 0.000257 0.000286 0.000237 0.000197 0.000181 0.000187 0.000170 0.000153 0.000137 
61.490262 61.913197 61.732256 60.551874 60.073441 60.541229 62.161542 64.061717 64.710159 64.014970 62.239481 62.432140 62.923324 63.934109 63.947109 63.515998 61.816607 60.540523 61.176912 61.306106 59.888847 59.593356 61.361368 63.404875 62.680574 60.333262 59.276163 
0.001618 0.002141 0.002113 0.001686 0.001552 0.001809 0.002009 0.001837 0.001424 0.001188 0.001074 0.000942 0.000695 0.000546 0.000575 0.000700 0.000765 0.000697 0.000598 0.000534 0.000563 0.000572 0.000505 0.000378 0.000294 0.000271 0.000262 
88.528764 88.061504 87.427484 86.535572 86.833771 88.005144 88.215598 87.618034 86.114279 85.676994 86.871473 88.262553 87.638665 86.168850 85.645491 87.207159 87.820941 86.929580 85.710246 86.233153 88.295145 88.851994 88.053584 86.344718 86.329827 87.876817 88.892342 
0.003443 0.004021 0.003230 0.001820 0.001426 0.001786 0.002662 0.002567 0.001721 0.001162 0.001172 0.001361 0.001193 0.000817 0.000652 0.000810 0.000856 0.000639 0.000436 0.000489 0.000688 0.000774 0.000671 0.000533 0.000520 0.000545 0.000538 
99.477639 99.599755 99.953544 99.902857 98.845670 97.842367 98.870408 99.533183 100.425048 99.928726 99.219508 99.015492 99.517195 99.408601 98.433049 98.178239 98.459539 98.840029 99.067571 99.613061 98.974852 98.368302 98.477986 100.012661 100.763504 100.508140 99.529154 
0.010557 0.019059 0.017265 0.015690 0.011994 0.009094 0.008827 0.009590 0.010174 0.009429 0.008154 0.006801 0.005132 0.003237 0.002345 0.002349 0.003049 0.003552 0.003542 0.003164 0.002560 0.001729 0.001063 0.000833 0.000935 0.001037 0.000869 
115.888391 116.245357 117.028453 117.845182 118.372970 118.981631 118.169503 117.391207 117.487520 117.343756 116.870816 116.148145 115.955099 116.721205 117.616190 117.766038 117.959513 118.538046 118.341621 117.814321 116.972097 117.107738 118.617407 117.976696 113.897372 112.974203 112.859327 
0.010865 0.011460 0.008686 0.005086 0.003113 0.001993 0.001483 0.001475 0.001244 0.000600 0.000340 0.000323 0.000280 0.000101 0.000176 0.000344 0.000421 0.000329 0.000172 0.000144 0.000196 0.000220 0.000132 0.000045 0.000051 0.000098 0.000095 
163.275453 163.181540 162.790116 161.765871 162.251398 165.798363 166.007041 163.326720 160.959828 160.253474 161.163398 160.304545 162.323803 165.382676 161.761684 162.370106 163.481632 163.596952 165.234299 165.815813 163.163171 161.696794 160.448799 162.470929 164.338419 161.779678 162.147114 
0.018975 0.020597 0.016511 0.011447 0.009742 0.009223 0.007956 0.006337 0.005484 0.005157 0.004784 0.004182 0.003442 0.002844 0.002453 0.002170 0.001898 0.001644 0.001467 0.001347 0.001241 0.001100 0.000903 0.000725 0.000586 0.000462 0.000323 
177.214948 177.142698 177.231854 177.662797 178.258561 178.126897 177.690704 178.343970 179.685260 180.399515 180.438605 180.166307 179.896384 179.550403 179.063617 178.193252 177.732860 178.597616 179.803851 180.144553 179.826542 179.514544 179.664840 179.619439 179.248047 178.496627 177.646287 
0.064397 0.081066 0.075210 0.052958 0.034972 0.028079 0.025254 0.020110 0.015911 0.013549 0.012359 0.012305 0.011665 0.009967 0.007451 0.005447 0.004455 0.003743 0.002821 0.002184 0.001791 0.001578 0.001411 0.001185 0.001046 0.000882 0.000703 
207.908700 208.582631 209.257194 209.748761 208.977857 208.645006 209.268134 210.612379 211.211268 210.877697 209.084000 207.254925 207.295637 208.660141 209.396709 208.702737 207.708015 207.274113 208.645100 210.422358 210.288471 207.863788 207.196877 208.375350 209.889498 210.020759 208.812112 
0.060421 0.074749 0.068145 0.054482 0.044832 0.040818 0.031317 0.020431 0.015279 0.013835 0.011707 0.008644 0.007128 0.006458 0.005404 0.004002 0.003209 0.002980 0.002763 0.002437 0.001893 0.001249 0.000804 0.000682 0.000696 0.000718 0.000599 
229.060109 228.331668 226.859259 225.985975 226.766975 228.927639 229.321469 228.878447 228.799084 228.896492 228.420494 226.699595 226.106969 227.148777 228.223065 228.821757 229.708740 230.792306 231.072256 230.022996 229.381092 230.143683 232.202704 232.988548 232.660067 232.355280 233.252253 
0.020477 0.024302 0.022048 0.014953 0.008593 0.005469 0.005290 0.004958 0.004297 0.003656 0.003263 0.002931 0.002370 0.001688 0.001202 0.001052 0.000979 0.000821 0.000610 0.000448 0.000383 0.000363 0.000332 0.000290 0.000231 0.000174 0.000196 
256.445871 256.035219 256.330068 257.768692 259.258407 257.841616 255.455563 254.865883 255.543598 256.224598 256.022197 255.671350 255.863154 256.825122 257.605348 256.617908 255.761444 255.737018 256.256464 256.946197 256.962850 256.280758 255.666018 255.666019 256.648167 261.430881 263.111775 
0.024106 0.086947 0.075790 0.066065 0.057587 0.050198 0.043757 0.040715 0.032652 0.024616 0.021274 0.021251 0.022116 0.020075 0.015644 0.011375 0.009628 0.009529 0.009939 0.008997 0.006941 0.004862 0.004030 0.004109 0.004504 0.004254 0.003403 
289.152988 289.948406 289.403893 288.771150 289.634325 291.610550 292.766123 292.996573 292.335098 291.089026 291.027985 292.024033 293.136272 293.402850 292.857540 291.700664 291.687720 292.637044 293.776016 294.251110 294.141128 293.349192 293.239368 294.047349 294.676786 295.038442 295.458624 
0.001249 0.002509 0.002359 0.002337 0.001976 0.001594 0.001325 0.001223 0.001250 0.001247 0.001109 0.001032 0.001038 0.001012 0.000919 0.000897 0.000931 0.000881 0.000813 0.000808 0.000838 0.000774 0.000736 0.000755 0.000770 0.000690 0.000583 
333.808901 333.245592 333.447599 334.259274 335.399334 336.161863 336.823424 337.086552 336.667924 336.128924 336.779791 336.890664 336.360093 336.302005 337.106843 337.104185 336.283967 336.490219 337.031586 336.821539 336.145637 337.048480 337.344403 336.719610 336.154853 337.095400 337.888904 
0.001116 0.001345 0.001295 0.001117 0.000971 0.000938 0.000849 0.000668 0.000507 0.000413 0.000419 0.000444 0.000443 0.000407 0.000369 0.000411 0.000514 0.000627 0.000646 0.000562 0.000475 0.000452 0.000482 0.000498 0.000448 0.000356 0.000270 
371.358479 372.342610 373.226565 373.094006 371.625897 369.535039 368.483785 368.372665 368.641607 368.464740 366.170678 364.748111 364.453876 365.299008 367.828646 369.314952 369.393588 369.072021 369.143923 369.906556 370.714867 370.421253 369.033898 367.406333 365.785441 363.485676 359.836490 
0.000400 0.000448 0.000436 0.000336 0.000197 0.000142 0.000141 0.000124 0.000103 0.000078 0.000064 0.000064 0.000065 0.000062 0.000051 0.000036 0.000033 0.000034 0.000034 0.000030 0.000022 0.000026 0.000034 0.000036 0.000036 0.000032 0.000026 
387.408411 386.971732 387.894633 389.468054 391.149949 390.442414 389.810288 389.867094 389.697576 389.479896 389.488286 390.088544 390.462698 390.290167 389.982243 389.842415 389.534979 389.836742 390.388803 391.300358 393.101200 390.422515 389.108247 389.783244 389.657471 389.335079 390.434717 
0.000780 0.000929 0.000851 0.000617 0.000377 0.000257 0.000216 0.000178 0.000136 0.000106 0.000098 0.000100 0.000093 0.000077 0.000061 0.000053 0.000050 0.000048 0.000047 0.000044 0.000039 0.000033 0.000032 0.000036 0.000038 0.000036 0.000038 
415.929215 415.184375 414.031916 413.019081 413.665438 417.408780 418.014668 416.427318 414.909228 415.108645 416.640551 417.390341 417.544347 417.618178 418.687174 420.509762 420.748667 418.832153 415.714891 413.883145 413.710360 413.871941 414.424325 415.726758 416.435471 416.226876 415.765074 
0.000191 0.000231 0.000219 0.000179 0.000150 0.000134 0.000115 0.000100 0.000089 0.000072 0.000056 0.000057 0.000062 0.000057 0.000042 0.000028 0.000029 0.000039 0.000037 0.000023 0.000016 0.000014 0.000019 0.000017 0.000017 0.000031 0.000059 
459.876770 460.532867 461.393906 462.229013 462.815504 462.810845 462.239205 462.368521 462.962074 462.093973 459.764647 460.497832 462.430265 463.310529 462.912075 460.611701 460.348992 464.815015 466.128645 463.471204 458.992893 457.892758 463.353477 460.191357 461.216396 466.199186 466.849671 
0.000224 0.000293 0.000289 0.000243 0.000224 0.000252 0.000276 0.000279 0.000273 0.000261 0.000248 0.000242 0.000241 0.000235 0.000224 0.000218 0.000222 0.000229 0.000224 0.000211 0.000200 0.000195 0.000193 0.000191 0.000190 0.000187 0.000169 
484.435386 484.614023 484.848536 485.078919 483.883313 482.154967 481.345764 480.944838 480.868675 480.987890 481.055726 480.984392 480.863395 480.781331 480.737529 480.848181 480.906187 480.861126 480.720228 480.738591 480.942957 481.129324 481.113817 480.964811 480.805706 480.626674 480.458779 
0.000510 0.000626 0.000550 0.000346 0.000194 0.000151 0.000130 0.000107 0.000097 0.000096 0.000106 0.000119 0.000122 0.000110 0.000092 0.000085 0.000092 0.000099 0.000095 0.000084 0.000073 0.000070 0.000071 0.000074 0.000078 0.000077 0.000068 
508.248946 507.916434 507.448899 506.966492 507.078955 507.331055 507.731288 509.285635 509.704466 511.042985 512.361302 512.273455 512.382650 512.532199 513.480649 514.084656 513.420996 513.360989 513.587495 514.078336 514.965383 514.872645 515.627313 516.156664 515.465872 514.558005 513.548779 
0.000301 0.000530 0.000448 0.000373 0.000268 0.000195 0.000147 0.000104 0.000081 0.000079 0.000077 0.000069 0.000057 0.000046 0.000035 0.000027 0.000025 0.000030 0.000036 0.000037 0.000034 0.000029 0.000028 0.000029 0.000027 0.000023 0.000020 
542.358708 542.149296 542.438469 543.873941 547.202910 549.989692 549.616650 548.435639 546.947555 545.806915 545.287527 544.836411 544.619943 545.391492 546.189748 545.080107 543.472572 543.932353 544.326588 544.308456 544.298074 545.366322 548.014253 550.293150 551.816080 553.566239 553.893494 
0.000088 0.000108 0.000102 0.000086 0.000081 0.000081 0.000077 0.000066 0.000050 0.000037 0.000031 0.000030 0.000030 0.000031 0.000030 0.000026 0.000020 0.000013 0.000012 0.000014 0.000014 0.000011 0.000012 0.000015 0.000018 0.000022 0.000024 
563.550215 563.812085 564.301162 564.451844 563.355624 562.672835 562.961474 563.331213 563.427876 563.839469 564.600446 565.132724 565.469652 565.047799 564.499453 564.447135 564.700737 564.803320 564.823539 564.621918 564.116958 563.082278 562.058257 561.718595 561.929908 562.385521 562.962069 
0.000318 0.000385 0.000378 0.000342 0.000329 0.000325 0.000299 0.000257 0.000223 0.000214 0.000225 0.000231 0.000221 0.000206 0.000201 0.000207 0.000219 0.000225 0.000221 0.000214 0.000212 0.000212 0.000215 0.000222 0.000222 0.000211 0.000185 
595.167283 593.774962 593.268945 594.712619 596.737354 597.630961 598.567863 599.563910 600.164750 600.568390 600.538362 600.067392 599.944765 600.461192 600.984159 601.069425 600.704953 600.352998 600.357111 600.650838 600.952840 601.177225 601.109789 600.846083 600.797459 600.948847 600.896683 
0.000451 0.000523 0.000473 0.000367 0.000296 0.000256 0.000255 0.000253 0.000260 0.000246 0.000205 0.000186 0.000190 0.000201 0.000191 0.000163 0.000145 0.000138 0.000140 0.000125 0.000121 0.000124 0.000130 0.000122 0.000100 0.000086 0.000077 
655.205321 656.940636 659.422899 662.763779 664.588128 664.482424 665.006705 666.268799 668.407393 669.251973 668.318831 667.735864 668.106334 669.243876 669.281282 668.137673 668.115167 669.143935 670.073646 668.138937 666.102477 666.122497 668.769078 669.786035 668.268902 666.686168 665.942236 
0.000182 0.000226 0.000219 0.000214 0.000207 0.000200 0.000194 0.000183 0.000192 0.000198 0.000178 0.000151 0.000125 0.000099 0.000096 0.000111 0.000126 0.000136 0.000131 0.000106 0.000073 0.000062 0.000064 0.000080 0.000087 0.000089 0.000092 
696.088391 696.620218 694.926374 691.861991 692.322523 694.910501 694.779535 692.921271 690.071060 688.614632 688.704172 689.318130 689.623260 691.159173 691.506037 690.503425 689.858260 688.891669 688.308769 688.774348 689.705864 690.232314 689.598500 687.993369 688.080884 690.615838 693.817897 
0.000000 0.000000 0.000000 0.000000 0.000000 0.000000 0.000000 0.000000 0.000000 0.000000 0.000000 0.000000 0.000000 0.000000 0.000000 0.000000 0.000000 0.000000 0.000000 0.000000 0.000000 0.000000 0.000000 0.000000 0.000000 0.000000 0.000000 
717.932601 718.725694 721.511811 723.044106 722.384765 719.756441 718.812143 720.332043 720.937844 720.375366 720.947941 722.137224 721.814649 720.908346 721.006865 721.726692 721.866806 721.574644 721.541114 721.881341 722.021209 721.821882 721.613688 721.627560 721.625987 721.411111 721.140034 
0.000232 0.000576 0.000516 0.000462 0.000440 0.000379 0.000329 0.000293 0.000250 0.000221 0.000216 0.000219 0.000182 0.000142 0.000135 0.000156 0.000141 0.000093 0.000079 0.000094 0.000098 0.000057 0.000035 0.000036 0.000056 0.000062 0.000069 
740.265884 739.545253 738.008416 736.544671 735.897543 736.427963 737.270325 737.474297 737.377919 736.979255 736.208938 735.322552 736.005627 737.222721 736.644896 734.741639 734.973924 738.148899 737.766415 734.181908 732.518326 733.950564 738.546441 739.191614 733.230030 732.128623 732.639833 
0.001350 0.002053 0.001841 0.001771 0.001671 0.001496 0.001228 0.001065 0.000981 0.000875 0.000734 0.000649 0.000598 0.000523 0.000444 0.000397 0.000372 0.000322 0.000268 0.000234 0.000214 0.000191 0.000176 0.000165 0.000146 0.000124 0.000105 
800.565951 800.987713 801.478625 802.987281 804.647507 805.363782 804.621604 804.456740 805.033951 805.281219 804.551109 804.427315 804.995479 804.952428 804.557053 804.871843 805.653566 805.165619 804.473560 804.557538 805.138627 804.784762 804.539537 804.688828 804.457428 803.778898 801.798666 
0.000450 0.000465 0.000349 0.000230 0.000170 0.000144 0.000128 0.000134 0.000143 0.000150 0.000160 0.000164 0.000166 0.000167 0.000159 0.000152 0.000152 0.000153 0.000157 0.000161 0.000162 0.000160 0.000164 0.000169 0.000169 0.000162 0.000142 
844.219411 844.446571 845.424851 845.016640 843.181904 842.360334 842.700465 842.233109 842.278575 842.503353 842.415888 842.533917 842.260681 841.847131 842.001202 842.033499 841.870643 842.149927 842.445415 842.158750 841.802764 841.732026 841.668604 841.844490 842.179036 842.531199 843.230149 
0.000100 0.000114 0.000097 0.000065 0.000046 0.000052 0.000057 0.000053 0.000041 0.000032 0.000029 0.000028 0.000025 0.000021 0.000015 0.000011 0.000010 0.000010 0.000009 0.000014 0.000022 0.000025 0.000021 0.000014 0.000012 0.000018 0.000030 
885.665397 885.973832 886.202654 886.334161 886.948438 887.446724 887.146215 886.374616 885.136731 884.405535 885.451434 886.909342 888.079799 888.900881 889.409812 889.456675 887.537549 886.142507 888.137891 889.823998 888.143421 886.965908 886.383184 886.198958 885.609081 885.605022 886.438474 
0.000148 0.000223 0.000212 0.000194 0.000172 0.000159 0.000154 0.000150 0.000141 0.000132 0.000131 0.000139 0.000138 0.000120 0.000099 0.000092 0.000095 0.000095 0.000085 0.000082 0.000093 0.000107 0.000112 0.000105 0.000091 0.000081 0.000075 
921.717918 919.864557 917.561066 915.837944 916.006990 917.070505 917.399369 917.486075 917.500199 916.535608 915.267575 914.224029 913.673973 913.747075 914.721830 915.597008 916.681338 917.537122 917.684110 916.246801 914.741984 914.467913 914.919330 915.340236 915.230794 914.792820 913.858681 
0.000111 0.000165 0.000163 0.000154 0.000150 0.000152 0.000146 0.000139 0.000142 0.000152 0.000157 0.000153 0.000147 0.000147 0.000151 0.000147 0.000139 0.000133 0.000133 0.000141 0.000150 0.000152 0.000147 0.000144 0.000142 0.000139 0.000123 
959.729085 960.655859 962.106386 963.266081 962.641173 961.366055 961.142313 961.743471 962.177584 962.081458 961.868648 961.950629 962.029713 961.958414 961.571278 961.240859 961.322356 961.767508 962.224508 962.381631 962.006174 961.725403 961.877187 962.019335 962.067700 961.907771 962.027955 
0.000080 0.000096 0.000094 0.000075 0.000054 0.000055 0.000057 0.000043 0.000024 0.000021 0.000027 0.000028 0.000025 0.000024 0.000025 0.000024 0.000025 0.000022 0.000018 0.000017 0.000017 0.000017 0.000019 0.000018 0.000011 0.000009 0.000018 
1005.461077 1005.260014 1005.662185 1006.223146 1005.775007 1005.524863 1005.984464 1005.117793 1001.117056 1003.541757 1008.307094 1007.747317 1004.931100 1004.785633 1008.210559 1009.976677 1007.868153 1004.635496 1002.452206 1004.177297 1006.038201 1006.189124 1005.707070 1004.608879 1000.572694 1000.018411 1005.158179 
0.000100 0.000185 0.000172 0.000161 0.000150 0.000140 0.000135 0.000126 0.000120 0.000118 0.000110 0.000096 0.000082 0.000074 0.000071 0.000067 0.000058 0.000042 0.000036 0.000037 0.000046 0.000049 0.000047 0.000043 0.000041 0.000045 0.000051 
1020.425526 1021.093982 1021.340144 1020.790192 1020.054420 1019.419981 1019.031489 1018.958251 1019.275454 1019.616875 1019.556639 1019.167133 1018.802228 1018.640854 1018.560585 1018.670849 1018.686554 1017.605841 1017.294055 1017.701020 1019.067950 1019.166592 1018.902971 1018.650817 1018.734872 1019.307305 1019.662511 
0.000294 0.000366 0.000342 0.000249 0.000186 0.000190 0.000208 0.000196 0.000181 0.000187 0.000183 0.000158 0.000141 0.000128 0.000109 0.000111 0.000131 0.000140 0.000130 0.000111 0.000091 0.000074 0.000070 0.000071 0.000072 0.000076 0.000086 
1033.642468 1033.534181 1033.329278 1033.671853 1035.384583 1036.431020 1036.274648 1036.915450 1036.267089 1034.046106 1034.090557 1036.186189 1036.848597 1036.053219 1036.493975 1036.360025 1035.495419 1035.506982 1035.602123 1035.243959 1035.217026 1036.533616 1037.011661 1036.769388 1036.458831 1035.386687 1033.312882 
0.000318 0.000394 0.000363 0.000280 0.000257 0.000285 0.000315 0.000279 0.000192 0.000149 0.000138 0.000172 0.000167 0.000123 0.000089 0.000086 0.000114 0.000124 0.000099 0.000057 0.000045 0.000055 0.000071 0.000065 0.000042 0.000029 0.000036 
1046.837892 1047.036552 1047.886440 1049.624638 1049.539763 1047.960573 1046.621307 1046.665174 1048.495532 1049.573268 1049.283754 1046.523886 1046.045344 1047.333485 1049.694624 1049.655189 1046.675167 1045.548786 1045.685389 1048.411618 1049.973255 1047.582234 1045.673866 1045.331605 1046.376696 1049.093523 1047.903698 
0.000236 0.000755 0.000690 0.000632 0.000578 0.000529 0.000514 0.000497 0.000471 0.000429 0.000354 0.000260 0.000219 0.000219 0.000277 0.000338 0.000371 0.000363 0.000306 0.000210 0.000128 0.000117 0.000169 0.000223 0.000238 0.000221 0.000182 
1066.278866 1068.242344 1071.192140 1072.818876 1073.380167 1073.697007 1073.780469 1073.927889 1074.329983 1074.348806 1073.871529 1072.310863 1071.035088 1071.260833 1073.485073 1075.012851 1075.703817 1075.914513 1075.882255 1075.399075 1073.754964 1073.430436 1074.998633 1075.849607 1076.139555 1076.030571 1075.533596 
0.000187 0.000225 0.000197 0.000127 0.000077 0.000062 0.000061 0.000055 0.000051 0.000058 0.000068 0.000070 0.000070 0.000065 0.000056 0.000050 0.000044 0.000033 0.000026 0.000024 0.000021 0.000019 0.000020 0.000021 0.000026 0.000029 0.000027 
1113.250651 1113.163937 1113.070903 1112.773174 1111.691780 1110.834582 1110.172987 1108.538125 1108.920989 1111.607877 1112.567636 1110.732654 1108.451809 1107.640976 1109.590919 1112.263678 1113.184915 1113.486496 1113.901645 1115.083059 1115.698684 1111.878488 1110.306608 1111.498438 1115.565401 1117.091703 1117.347804 
0.000166 0.000198 0.000176 0.000120 0.000085 0.000078 0.000074 0.000069 0.000067 0.000068 0.000067 0.000061 0.000058 0.000057 0.000057 0.000052 0.000039 0.000029 0.000031 0.000039 0.000039 0.000031 0.000027 0.000031 0.000042 0.000044 0.000039 
1132.358131 1132.465207 1132.782192 1133.348057 1134.245684 1134.520337 1133.912547 1133.945513 1133.084796 1132.636330 1133.343319 1135.692487 1137.628353 1137.286973 1135.077837 1133.619231 1132.673640 1132.672572 1132.774086 1133.386415 1132.996759 1131.629107 1130.751043 1130.870285 1131.845061 1131.337818 1129.859054 
0.000089 0.000190 0.000185 0.000181 0.000176 0.000168 0.000151 0.000139 0.000133 0.000119 0.000105 0.000100 0.000101 0.000103 0.000102 0.000101 0.000106 0.000116 0.000120 0.000118 0.000114 0.000105 0.000098 0.000095 0.000096 0.000097 0.000093 
1159.930492 1160.010264 1158.264448 1156.531364 1155.714286 1155.515640 1155.397753 1155.767094 1156.265956 1155.758345 1155.157099 1155.019519 1154.841726 1154.872834 1155.117543 1155.219728 1155.609108 1155.915113 1155.358088 1154.872492 1154.985503 1155.089832 1155.046363 1154.722674 1154.543969 1155.003077 1156.131308 
0.000191 0.000250 0.000245 0.000198 0.000173 0.000169 0.000164 0.000163 0.000167 0.000157 0.000141 0.000130 0.000120 0.000114 0.000112 0.000108 0.000112 0.000115 0.000102 0.000092 0.000090 0.000089 0.000090 0.000096 0.000100 0.000103 0.000099 
1175.824295 1175.435101 1175.228302 1176.035610 1176.346837 1175.775895 1176.490078 1176.169998 1175.092665 1175.644253 1176.360770 1176.530877 1176.684821 1176.521314 1175.789077 1175.884836 1175.534954 1174.894154 1176.036790 1176.159547 1175.985597 1176.913838 1176.978154 1176.755178 1176.855696 1176.758476 1175.941448 
0.000094 0.000168 0.000166 0.000163 0.000160 0.000157 0.000155 0.000152 0.000145 0.000129 0.000118 0.000117 0.000124 0.000131 0.000132 0.000128 0.000122 0.000120 0.000122 0.000126 0.000125 0.000120 0.000116 0.000114 0.000114 0.000109 0.000093 
1200.731146 1200.322519 1199.865798 1199.872749 1200.554535 1201.451413 1202.051375 1202.424785 1202.514577 1202.300426 1202.114026 1202.366093 1202.774165 1202.894235 1202.726960 1202.467055 1202.244496 1202.098968 1201.974584 1201.881682 1201.904756 1202.058231 1202.240851 1202.394008 1202.438954 1202.260976 1202.007172 
0.000040 0.000100 0.000095 0.000090 0.000085 0.000080 0.000076 0.000072 0.000064 0.000049 0.000037 0.000034 0.000041 0.000048 0.000046 0.000037 0.000028 0.000027 0.000033 0.000042 0.000044 0.000038 0.000030 0.000028 0.000031 0.000032 0.000028 
1251.191177 1251.500538 1251.790839 1251.496843 1250.821868 1250.309719 1250.271481 1250.668512 1251.309452 1252.305598 1252.871700 1252.100438 1250.138687 1249.767479 1250.022036 1250.714110 1252.269980 1252.301878 1251.541244 1250.674090 1250.474209 1250.461106 1250.645082 1251.098082 1251.254758 1251.177708 1251.059267 
0.000064 0.000077 0.000073 0.000057 0.000037 0.000022 0.000024 0.000040 0.000050 0.000047 0.000035 0.000018 0.000015 0.000024 0.000030 0.000027 0.000016 0.000010 0.000017 0.000032 0.000037 0.000032 0.000025 0.000025 0.000030 0.000033 0.000028 
1261.355974 1261.095861 1260.674291 1260.268919 1260.717140 1263.656880 1262.602088 1260.171182 1259.711230 1259.669687 1260.035397 1262.283513 1263.539194 1261.203170 1260.438563 1260.282868 1261.078042 1264.543775 1262.517070 1260.886696 1260.832464 1261.567471 1263.090750 1263.250969 1261.774457 1260.900268 1260.591132 
0.000123 0.000146 0.000136 0.000114 0.000097 0.000088 0.000081 0.000081 0.000089 0.000090 0.000084 0.000081 0.000082 0.000086 0.000093 0.000099 0.000102 0.000101 0.000101 0.000102 0.000103 0.000103 0.000101 0.000100 0.000099 0.000096 0.000085 
1326.632300 1326.915303 1327.252967 1326.798302 1325.206118 1323.189075 1322.843064 1324.104413 1325.237336 1324.579408 1323.168245 1322.428490 1322.308354 1322.500094 1322.932021 1323.142686 1323.022492 1322.866925 1323.116579 1323.486902 1323.411900 1322.991345 1322.634253 1322.753809 1323.269998 1323.937017 1324.410381 
0.000183 0.000201 0.000165 0.000113 0.000090 0.000093 0.000100 0.000099 0.000085 0.000064 0.000051 0.000050 0.000050 0.000043 0.000034 0.000030 0.000032 0.000037 0.000036 0.000033 0.000030 0.000030 0.000032 0.000040 0.000046 0.000044 0.000035 
1382.008477 1381.122566 1379.945177 1377.572904 1376.071334 1379.605572 1383.699380 1385.993886 1387.666844 1389.620084 1390.886282 1390.512240 1390.374476 1389.984707 1390.065188 1391.229518 1390.111850 1386.413720 1383.455675 1381.248548 1378.931998 1377.771260 1380.021425 1383.089854 1384.874668 1386.002640 1385.591291 
0.000103 0.000120 0.000112 0.000096 0.000091 0.000095 0.000106 0.000113 0.000108 0.000096 0.000087 0.000084 0.000088 0.000096 0.000103 0.000102 0.000094 0.000087 0.000085 0.000090 0.000095 0.000099 0.000100 0.000098 0.000093 0.000085 0.000072 
1445.626327 1445.682274 1445.275609 1444.213956 1443.372164 1443.049045 1443.333837 1443.672266 1443.505867 1443.029629 1442.938685 1443.097740 1442.913482 1442.805666 1442.965981 1442.843216 1442.458795 1442.681397 1443.153441 1443.111916 1442.585220 1442.490187 1442.904602 1443.278355 1443.233390 1443.185627 1443.586679 
0.000106 0.000125 0.000110 0.000076 0.000057 0.000061 0.000072 0.000076 0.000071 0.000065 0.000065 0.000069 0.000071 0.000066 0.000064 0.000066 0.000071 0.000071 0.000069 0.000067 0.000067 0.000068 0.000068 0.000065 0.000061 0.000058 0.000055 
1555.303967 1554.782350 1554.282612 1555.006840 1558.879730 1559.996763 1558.871374 1557.815954 1557.593212 1558.883917 1560.523880 1560.634502 1560.267901 1560.764990 1561.456562 1561.553993 1561.210403 1561.425046 1561.712406 1561.565339 1561.278585 1560.998549 1560.738558 1560.768605 1561.140221 1560.849262 1559.245586 
0.000087 0.000102 0.000088 0.000073 0.000077 0.000094 0.000089 0.000067 0.000052 0.000053 0.000058 0.000059 0.000050 0.000039 0.000039 0.000049 0.000053 0.000045 0.000036 0.000036 0.000040 0.000043 0.000042 0.000038 0.000036 0.000037 0.000040 
1572.600850 1573.178899 1574.374812 1574.436596 1573.802996 1572.691154 1572.020170 1571.039558 1570.987775 1572.054061 1572.263541 1571.734306 1570.910204 1570.845010 1571.506469 1571.232545 1570.438928 1568.962426 1567.518360 1567.247630 1567.594288 1567.584451 1567.479180 1567.357984 1567.547908 1568.344486 1570.007414 
0.000057 0.000139 0.000125 0.000113 0.000102 0.000102 0.000092 0.000080 0.000069 0.000059 0.000050 0.000043 0.000041 0.000042 0.000044 0.000043 0.000034 0.000024 0.000019 0.000020 0.000020 0.000019 0.000021 0.000023 0.000022 0.000018 0.000015 
1705.395079 1704.465627 1704.443325 1705.639281 1706.580884 1707.344891 1708.363188 1709.213250 1709.388309 1709.220916 1709.446601 1710.012892 1709.988502 1709.291050 1708.539293 1707.805971 1707.212629 1706.740371 1706.130035 1704.458262 1703.926598 1704.622681 1705.489842 1706.017003 1706.228505 1705.210211 1703.128432 
0.000118 0.000153 0.000152 0.000120 0.000088 0.000080 0.000084 0.000075 0.000051 0.000036 0.000043 0.000054 0.000052 0.000042 0.000038 0.000034 0.000030 0.000024 0.000019 0.000014 0.000015 0.000017 0.000019 0.000018 0.000014 0.000012 0.000013 
1777.092093 1777.125984 1776.400403 1774.969552 1775.284396 1777.421292 1778.301133 1777.944328 1777.348388 1776.376439 1777.716773 1777.828325 1776.514191 1773.463764 1772.745693 1773.873949 1776.616249 1778.937870 1778.382708 1775.164834 1773.436359 1775.093892 1777.148003 1776.885385 1775.114851 1772.866276 1772.603200 
0.000085 0.000155 0.000149 0.000146 0.000143 0.000145 0.000138 0.000111 0.000087 0.000084 0.000100 0.000106 0.000091 0.000065 0.000055 0.000061 0.000075 0.000077 0.000061 0.000037 0.000031 0.000036 0.000048 0.000047 0.000035 0.000024 0.000015 
1791.379205 1792.017420 1793.172719 1794.756014 1795.046516 1794.086627 1792.547009 1791.461511 1792.215025 1793.725289 1794.460221 1793.773432 1792.938543 1792.263435 1792.816454 1793.731178 1794.240337 1794.231109 1793.941672 1792.435973 1791.906551 1792.147476 1794.197679 1795.130981 1796.201937 1796.404800 1795.487561 
0.000037 0.000110 0.000106 0.000103 0.000100 0.000096 0.000090 0.000076 0.000068 0.000075 0.000087 0.000084 0.000067 0.000046 0.000041 0.000052 0.000065 0.000072 0.000068 0.000059 0.000053 0.000055 0.000058 0.000057 0.000049 0.000036 0.000023 
1803.922440 1803.417610 1803.075499 1802.819388 1802.621191 1802.863054 1803.770599 1805.318896 1806.102929 1805.215832 1803.966532 1803.537915 1803.605346 1804.278267 1804.536170 1803.809130 1803.406091 1803.425376 1803.838304 1804.706544 1805.289237 1804.641017 1803.871570 1803.624242 1803.824233 1804.401535 1805.413139 
0.000057 0.000108 0.000103 0.000099 0.000084 0.000078 0.000076 0.000063 0.000039 0.000029 0.000033 0.000043 0.000044 0.000040 0.000039 0.000043 0.000051 0.000053 0.000048 0.000038 0.000030 0.000025 0.000021 0.000019 0.000020 0.000021 0.000018 
1837.357966 1837.088077 1837.312263 1838.638991 1840.912839 1841.050385 1838.299766 1835.762182 1835.120775 1836.806891 1837.855550 1836.821652 1836.289737 1835.293456 1834.704428 1836.056633 1837.851946 1839.163699 1840.299292 1841.224081 1841.103392 1839.758173 1839.202620 1839.553580 1839.079250 1837.493631 1836.156609 
0.000053 0.000149 0.000134 0.000121 0.000109 0.000098 0.000089 0.000075 0.000064 0.000058 0.000062 0.000064 0.000058 0.000045 0.000031 0.000022 0.000028 0.000042 0.000050 0.000045 0.000031 0.000017 0.000011 0.000009 0.000010 0.000013 0.000015 
1852.226596 1852.797492 1853.625035 1853.288555 1851.554963 1850.909382 1851.637062 1853.141528 1853.494679 1852.894983 1851.791223 1851.299306 1850.818113 1850.060579 1849.863486 1851.037358 1851.823586 1851.012927 1850.653260 1850.306474 1849.768273 1850.407766 1854.604627 1854.084233 1849.540569 1849.373189 1851.393262 
0.000084 0.000133 0.000118 0.000095 0.000068 0.000061 0.000058 0.000054 0.000052 0.000049 0.000043 0.000032 0.000030 0.000039 0.000047 0.000042 0.000028 0.000016 0.000014 0.000015 0.000017 0.000015 0.000013 0.000015 0.000017 0.000017 0.000018 
1907.375589 1906.738526 1905.624784 1904.088020 1904.263313 1906.896545 1907.104308 1904.258721 1902.562005 1903.090543 1905.215744 1907.265061 1907.748872 1907.530348 1907.117248 1906.962761 1906.039434 1902.894744 1902.523414 1903.476751 1903.592972 1901.841462 1900.318873 1902.657486 1905.077638 1905.252312 1904.904007 
0.000066 0.000086 0.000086 0.000069 0.000053 0.000050 0.000048 0.000043 0.000046 0.000056 0.000071 0.000080 0.000082 0.000079 0.000074 0.000070 0.000065 0.000060 0.000059 0.000059 0.000056 0.000052 0.000050 0.000051 0.000051 0.000044 0.000033 
1923.442218 1923.309122 1923.081830 1922.649239 1922.453680 1923.395695 1924.780123 1926.763586 1927.501765 1926.561819 1925.319328 1924.555602 1923.949071 1923.372129 1923.046195 1923.093904 1923.186634 1923.178349 1923.411172 1923.814062 1924.068467 1924.200644 1924.300577 1924.284151 1924.203121 1924.211260 1924.349923 
0.000106 0.000161 0.000146 0.000136 0.000119 0.000099 0.000095 0.000107 0.000118 0.000115 0.000107 0.000095 0.000075 0.000052 0.000037 0.000029 0.000025 0.000029 0.000034 0.000034 0.000029 0.000024 0.000024 0.000028 0.000030 0.000028 0.000022 
1973.968671 1973.949184 1973.814383 1973.080565 1972.213125 1973.410010 1975.661362 1976.776679 1976.958114 1977.587042 1977.495746 1976.663354 1976.134411 1976.365288 1975.143675 1972.681288 1974.516772 1977.353670 1976.625241 1974.833967 1973.763968 1974.094550 1975.139979 1975.560994 1975.801275 1976.060968 1975.877970 
0.000141 0.000169 0.000159 0.000127 0.000101 0.000086 0.000076 0.000076 0.000086 0.000088 0.000084 0.000085 0.000087 0.000085 0.000080 0.000072 0.000069 0.000074 0.000076 0.000073 0.000071 0.000068 0.000057 0.000047 0.000044 0.000046 0.000045 
2041.800406 2042.231872 2042.458876 2042.725877 2043.391407 2043.986856 2043.815391 2041.233906 2038.566724 2037.669049 2037.699515 2038.403150 2039.960939 2041.198351 2041.450035 2042.065407 2043.175283 2043.102618 2042.978325 2043.855029 2044.654621 2044.962605 2044.590411 2042.593810 2042.115154 2044.862272 2046.545080 
0.000039 0.000093 0.000090 0.000087 0.000085 0.000082 0.000076 0.000061 0.000048 0.000043 0.000044 0.000047 0.000046 0.000044 0.000046 0.000049 0.000051 0.000051 0.000051 0.000049 0.000048 0.000048 0.000049 0.000048 0.000049 0.000048 0.000042 
2162.228352 2161.792080 2160.962737 2160.258170 2160.464700 2161.297929 2162.116030 2163.029817 2164.438493 2164.911868 2163.931738 2162.842978 2162.921677 2163.698034 2164.135835 2164.017459 2163.689920 2163.503373 2163.456564 2163.727565 2163.973523 2163.808833 2163.422113 2163.166125 2162.954264 2162.751000 2162.567056 
0.000135 0.000198 0.000184 0.000161 0.000142 0.000126 0.000102 0.000079 0.000061 0.000051 0.000053 0.000061 0.000068 0.000068 0.000061 0.000055 0.000054 0.000055 0.000058 0.000060 0.000062 0.000062 0.000060 0.000059 0.000058 0.000054 0.000044 
2274.571760 2274.522372 2275.295599 2277.370684 2279.586809 2280.824365 2281.891917 2281.481913 2278.549414 2274.911274 2275.493925 2278.480215 2280.096039 2280.531019 2280.814893 2280.821012 2281.261133 2282.401797 2282.924344 2282.632407 2282.555440 2283.132496 2284.117634 2284.742620 2284.935461 2284.495579 2283.311624 
0.000025 0.000115 0.000110 0.000105 0.000100 0.000095 0.000088 0.000067 0.000051 0.000049 0.000054 0.000057 0.000057 0.000051 0.000041 0.000035 0.000037 0.000043 0.000047 0.000047 0.000045 0.000041 0.000041 0.000042 0.000041 0.000034 0.000024 
2523.397650 2524.298264 2523.732166 2522.705700 2522.189221 2522.051939 2522.271928 2523.310486 2525.069520 2524.927946 2523.201676 2522.051304 2522.134519 2523.047841 2524.406614 2525.197755 2524.404951 2523.449325 2523.061639 2523.049062 2523.230352 2523.523038 2523.863672 2524.184025 2524.419434 2524.438225 2524.163674 
0.000072 0.000119 0.000109 0.000090 0.000059 0.000040 0.000032 0.000031 0.000040 0.000050 0.000051 0.000045 0.000040 0.000036 0.000032 0.000029 0.000028 0.000028 0.000031 0.000032 0.000029 0.000024 0.000020 0.000017 0.000016 0.000016 0.000016 
2882.503129 2882.528927 2882.654060 2883.162910 2884.535541 2884.428258 2883.084076 2882.153348 2882.650475 2883.072606 2883.403872 2883.440252 2883.500562 2884.177605 2884.982184 2885.069533 2885.214919 2886.159174 2886.188506 2885.695603 2885.679830 2885.606241 2885.204306 2884.969175 2884.011630 2882.383308 2881.161284 
0.000054 0.000098 0.000090 0.000082 0.000061 0.000039 0.000025 0.000020 0.000021 0.000026 0.000027 0.000023 0.000019 0.000023 0.000029 0.000031 0.000030 0.000026 0.000021 0.000020 0.000022 0.000022 0.000019 0.000016 0.000015 0.000014 0.000012 
3364.223835 3364.354916 3364.486995 3364.671266 3364.893381 3364.919795 3364.942526 3366.484821 3367.599363 3365.876723 3364.593133 3364.171029 3364.572886 3364.843010 3364.681504 3364.583324 3364.830625 3365.866966 3367.409897 3367.455997 3366.308818 3365.864866 3366.256522 3366.633860 3366.742032 3366.644189 3366.332986 
0.000039 0.000086 0.000079 0.000072 0.000070 0.000067 0.000059 0.000045 0.000028 0.000015 0.000011 0.000014 0.000015 0.000014 0.000012 0.000013 0.000014 0.000015 0.000018 0.000020 0.000019 0.000018 0.000016 0.000017 0.000017 0.000016 0.000013 
3969.311758 3969.217710 3968.910869 3968.407020 3968.133289 3968.485643 3969.096512 3969.590819 3969.669889 3968.875313 3968.106832 3968.254861 3967.939876 3967.492164 3967.633182 3968.459164 3969.030146 3969.136698 3969.288500 3969.765871 3970.694283 3971.150159 3970.522070 3968.244577 3967.009925 3966.506100 3966.445961 
