0.095918 10.159775
0.031973 4.647993
0.047959 9.238093
0.031973 8.958990
0.063946 10.091673
0.047959 6.353281
0.015986 6.759856
0.079932 9.836202
0.063946 4.077062
0.031973 2.972742
0.047959 6.699051
0.031973 6.175395
0.015986 6.060633
0.031973 9.317008
0.031973 9.494429
0.031973 9.351866
0.047959 9.754478
0.047959 8.603473
0.047959 3.196992
0.063946 4.902914
0.015986 7.053181
0.031973 6.251818
0.031973 12.531426
0.031973 9.745802
0.031973 5.367757
0.031973 5.188475
0.063946 4.544077
0.031973 9.029232
0.031973 12.768795
0.015986 10.934823
0.031973 7.105291
0.031973 11.210217
0.031973 11.887252
0.047959 3.951337
0.063946 4.714911
0.063946 10.245227
0.063946 7.792833
0.111905 5.159746
0.031973 11.136563
0.031973 4.795716
0.063946 7.142934
0.047959 4.262968
0.079932 4.291435
0.031973 9.930316
0.031973 5.264475
0.031973 8.541647
0.127891 5.640812
0.031973 10.296632
0.095918 8.017801
0.111905 5.429786
0.031973 15.444784
0.031973 11.125326
0.031973 17.315437
0.031973 14.274217
0.031973 13.450154
0.015986 15.156087
0.047959 9.996082
0.079932 6.549867
0.031973 8.849642
0.063946 7.682784
0.031973 6.629134
0.047959 9.068668
0.063946 11.560200
0.063946 16.065953
0.079932 7.137546
0.063946 11.336480
0.031973 11.898048
0.047959 11.089718
0.047959 10.149187
0.047959 7.939277
0.047959 10.786506
0.047959 10.729711
0.127891 9.674122
0.063946 7.650286
0.047959 5.007600
0.063946 11.033067
0.031973 8.825715
0.063946 14.781212
0.063946 13.504549
0.047959 6.883352
0.063946 13.099467
0.095918 15.184086
0.047959 14.442128
0.111905 10.484528
0.031973 10.421429
0.047959 8.816938
0.063946 10.073723
0.143878 6.604675
0.047959 8.600251
0.047959 15.101570
0.047959 10.900050
0.063946 14.691879
0.079932 12.424522
0.063946 17.382420
0.063946 15.688312
0.047959 13.936689
0.079932 13.609122
0.031973 13.850506
0.031973 16.135759
0.031973 9.197158
0.031973 8.081572
0.063946 11.040454
0.031973 13.334927
0.031973 9.010418
0.031973 9.549585
0.031973 9.193908
0.047959 8.117546
0.111905 12.749668
0.047959 14.582324
0.047959 13.371207
0.047959 17.390262
0.047959 12.046581
0.047959 11.656451
0.047959 12.788761
0.031973 9.681933
0.079932 13.812317
0.047959 14.881390
0.079932 8.939669
0.063946 8.531768
0.047959 10.389871
0.047959 13.641217
0.047959 14.056871
0.047959 16.032754
0.063946 15.779530
0.047959 16.986230
0.031973 11.444389
0.047959 11.778989
0.047959 10.103769
0.047959 11.486880
0.031973 9.757863
0.047959 8.670722
0.031973 13.834841
0.047959 17.425368
0.047959 14.868639
0.063946 15.227630
0.063946 17.029649
0.079932 15.992031
0.047959 14.078060
0.031973 12.940495
0.031973 11.127034
0.031973 11.607206
0.031973 16.311824
0.047959 21.019914
0.031973 18.201023
0.079932 21.677321
0.063946 21.418163
0.031973 10.737554
0.063946 13.719007
0.031973 11.038794
0.063946 11.773918
0.079932 11.879375
0.079932 12.632394
0.047959 10.427078
0.031973 8.363398
0.047959 13.685571
0.047959 8.991034
0.047959 9.968250
0.031973 10.248774
0.031973 10.056213
0.063946 16.526649
0.047959 11.604932
0.047959 15.225533
0.031973 9.750079
0.031973 9.122216
0.031973 9.449467
0.031973 12.202050
0.031973 12.624589
0.031973 15.185497
0.031973 17.399805
0.047959 22.362771
0.031973 14.650198
0.031973 9.492228
0.063946 8.818285
0.031973 10.460681
0.047959 12.915771
0.031973 7.809198
0.063946 9.302826
0.031973 10.555541
0.047959 9.651175
0.047959 14.529240
0.063946 11.830637
0.047959 10.006105
0.031973 13.565566
0.047959 13.798466
0.047959 11.986720
0.079932 15.070853
0.063946 12.322779
0.047959 17.463457
0.047959 12.793438
0.031973 11.609132
0.047959 15.631240
0.031973 16.691648
0.047959 16.282144
0.031973 17.403532
0.047959 18.581832
0.047959 17.848236
0.063946 16.304825
0.047959 17.501954
0.031973 15.396014
0.031973 17.273843
0.031973 15.255128
0.047959 12.584486
0.047959 13.998434
0.031973 12.659432
0.031973 9.087008
0.031973 11.934477
0.047959 11.141965
0.031973 10.179897
0.047959 11.511501
0.047959 14.059703
0.047959 17.067657
0.047959 16.998434
0.063946 12.239073
0.047959 10.335056
0.047959 10.320798
0.063946 12.586032
0.047959 13.682187
0.031973 13.326537
0.031973 12.381110
0.047959 13.158709
0.047959 9.142765
0.047959 13.524018
0.031973 11.038996
0.047959 14.337489
0.031973 13.046055
0.031973 11.744269
0.047959 10.695296
0.031973 10.761173
0.047959 9.872788
0.047959 9.369810
0.047959 10.698423
0.031973 8.063775
0.047959 9.959466
0.047959 13.686655
0.031973 10.277246
0.031973 12.846371
0.031973 11.945103
0.047959 11.859462
0.047959 15.226769
0.047959 16.349493
0.031973 13.704426
0.031973 12.191744
0.031973 15.944886
0.047959 14.592306
0.047959 13.452856
0.031973 11.867952
0.031973 10.817365
0.031973 11.521139
0.031973 10.539728
0.047959 11.319038
0.047959 10.916300
0.047959 12.377899
0.031973 7.993877
0.031973 10.589978
0.031973 11.080169
0.047959 9.951432
0.031973 12.722046
0.031973 10.053467
0.047959 12.160252
0.031973 9.750626
0.031973 10.698733
0.031973 9.209561
0.031973 12.140651
0.031973 11.395315
0.047959 9.649264
0.047959 8.947583
0.031973 9.478908
0.031973 12.250199
0.031973 10.914850
0.031973 9.242965
0.031973 9.410989
0.031973 9.893091
