0.095918 8.115225
0.031973 12.045413
0.031973 5.458330
0.031973 4.659203
0.047959 7.566398
0.047959 9.714934
0.031973 6.631288
0.111905 5.464648
0.047959 5.737667
0.015986 4.952355
0.079932 10.502780
0.063946 12.471998
0.031973 13.574512
0.063946 7.802867
0.031973 4.855795
0.047959 8.000351
0.031973 6.527706
0.031973 6.206277
0.015986 10.097651
0.031973 12.342008
0.031973 12.915116
0.031973 8.723401
0.031973 7.948707
0.031973 3.090417
0.063946 10.202628
0.015986 10.845558
0.031973 14.092578
0.031973 12.428407
0.031973 5.911108
0.031973 12.406825
0.031973 6.423720
0.031973 10.854024
0.031973 12.332784
0.031973 5.256222
0.063946 5.196875
0.047959 7.147105
0.095918 5.482617
0.047959 5.317570
0.031973 12.216302
0.031973 4.433539
0.015986 1.818208
0.031973 3.468076
0.031973 8.783541
0.031973 12.397675
0.031973 5.399312
0.031973 7.498053
0.031973 4.347387
0.063946 9.127838
0.031973 7.329717
0.015986 8.203896
0.079932 14.502674
0.015986 2.877990
0.031973 15.849715
0.031973 12.683281
0.031973 15.012496
0.031973 13.449076
0.031973 15.298714
0.047959 11.027996
0.079932 6.709879
0.031973 13.022551
0.047959 8.969669
0.063946 6.876357
0.031973 9.536114
0.031973 6.641350
0.047959 9.307332
0.063946 13.541897
0.063946 7.532775
0.063946 9.133796
0.047959 15.885565
0.047959 9.310991
0.047959 10.776231
0.047959 10.109642
0.063946 7.066437
0.047959 10.582568
0.063946 17.189069
0.063946 12.623812
0.047959 14.532465
0.063946 14.236672
0.047959 8.337042
0.095918 9.676330
0.063946 8.861283
0.031973 9.939927
0.031973 11.640193
0.063946 9.570482
0.047959 8.148551
0.047959 13.107356
0.047959 11.810720
0.063946 12.493800
0.063946 15.684625
0.063946 12.204182
0.031973 11.153821
0.047959 8.235493
0.063946 7.802994
0.031973 10.904269
0.031973 7.062871
0.031973 7.527860
0.047959 7.406425
0.047959 8.364814
0.047959 12.436355
0.047959 14.716652
0.063946 10.791110
0.047959 11.048551
0.047959 15.266785
0.047959 13.864139
0.031973 9.336832
0.079932 13.782424
0.063946 13.923882
0.047959 14.428898
0.031973 9.024071
0.063946 9.097297
0.047959 9.369366
0.047959 10.227654
0.063946 12.235820
0.047959 13.483972
0.063946 15.274872
0.047959 13.675856
0.047959 12.117067
0.047959 11.362684
0.063946 8.354088
0.031973 8.830726
0.031973 4.899003
0.063946 7.289518
0.031973 11.082895
0.031973 11.980630
0.079932 16.985703
0.079932 15.151906
0.063946 9.576559
0.063946 8.822043
0.031973 6.888835
0.031973 9.575881
0.047959 15.121324
0.031973 9.034323
0.047959 12.755488
0.063946 6.998427
0.047959 7.880113
0.063946 8.008198
0.047959 9.240592
0.031973 7.671350
0.031973 9.590873
0.031973 12.011252
0.047959 5.683161
0.047959 7.642528
0.063946 13.657250
0.031973 12.894922
0.047959 19.936719
0.015986 11.075019
0.031973 11.351413
0.031973 8.938756
0.031973 10.263561
0.031973 12.939244
0.031973 12.367882
0.047959 22.438811
0.047959 14.647262
0.031973 9.904516
0.047959 10.696108
0.047959 12.744007
0.047959 13.048383
0.063946 5.623641
0.047959 7.325744
0.047959 7.609220
0.031973 6.951115
0.047959 7.177515
0.047959 10.610354
0.047959 9.907711
0.031973 11.649837
0.047959 11.666466
0.063946 10.408715
0.031973 11.500965
0.031973 12.031498
0.031973 10.497680
0.063946 9.600179
0.031973 8.856413
0.047959 8.729924
0.031973 15.112546
0.047959 13.556989
0.031973 13.607239
0.031973 12.028494
0.047959 8.492122
0.047959 8.927758
0.047959 9.071394
0.031973 8.551339
0.031973 9.353160
0.031973 7.850957
0.031973 9.783550
0.031973 7.471492
0.031973 7.632286
0.031973 9.031994
0.031973 8.923097
0.031973 9.483184
0.031973 6.713256
0.031973 9.344725
0.031973 8.649320
0.047959 12.366222
0.031973 9.418036
0.031973 10.622829
0.031973 9.483939
0.031973 8.051115
0.031973 6.643062
0.031973 8.029895
0.031973 11.359915
0.047959 13.167590
0.031973 15.168099
0.031973 13.189294
0.031973 11.898357
0.031973 13.229649
0.031973 13.422947
0.031973 11.483027
0.031973 11.644863
0.031973 8.652466
0.031973 11.018832
0.031973 9.071531
0.047959 7.890781
0.031973 8.612900
0.031973 7.357377
0.047959 9.877252
0.031973 9.641785
0.047959 8.607128
0.031973 8.861812
0.047959 8.449684
0.031973 8.769395
0.047959 7.322657
0.031973 10.606263
0.031973 7.368727
0.031973 10.257795
0.063946 8.055049
0.047959 7.916058
0.047959 9.645730
0.031973 8.600951
