1 6
7 10
11 14
20 24
29 43
49 54
57 60
65 72
73 76
77 83
87 91
92 98
101 105
106 109
115 118
128 147
149 163
164 167
174 186
187 201
204 213
217 228
234 244
245 260
264 278
281 292
301 305
314 317
318 328
329 332
333 351
354 358
359 366
367 375
384 389
393 404
410 416
417 427
428 432
433 441
445 453
454 461
462 474
475 487
495 500
501 504
506 528
532 537
541 544
545 548
549 556
559 570
574 582
583 592
595 616
623 633
638 642
655 662
670 676
677 680
681 684
692 696
697 702
717 724
725 735
741 746
747 753
756 759
760 767
772 792
793 806
817 824
827 835
836 843
851 863
864 869
870 877
878 881
882 886
887 892
896 905
911 914
915 923
929 932
933 937
938 951
952 959
961 976
978 981
982 990
993 999
1004 1008
1009 1018
1019 1022
1023 1026
1030 1046
1047 1062
1066 1071
1072 1079
1082 1085
1086 1092
1093 1096
1102 1110
1111 1125
1126 1138
1145 1150
1154 1161
1168 1172
1173 1176
1178 1187
1193 1196
1199 1204
1205 1215
1220 1226
1227 1244
1252 1266
1271 1278
1286 1290
1301 1313
1319 1322
1323 1329
1340 1348
1349 1359
1363 1375
1376 1380
1381 1384
1392 1403
1404 1407
1410 1417
1424 1433
1434 1440
1442 1445
1446 1453
1455 1464
1473 1487
1495 1510
1516 1523
1525 1529
1531 1534
1537 1543
1544 1548
1549 1553
1556 1573
1579 1582
1590 1594
1602 1605
1608 1616
1618 1622
1627 1638
1641 1652
1653 1658
1659 1662
1663 1666
1667 1678
1684 1700
1704 1712
1718 1730
1738 1752
1753 1757
1758 1776
1780 1787
1796 1812
1816 1819
1830 1833
1834 1837
1843 1861
1862 1877
1886 1896
1899 1916
1921 1927
1928 1940
1946 1949
1950 1968
1977 1985
1986 1998
1999 2004
2005 2020
2028 2039
2053 2064
2070 2079
2090 2100
2108 2117
2122 2130
2131 2142
2159 2170
2176 2187
2196 2200
2201 2212
2215 2219
2224 2230
2231 2242
2243 2249
2256 2273
2280 2285
2286 2290
2302 2306
2313 2316
2317 2325
2326 2335
2336 2342
2343 2362
2370 2383
2386 2395
2406 2412
2413 2419
2422 2428
2439 2443
2444 2454
2461 2469
2470 2481
2489 2502
2503 2511
2518 2529
2530 2536
2541 2556
2562 2571
2574 2584
2595 2601
2602 2614
2615 2629
2630 2634
2644 2658
2660 2677
2679 2686
2689 2699
2700 2710
2711 2715
2716 2728
2729 2741
2743 2758
2765 2776
2777 2789
2791 2806
2813 2824
2825 2830
2837 2846
2847 2866
2870 2881
2883 2890
2892 2902
2904 2914
2915 2921
2923 2943
2966 2978
2984 3007
3008 3014
3024 3033
3042 3054
3066 3071
3077 3092
3101 3112
3118 3128
3129 3139
3146 3150
3151 3156
3158 3165
3172 3194
3201 3219
3220 3250
3252 3257
3260 3271
3277 3283
3284 3299
3305 3315
3316 3328
3329 3345
3346 3355
3356 3372
3379 3388
3396 3406
3407 3414
3416 3428
3432 3437
3443 3457
3458 3468
3469 3481
3491 3505
3512 3524
3525 3541
3545 3559
3562 3570
3581 3595
3600 3604
3610 3623
3626 3630
3632 3641
3646 3665
3672 3675
3684 3687
3694 3706
3726 3731
3765 3783
3785 3807
3817 3829
3853 3859
3868 3879
3880 3890
3893 3898
3929 3935
3983 3993
