0.095918 7.754217
0.031973 8.292656
0.000000 0.000000
0.239796 1.992944
0.015986 8.607914
0.095918 0.486668
0.079932 2.447241
0.079932 3.305996
0.207823 4.159700
0.063946 6.215368
0.287755 4.522088
0.143878 1.332278
0.031973 7.862687
0.095918 3.243732
0.223810 0.311128
0.063946 1.582309
0.271769 1.898377
0.095918 2.494122
0.095918 3.028106
0.031973 2.098223
0.063946 2.050067
0.095918 1.761801
0.127891 5.086587
0.031973 8.349441
0.047959 10.217331
0.127891 0.111958
0.063946 4.208474
0.047959 3.982331
0.031973 5.031460
0.127891 2.201166
0.031973 3.699684
0.063946 6.179402
0.047959 8.009211
0.047959 8.204493
0.047959 5.570926
0.047959 5.990216
0.127891 5.355477
0.031973 6.557848
0.047959 12.666089
0.095918 4.240137
0.063946 6.876328
0.063946 7.679184
0.063946 7.049064
0.079932 7.246371
0.047959 4.820615
0.127891 4.100401
0.095918 5.701858
0.079932 6.735303
0.047959 15.530184
0.047959 4.819230
0.031973 14.856064
0.031973 24.170755
0.031973 20.930577
0.063946 7.182538
0.031973 13.508683
0.063946 7.662900
0.063946 8.859449
0.031973 13.895237
0.031973 2.859574
0.047959 9.194268
0.063946 10.882030
0.095918 6.669741
0.063946 12.263938
0.047959 10.927348
0.047959 17.678457
0.063946 11.029612
0.031973 9.003576
0.079932 11.796937
0.063946 12.622617
0.095918 11.186619
0.031973 15.254141
0.031973 8.483144
0.079932 11.241311
0.063946 8.001916
0.063946 14.156784
0.047959 10.447275
0.047959 11.429102
0.047959 12.165605
0.047959 15.606866
0.031973 8.591770
0.047959 16.266772
0.047959 9.112206
0.063946 12.091195
0.127891 9.344909
0.031973 7.799065
0.031973 6.400666
0.079932 12.276870
0.063946 13.091552
0.079932 8.647740
0.095918 16.889169
0.047959 12.982357
0.047959 12.662969
0.047959 15.177480
0.047959 17.685985
0.031973 9.354917
0.063946 11.668445
0.047959 11.798724
0.063946 14.446512
0.047959 15.120894
0.047959 19.059856
0.047959 18.587150
0.047959 20.713733
0.079932 22.859596
0.031973 8.931279
0.031973 16.720383
0.063946 10.977003
0.047959 16.087719
0.047959 15.380367
0.047959 13.113022
0.063946 13.891651
0.079932 17.298311
0.063946 16.113870
0.063946 12.580061
0.047959 9.509185
0.031973 20.747691
0.047959 14.762755
0.031973 12.613080
0.015986 11.626038
0.047959 18.443842
0.047959 13.656928
0.047959 18.511009
0.063946 17.796668
0.031973 18.580672
0.031973 20.389770
0.063946 14.004381
0.031973 13.020499
0.047959 12.724520
0.047959 18.012384
0.079932 18.368540
0.063946 15.382058
0.031973 16.112196
0.047959 11.630741
0.047959 17.939266
0.015986 14.257006
0.063946 9.566796
0.047959 17.537894
0.047959 17.070339
0.031973 20.667961
0.063946 18.962343
0.047959 19.597657
0.063946 17.603596
0.047959 18.968431
0.063946 17.292134
0.063946 17.011267
0.031973 14.199893
0.047959 22.130105
0.063946 21.512833
0.047959 22.099148
0.047959 22.209804
0.031973 20.060904
0.047959 17.402414
0.047959 20.693033
0.047959 16.527162
0.063946 17.884515
0.047959 21.075703
0.047959 18.155283
0.047959 19.399546
0.047959 19.281964
0.047959 19.182799
0.047959 19.005900
0.031973 13.413451
0.047959 18.306511
0.047959 15.616041
0.047959 18.821481
0.031973 11.266873
0.031973 14.658867
0.047959 12.045385
0.047959 13.663369
0.031973 15.786738
0.031973 15.194530
0.047959 13.528889
0.047959 10.139763
0.031973 11.024309
0.047959 20.923616
0.047959 16.260514
0.047959 13.613865
0.063946 15.115955
0.063946 16.439856
0.047959 16.836786
0.047959 18.101361
0.047959 13.554552
0.047959 12.680226
0.047959 16.445723
0.031973 11.359322
0.031973 12.481935
0.031973 13.247862
0.031973 14.357871
0.047959 13.291078
0.047959 14.623787
0.047959 21.391294
0.015986 15.203897
0.031973 16.039635
0.031973 19.441201
0.047959 18.009811
0.031973 17.446475
0.031973 18.728510
0.047959 22.308680
0.031973 18.120614
0.031973 20.818653
0.031973 17.188757
0.031973 13.576231
0.031973 15.772117
0.031973 18.833715
0.031973 13.934546
0.031973 13.094859
0.047959 17.086231
0.047959 16.370469
0.047959 15.599018
0.047959 17.074536
0.031973 18.217983
0.031973 16.289158
0.047959 18.114162
0.047959 18.989849
0.047959 20.027694
0.031973 18.379084
0.047959 17.653028
0.047959 15.742079
0.047959 14.297298
0.031973 19.020372
0.047959 16.849036
0.047959 16.740593
0.047959 18.753605
0.047959 16.172306
0.031973 19.161801
0.047959 17.132852
0.047959 15.570856
0.031973 16.573760
0.047959 17.875248
0.031973 16.558087
0.031973 15.841691
0.047959 19.399935
0.031973 13.703245
0.047959 13.673525
0.047959 11.166417
0.047959 13.626740
0.047959 11.584968
0.031973 11.352245
0.031973 15.161526
0.047959 15.436052
0.047959 14.240013
0.047959 12.187428
0.047959 13.115777
0.047959 9.629011
0.031973 9.633382
0.047959 12.848512
0.047959 11.187667
0.031973 6.058577
0.063946 8.005771
0.063946 7.929219
0.047959 12.514620
0.031973 9.138236
0.047959 13.310827
0.047959 13.243111
0.047959 12.727363
0.031973 11.621635
0.047959 11.531934
0.031973 13.238807
0.031973 10.400682
0.047959 10.679530
0.047959 11.130095
0.047959 8.270593
0.031973 7.833809
0.031973 5.417164
0.047959 9.459034
0.047959 9.003313
0.047959 9.658775
0.047959 10.457767
0.031973 7.092966
0.063946 11.250650
0.031973 10.049803
0.031973 9.587884
0.031973 10.274961
0.031973 11.613438
0.031973 13.102928
0.031973 12.751603
0.031973 10.534933
0.031973 11.417660
0.047959 11.466478
0.047959 13.582206
0.063946 14.664751
0.047959 12.973701
0.047959 14.745027
0.031973 12.822229
0.031973 13.824097
0.047959 9.107681
0.047959 10.253051
0.047959 12.608657
0.047959 14.817612
0.047959 13.906155
0.031973 9.744269
0.031973 12.872329
0.063946 11.134001
0.031973 10.341749
0.031973 9.369620
0.031973 5.826016
0.047959 7.769323
0.047959 9.143894
0.047959 9.707275
0.047959 7.223052
0.047959 7.225743
0.047959 11.789043
0.031973 9.349493
0.031973 9.582078
0.047959 11.321797
0.031973 6.699256
0.031973 9.407528
0.031973 11.346477
0.031973 9.598076
0.047959 10.248745
0.063946 7.164878
0.047959 9.267734
0.031973 8.950858
0.063946 7.300052
0.047959 7.845808
0.031973 11.939389
0.031973 9.271682
0.047959 10.059631
0.031973 8.107829
0.047959 9.256732
0.047959 11.041074
0.031973 7.614760
0.031973 6.735016
0.031973 7.461543
0.063946 6.523687
0.031973 10.908134
0.031973 10.176221
0.031973 7.489777
0.031973 5.192775
0.047959 7.631841
0.047959 7.076136
0.031973 11.235715
0.031973 8.692679
0.047959 11.200149
0.047959 8.978688
0.031973 7.504073
0.031973 8.315597
0.031973 5.948364
0.031973 6.410428
0.031973 9.236889
0.031973 10.504337
0.031973 6.421347
0.031973 7.620699
0.031973 7.192574
0.031973 6.355786
0.031973 8.858151
