1 10
12 15
28 36
43 48
49 52
61 65
66 69
77 82
90 101
106 120
127 135
138 144
145 148
149 159
160 171
175 188
189 192
193 201
202 211
215 227
234 237
238 243
244 247
252 255
256 261
265 270
273 276
277 283
287 296
297 301
302 314
315 324
325 346
353 366
367 374
377 386
391 409
412 421
425 429
431 435
436 443
444 451
454 468
470 485
489 492
497 505
508 531
532 536
537 542
545 550
551 560
561 568
569 572
573 581
582 585
586 589
598 601
602 607
612 622
623 635
641 652
656 669
677 691
692 695
696 703
708 714
715 723
724 735
741 755
756 763
764 774
775 783
791 794
795 801
802 806
809 817
818 824
829 834
835 843
844 850
851 859
860 864
869 877
887 899
905 912
913 917
924 938
939 942
943 949
951 957
961 965
966 973
976 981
982 993
994 1001
1002 1009
1010 1020
1027 1033
1034 1040
1050 1060
1061 1071
1072 1080
1086 1094
1103 1117
1119 1130
1131 1135
1143 1150
1151 1157
1160 1171
1174 1188
1192 1195
1196 1206
1213 1223
1232 1243
1246 1253
1254 1262
1271 1281
1282 1285
1291 1300
1301 1311
1314 1321
1322 1329
1333 1343
1346 1351
1359 1377
1378 1385
1386 1407
1417 1422
1424 1434
1483 1487
1489 1503
1508 1512
1513 1517
1518 1522
1523 1536
1540 1548
1549 1553
1556 1563
1575 1583
1584 1589
1593 1606
1609 1618
1619 1648
1653 1663
1667 1672
1673 1682
1689 1692
1693 1701
1703 1715
1716 1723
1733 1736
1738 1743
1744 1758
1777 1780
1785 1809
1813 1820
1836 1856
1857 1864
1884 1901
1907 1920
1936 1944
1948 1971
1983 1989
1996 2006
2018 2027
2028 2047
2048 2059
2062 2077
2078 2084
2085 2103
2107 2115
2126 2131
2132 2137
2144 2158
2159 2173
2184 2194
2197 2206
2207 2226
2230 2239
2256 2272
2274 2279
2287 2296
2302 2315
2323 2338
2341 2346
2347 2355
2356 2359
2361 2371
2380 2388
2399 2405
2408 2421
2422 2442
2447 2459
2468 2480
2481 2486
2487 2496
2508 2518
2520 2528
2529 2534
2535 2545
2546 2562
2563 2581
2582 2587
2592 2598
2599 2604
2606 2613
2620 2634
2637 2646
2649 2660
2669 2672
2677 2693
2699 2704
2706 2711
2713 2720
2728 2740
2748 2758
2759 2763
2766 2780
2783 2796
2797 2814
2815 2826
2827 2840
2843 2850
2851 2871
2879 2901
2902 2926
2932 2945
2955 2959
2973 2977
2986 2992
3011 3032
3098 3109
3117 3127
3136 3168
3169 3178
3196 3216
3220 3223
3225 3244
3255 3270
3271 3286
3288 3301
3305 3317
3318 3333
3334 3348
3351 3370
3371 3387
3393 3400
3405 3422
3423 3438
3440 3459
3460 3475
3491 3503
3510 3518
3529 3541
3558 3572
3584 3593
3622 3634
3636 3650
3662 3676
3679 3688
3691 3699
3711 3721
3736 3754
3757 3768
3799 3811
3857 3870
3883 3894
3895 3908
3913 3927
3935 3945
3958 3980
3998 4010
