0.047959 10.785380
0.031973 11.476808
0.031973 6.317280
0.063946 5.117940
0.015986 6.130311
0.015986 4.402968
0.015986 1.972099
0.127891 6.886724
0.079932 10.082356
0.031973 7.076457
0.063946 8.189131
0.175850 2.378211
0.063946 9.392806
0.031973 4.966768
0.159864 2.021570
0.031973 10.082135
0.031973 2.362160
0.063946 1.891475
0.255782 2.050508
0.063946 2.636593
0.159864 3.225216
0.063946 2.312256
0.047959 3.994572
0.095918 1.744077
0.031973 9.159601
0.047959 9.958916
0.095918 0.649510
0.047959 15.584294
0.031973 4.110966
0.047959 2.930672
0.031973 18.460872
0.031973 15.492826
0.047959 23.335616
0.031973 6.791047
0.047959 8.129049
0.063946 16.115494
0.031973 8.289449
0.063946 7.468092
0.015986 11.773798
0.031973 10.491254
0.063946 9.522170
0.031973 4.756096
0.079932 4.308538
0.095918 7.448867
0.047959 13.363745
0.031973 19.462794
0.031973 18.904241
0.031973 18.084242
0.031973 19.709206
0.031973 16.575268
0.031973 14.531674
0.031973 10.554382
0.031973 15.045939
0.031973 19.161827
0.031973 19.747536
0.031973 16.055843
0.063946 15.898282
0.063946 17.039994
0.031973 20.237074
0.047959 20.387187
0.063946 10.093948
0.095918 8.194628
0.047959 23.335649
0.063946 15.508200
0.063946 13.329288
0.047959 12.274943
0.031973 20.433047
0.047959 17.918830
0.031973 19.810002
0.063946 20.933810
0.047959 24.405544
0.047959 20.015574
0.031973 12.477394
0.063946 19.521272
0.063946 18.306169
0.047959 23.249014
0.047959 17.771957
0.047959 21.432351
0.047959 19.927339
0.063946 18.376539
0.047959 17.070051
0.063946 8.233625
0.047959 6.347048
0.047959 20.072941
0.047959 22.556242
0.047959 21.411500
0.047959 18.295150
0.047959 21.647583
0.047959 20.124836
0.047959 23.532636
0.063946 21.006121
0.047959 10.955116
0.063946 22.041545
0.063946 22.062511
0.047959 22.477779
0.047959 20.088855
0.047959 18.515710
0.047959 17.262683
0.047959 12.553115
0.031973 20.431299
0.031973 23.836653
0.063946 21.881842
0.047959 21.524137
0.031973 21.934596
0.031973 21.975591
0.079932 21.019774
0.063946 20.308030
0.063946 18.137607
0.047959 17.105556
0.031973 17.243544
0.047959 23.708546
0.047959 22.849486
0.031973 13.410331
0.063946 20.934795
0.063946 20.378805
0.063946 20.501995
0.047959 25.065335
0.047959 19.737337
0.047959 15.180985
0.063946 25.354986
0.063946 25.261786
0.031973 19.850159
0.047959 18.888167
0.047959 14.164380
0.047959 20.701368
0.047959 21.691244
0.047959 17.928172
0.031973 16.841227
0.047959 19.436348
0.031973 15.039519
0.031973 16.357837
0.079932 19.142331
0.063946 22.454612
0.047959 18.075193
0.047959 21.801828
0.047959 20.624950
0.063946 19.709055
0.063946 20.057069
0.063946 15.025936
0.047959 11.072219
0.047959 16.659319
0.031973 19.619134
0.047959 19.564505
0.047959 22.399119
0.047959 25.597345
0.031973 22.223615
0.031973 20.112871
0.047959 21.412203
0.047959 22.586524
0.063946 21.290261
0.063946 18.531868
0.047959 19.031890
0.047959 22.673660
0.047959 18.168459
0.047959 17.946472
0.031973 17.471364
0.031973 20.394602
0.063946 15.524382
0.047959 12.531440
0.047959 15.055353
0.047959 19.815595
0.047959 19.233406
0.047959 15.745524
0.047959 17.296635
0.047959 18.927492
0.047959 20.233058
0.047959 18.073116
0.047959 16.535314
0.047959 21.074141
0.031973 20.926103
0.047959 21.874899
0.047959 19.189362
0.031973 16.142049
0.047959 15.588486
0.047959 16.720563
0.031973 15.055350
0.047959 17.482788
0.047959 19.191828
0.047959 18.591714
0.031973 19.750834
0.047959 19.233365
0.063946 18.599129
0.063946 15.464879
0.047959 22.117960
0.031973 21.577695
0.031973 23.121903
0.031973 17.646475
0.031973 15.789669
0.015986 13.585657
0.031973 17.143711
0.047959 19.706831
0.031973 13.931802
0.047959 13.451649
0.031973 19.051221
0.047959 22.799418
0.047959 15.422055
0.063946 16.800662
0.047959 19.913453
0.031973 16.523286
0.031973 17.244580
0.031973 13.607079
0.047959 18.652040
0.047959 18.224262
0.047959 13.726683
0.031973 17.256525
0.031973 18.648356
0.031973 17.979225
0.031973 16.420756
0.047959 20.907353
0.047959 22.501898
0.047959 18.863848
0.047959 14.684636
0.031973 20.207645
0.047959 18.019297
0.031973 12.876109
0.047959 14.922283
0.031973 8.633710
0.047959 14.902749
0.047959 17.851375
0.063946 16.742853
0.063946 12.195676
0.063946 11.568342
0.031973 13.927491
0.047959 17.005441
0.047959 11.953157
0.031973 14.885884
0.031973 12.614926
0.047959 12.944249
0.047959 16.525152
0.047959 18.461857
0.047959 16.708139
0.031973 16.547737
0.047959 11.933357
0.031973 15.315467
0.031973 14.770497
0.031973 15.453105
0.047959 13.111395
0.047959 8.964677
0.047959 15.636033
0.047959 16.903652
0.031973 14.465318
0.047959 12.138671
0.047959 14.246691
0.063946 8.653377
0.095918 5.609154
0.031973 13.644661
0.031973 15.556566
0.047959 17.613874
0.031973 10.380303
0.031973 11.453409
0.031973 11.139916
0.047959 13.135550
0.047959 15.596800
0.031973 12.927480
0.031973 17.015339
0.031973 20.349733
0.047959 22.186973
0.031973 13.567794
0.031973 16.605155
0.031973 18.759684
0.031973 14.653470
0.015986 12.084605
0.031973 19.835467
0.031973 18.900860
0.031973 14.120214
0.031973 16.819744
0.047959 15.852535
0.031973 10.010073
0.031973 15.138334
0.047959 17.921097
0.031973 17.996642
0.031973 14.413445
0.031973 11.634148
0.047959 16.858868
0.031973 18.357193
0.031973 16.710516
0.031973 14.062372
0.031973 17.310260
0.031973 18.102174
0.047959 11.966202
0.047959 14.043041
0.031973 14.088491
0.047959 15.371798
0.047959 17.266486
0.047959 17.815128
0.031973 15.983596
0.031973 15.380312
0.031973 10.923189
0.047959 11.993591
0.047959 13.017175
0.031973 15.765187
0.031973 16.267561
0.047959 10.194442
0.047959 9.576917
0.031973 9.801241
0.031973 10.052283
0.031973 13.263239
0.047959 13.589599
0.047959 10.603525
0.031973 6.877388
0.031973 10.913597
0.031973 7.999519
0.031973 11.186748
0.031973 12.927785
0.031973 16.236901
0.031973 14.529404
0.031973 13.425548
0.031973 10.309976
0.047959 7.923262
0.047959 12.287351
