0.047959 10.229681
0.047959 3.017419
0.079932 1.603652
0.111905 8.291794
0.031973 2.837625
0.079932 3.621574
0.031973 9.497190
0.063946 2.746619
0.031973 5.547661
0.031973 5.145861
0.111905 6.968267
0.111905 9.506391
0.111905 10.563170
0.111905 9.601847
0.111905 11.182425
0.031973 6.552607
0.047959 10.694210
0.111905 7.324018
0.095918 7.132293
0.127891 2.786045
0.143878 1.843164
0.063946 3.157273
0.111905 7.634975
0.111905 4.451185
0.031973 11.504302
0.031973 1.131111
0.031973 5.888700
0.111905 4.583648
0.031973 10.109324
0.111905 11.728687
0.031973 4.974981
0.031973 9.687960
0.111905 8.704130
0.031973 12.054591
0.111905 6.444971
0.047959 9.806124
0.063946 5.198793
0.079932 6.552547
0.031973 7.868779
0.047959 6.835457
0.079932 4.750617
0.079932 5.683713
0.127891 4.331819
0.111905 2.691199
0.111905 4.921138
0.031973 4.303352
0.031973 4.569814
0.031973 4.295772
0.127891 4.581997
0.111905 5.509332
0.031973 7.477324
0.031973 14.762033
0.031973 17.059664
0.031973 9.819459
0.031973 6.905160
0.031973 11.669179
0.031973 9.835890
0.047959 5.949977
0.031973 8.261109
0.063946 8.873999
0.079932 11.611866
0.063946 8.234950
0.095918 8.177659
0.063946 14.418869
0.047959 9.779267
0.047959 7.970763
0.063946 9.399560
0.047959 9.529024
0.063946 7.508126
0.063946 6.564479
0.079932 11.319792
0.047959 8.727570
0.063946 15.068976
0.063946 12.707935
0.063946 5.871421
0.079932 10.473318
0.047959 14.932536
0.063946 14.280195
0.111905 10.133689
0.031973 11.289836
0.047959 10.680755
0.063946 10.908401
0.063946 9.488639
0.047959 12.081188
0.063946 13.110488
0.063946 10.129460
0.047959 14.441822
0.031973 14.072162
0.063946 11.910252
0.031973 11.427835
0.047959 7.565718
0.079932 8.587256
0.063946 9.739507
0.079932 9.821531
0.047959 6.569498
0.031973 7.818164
0.047959 7.501411
0.047959 13.160757
0.047959 13.022080
0.047959 9.950892
0.031973 9.765217
0.047959 12.366949
0.063946 11.918828
0.031973 9.133017
0.063946 11.528417
0.063946 14.330842
0.031973 13.338343
0.047959 14.747821
0.031973 10.509796
0.031973 12.329327
0.063946 15.463431
0.063946 14.406254
0.063946 16.816749
0.031973 16.913742
0.031973 11.385138
0.047959 11.712313
0.063946 10.494510
0.031973 10.257848
0.031973 7.088401
0.047959 6.713936
0.031973 10.904304
0.063946 12.107318
0.063946 11.870517
0.079932 11.857207
0.047959 13.483787
0.047959 14.221503
0.031973 10.189560
0.031973 10.117507
0.031973 15.783595
0.031973 11.791224
0.047959 16.431401
0.063946 10.331909
0.063946 9.796389
0.047959 8.432617
0.047959 8.858949
0.031973 9.735360
0.047959 14.399984
0.031973 12.936997
0.047959 10.100778
0.047959 7.211600
0.063946 8.955891
0.063946 10.963335
0.031973 7.642142
0.063946 12.780844
0.047959 11.118683
0.047959 12.841632
0.047959 14.455157
0.031973 9.711610
0.031973 13.471516
0.031973 10.732855
0.031973 12.706525
0.031973 13.247949
0.031973 13.992451
0.047959 23.527092
0.031973 17.306006
0.031973 12.171028
0.031973 13.616072
0.047959 15.108700
0.047959 15.439140
0.047959 11.376481
0.031973 9.949149
0.047959 9.957510
0.031973 9.981726
0.047959 12.895291
0.047959 12.920222
0.031973 12.263905
0.031973 13.725363
0.031973 18.954422
0.047959 13.441295
0.031973 9.043063
0.063946 13.544778
0.047959 14.383681
0.047959 10.856629
0.031973 12.956875
0.031973 10.880008
0.015986 11.403201
0.047959 16.299712
0.063946 15.422253
0.047959 13.498268
0.047959 13.161565
0.031973 16.461206
0.047959 20.282810
0.063946 15.623561
0.031973 13.877194
0.031973 15.209786
0.047959 14.891729
0.031973 11.480941
0.047959 15.133860
0.031973 10.040781
0.031973 11.046472
0.015986 9.972105
0.031973 16.095932
0.047959 14.538614
0.063946 12.209724
0.031973 10.006446
0.063946 10.173314
0.063946 9.258342
0.031973 10.145648
0.031973 10.629567
0.063946 10.845035
0.047959 11.592350
0.047959 9.413132
0.031973 11.066488
0.031973 9.271537
0.047959 13.756637
0.047959 17.210960
0.031973 9.270653
0.047959 11.836984
0.047959 7.493968
0.047959 8.009174
0.031973 9.714877
0.047959 9.484283
0.047959 12.315164
0.047959 11.223386
0.031973 7.747922
0.047959 14.602469
0.047959 8.933718
0.047959 13.433933
0.031973 13.685576
0.047959 12.454647
0.047959 12.859554
0.047959 15.936469
0.031973 13.046697
0.031973 15.182650
0.047959 14.016816
0.031973 12.789814
0.063946 12.528366
0.031973 10.955359
0.031973 13.221372
0.047959 12.954350
0.031973 16.580595
0.047959 19.835524
0.031973 17.418565
0.031973 13.773893
0.047959 18.462209
0.031973 13.380542
0.047959 12.576842
0.047959 9.967811
0.047959 13.000545
0.047959 11.590338
0.031973 8.479546
0.047959 9.565338
0.047959 10.589419
0.031973 12.019465
0.047959 15.434620
0.031973 12.613352
0.047959 8.436861
0.047959 10.229883
0.031973 8.876934
0.047959 10.808216
0.031973 10.352672
0.031973 8.505161
0.031973 9.074645
0.047959 10.082702
0.047959 7.412240
