1 12
14 18
21 25
30 40
41 50
51 55
56 61
62 71
76 83
88 92
93 103
109 115
122 126
130 136
137 145
150 170
171 186
189 202
203 211
216 230
234 245
246 262
263 266
267 278
286 300
301 304
309 313
317 331
332 343
348 365
370 382
386 391
396 405
408 415
416 425
429 440
446 453
454 475
476 481
487 492
495 503
506 512
513 530
538 555
556 560
561 567
572 575
576 582
589 595
598 601
602 607
610 616
621 626
628 635
638 645
646 650
654 662
665 671
677 683
688 692
693 696
697 701
704 711
716 719
720 725
729 734
735 738
739 750
755 758
759 765
771 790
794 801
802 805
808 814
815 822
834 843
858 864
867 875
885 906
909 925
926 931
932 938
941 947
952 959
964 977
979 990
1006 1016
1020 1028
1031 1036
1037 1046
1047 1062
1065 1075
1079 1084
1088 1095
1098 1108
1109 1113
1114 1120
1128 1138
1144 1156
1162 1172
1173 1176
1181 1188
1189 1193
1194 1200
1201 1206
1207 1218
1219 1232
1233 1236
1237 1243
1246 1252
1255 1265
1268 1273
1280 1289
1297 1312
1313 1322
1323 1328
1331 1340
1346 1352
1353 1359
1363 1370
1371 1381
1385 1388
1389 1395
1405 1415
1421 1429
1430 1434
1435 1441
1442 1453
1462 1474
1481 1486
1487 1490
1495 1504
1505 1510
1515 1522
1526 1537
1538 1549
1554 1557
1560 1569
1570 1573
1574 1580
1585 1597
1606 1613
1614 1620
1621 1626
1627 1637
1645 1655
1656 1663
1666 1672
1673 1682
1683 1693
1719 1729
1733 1738
1739 1750
1752 1756
1758 1761
1771 1781
1784 1796
1799 1802
1807 1810
1811 1824
1826 1830
1835 1846
1853 1863
1867 1874
1885 1895
1900 1912
1915 1923
1924 1927
1928 1936
1937 1941
1953 1969
1970 1976
1987 1998
2003 2007
2008 2019
2029 2035
2037 2042
2043 2055
2063 2081
2084 2087
2088 2097
2098 2102
2103 2112
2113 2131
2135 2141
2157 2176
2184 2189
2190 2205
2213 2216
2224 2229
2237 2256
2257 2260
2261 2266
2267 2270
2272 2284
2289 2296
2297 2300
2305 2314
2323 2327
2336 2342
2343 2353
2354 2368
2374 2383
2386 2391
2394 2408
2409 2415
2418 2432
2440 2453
2455 2467
2475 2487
2490 2493
2494 2500
2516 2527
2533 2560
2561 2567
2575 2592
2593 2596
2597 2608
2622 2633
2651 2654
2655 2658
2659 2662
2663 2670
2678 2696
2701 2708
2713 2733
2734 2738
2742 2753
2754 2761
2762 2779
2784 2789
2791 2809
2812 2822
2823 2838
2847 2851
2852 2872
2878 2900
2901 2909
2916 2929
2934 2944
2953 2964
2969 2974
2975 2992
2993 2998
2999 3003
3004 3012
3013 3019
3020 3041
3043 3049
3053 3069
3075 3094
3096 3118
3123 3135
3143 3153
3163 3173
3180 3189
3207 3217
3223 3233
3245 3265
3281 3300
3301 3313
3326 3333
3341 3357
3363 3377
3385 3391
3401 3417
3422 3438
3439 3445
3446 3454
3455 3461
3462 3466
3470 3475
3477 3480
3481 3500
3505 3518
3527 3540
3542 3551
3554 3574
3582 3588
3601 3606
3622 3635
3639 3646
3656 3662
3668 3676
3677 3687
3689 3698
3704 3721
3726 3736
3739 3751
3753 3757
3764 3776
3787 3797
3805 3809
3811 3821
3828 3840
3841 3857
3861 3879
3880 3894
3895 3904
3905 3911
3912 3929
3935 3950
3957 3984
3985 4004
4014 4018
4022 4042
4045 4052
4053 4076
4079 4084
4085 4096
