1 10
11 14
15 20
21 25
26 36
37 40
43 47
53 56
62 65
66 69
77 82
83 86
87 90
91 102
108 114
115 120
130 136
137 144
145 148
149 159
160 174
175 188
193 201
202 211
216 235
236 241
242 251
252 255
258 274
281 295
303 314
315 324
325 345
354 365
367 372
392 406
411 414
418 421
424 431
432 441
443 449
451 466
470 476
477 484
485 490
494 503
506 512
513 521
524 531
532 536
537 542
545 548
551 558
559 565
566 569
573 580
581 585
597 601
602 608
609 615
620 630
631 634
635 646
647 654
656 669
675 691
692 708
709 716
721 731
741 752
763 775
778 783
795 801
808 823
828 843
851 862
863 866
867 878
880 884
886 897
898 905
906 911
914 918
923 938
940 948
952 958
961 966
973 981
992 1001
1010 1021
1028 1044
1045 1059
1071 1080
1086 1095
1099 1115
1119 1135
1143 1150
1151 1158
1161 1171
1174 1188
1196 1207
1212 1222
1223 1232
1233 1240
1246 1254
1256 1262
1266 1269
1271 1279
1280 1289
1292 1298
1303 1311
1312 1321
1322 1330
1331 1342
1345 1357
1359 1375
1376 1380
1391 1401
1404 1407
1421 1433
1469 1473
1490 1499
1509 1513
1514 1522
1523 1531
1532 1537
1542 1554
1555 1570
1590 1600
1607 1614
1625 1649
1653 1662
1667 1687
1688 1697
1714 1724
1728 1742
1743 1759
1761 1769
1774 1784
1785 1807
1811 1819
1849 1858
1904 1928
1934 1944
1945 1968
1978 1989
1991 2011
2019 2026
2028 2043
2044 2060
2070 2077
2082 2103
2104 2124
2125 2132
2133 2145
2146 2162
2163 2176
2179 2184
2191 2202
2206 2222
2228 2236
2256 2261
2270 2287
2289 2295
2297 2327
2358 2373
2374 2390
2396 2415
2421 2427
2428 2434
2435 2442
2446 2457
2458 2464
2467 2481
2486 2499
2503 2525
2529 2560
2583 2599
2606 2614
2615 2622
2623 2635
2638 2654
2655 2667
2671 2682
2694 2704
2705 2711
2713 2729
2730 2742
2752 2776
2777 2784
2792 2803
2807 2821
2827 2839
2842 2850
2851 2876
2897 2903
2920 2935
3007 3015
3125 3131
3154 3167
3171 3179
3185 3194
3201 3216
3222 3234
3237 3255
3256 3270
3271 3286
3287 3298
3308 3315
3317 3332
3344 3356
3360 3371
3375 3391
3425 3430
3435 3440
3443 3454
3458 3463
3465 3483
3487 3504
3543 3552
3558 3564
3657 3679
3716 3720
3737 3761
3800 3806
3808 3816
3855 3860
3871 3890
