0.063946 10.593196
0.031973 8.732936
0.015986 5.950017
0.063946 5.062175
0.143878 5.801521
0.031973 8.721276
0.047959 3.805434
0.127891 4.413174
0.063946 8.710022
0.031973 6.380791
0.063946 7.797716
0.175850 3.274729
0.031973 9.824927
0.159864 2.419126
0.031973 7.039395
0.047959 1.870342
0.047959 2.552509
0.015986 10.923965
0.111905 1.698090
0.143878 1.502643
0.031973 11.279559
0.047959 1.760223
0.095918 2.517911
0.031973 2.452148
0.095918 1.968677
0.015986 9.282283
0.015986 7.242095
0.031973 11.354086
0.031973 7.478690
0.047959 0.634710
0.031973 4.686623
0.079932 4.969864
0.047959 19.667972
0.015986 13.169774
0.031973 20.314565
0.031973 6.870485
0.047959 11.732895
0.031973 18.398273
0.079932 11.171339
0.031973 8.176309
0.095918 8.030556
0.047959 9.849338
0.015986 16.206020
0.031973 16.387766
0.031973 8.034837
0.063946 7.181872
0.031973 6.937372
0.111905 4.653619
0.031973 9.957781
0.063946 7.621698
0.047959 17.622446
0.031973 18.792543
0.015986 15.826303
0.031973 17.524389
0.031973 20.372506
0.031973 24.648018
0.031973 17.652183
0.031973 17.682105
0.047959 15.549862
0.031973 15.775504
0.031973 17.584827
0.015986 16.352608
0.031973 12.517894
0.031973 14.759382
0.031973 22.361979
0.031973 9.596225
0.031973 12.653564
0.031973 14.943421
0.047959 14.271275
0.031973 8.892617
0.031973 20.147759
0.015986 15.842135
0.031973 20.126802
0.031973 23.168153
0.031973 21.994154
0.063946 13.907677
0.047959 19.273937
0.047959 19.048160
0.079932 19.447714
0.063946 19.763837
0.047959 19.115696
0.047959 16.233072
0.047959 18.238427
0.015986 14.045600
0.015986 18.252545
0.031973 19.714854
0.047959 24.660179
0.031973 17.597322
0.031973 19.209501
0.047959 23.333959
0.063946 17.294116
0.031973 7.940686
0.031973 20.787984
0.031973 22.358769
0.031973 23.036731
0.047959 21.957608
0.047959 21.596339
0.031973 18.117562
0.031973 20.787578
0.047959 23.453133
0.031973 11.855933
0.031973 20.167443
0.047959 21.933651
0.031973 20.813905
0.047959 14.234762
0.047959 20.642302
0.031973 17.273918
0.031973 18.440327
0.047959 23.735617
0.079932 22.450915
0.063946 17.369723
0.047959 20.491958
0.047959 19.535310
0.031973 20.669055
0.031973 18.488308
0.047959 15.976480
0.047959 21.618784
0.047959 21.450531
0.031973 20.213927
0.031973 17.874003
0.031973 24.511721
0.031973 25.133072
0.031973 18.373927
0.031973 22.960467
0.031973 14.753083
0.031973 11.450169
0.031973 21.044996
0.031973 15.547641
0.031973 15.504127
0.031973 13.809447
0.031973 13.447268
0.063946 9.519781
0.031973 16.174330
0.063946 17.800461
0.063946 14.831820
0.031973 17.258438
0.047959 11.516187
0.031973 11.560441
0.063946 19.437946
0.063946 14.883039
0.031973 18.130493
0.031973 20.597632
0.031973 14.590501
0.031973 19.523479
0.031973 18.203676
0.031973 12.180977
0.047959 18.175391
0.063946 12.471824
0.047959 17.549118
0.031973 14.247222
0.047959 13.353353
0.047959 19.542465
0.047959 15.556170
0.015986 17.542747
0.047959 18.740442
0.047959 14.958725
0.031973 18.140232
0.047959 18.096721
0.031973 13.766452
0.031973 13.798474
0.015986 8.000937
0.031973 13.832822
0.031973 13.445820
0.031973 12.916793
0.031973 11.600321
0.047959 15.499364
0.031973 15.519546
0.031973 17.387995
0.015986 11.215977
0.031973 12.887931
0.031973 14.418941
0.047959 10.638001
0.031973 13.723856
0.063946 11.192419
0.047959 14.747978
0.031973 13.431461
0.031973 13.144853
0.031973 13.492439
0.031973 11.325879
0.047959 13.084127
0.031973 12.622158
0.047959 13.288807
0.031973 16.337467
0.031973 15.197912
0.031973 18.447187
0.031973 17.089988
0.031973 18.012342
0.015986 14.125701
0.031973 13.820273
0.031973 15.347731
0.031973 18.854728
0.031973 21.874639
0.031973 14.467788
0.031973 16.729087
0.015986 16.692762
0.031973 19.580500
0.031973 12.001462
0.015986 14.346446
0.031973 16.035638
0.031973 15.022475
0.031973 17.415267
0.047959 12.382836
0.047959 16.227580
0.031973 11.551554
0.031973 12.063678
0.031973 14.231036
0.031973 12.581411
0.047959 9.144179
0.047959 10.337756
0.031973 12.042894
0.031973 15.104043
0.047959 12.620296
0.047959 12.474569
0.031973 15.226922
0.015986 13.983999
0.031973 13.922723
0.031973 16.622493
0.031973 12.503019
0.031973 14.612968
0.031973 9.056074
0.047959 8.783481
0.047959 14.001372
0.047959 10.300877
0.031973 12.770397
0.031973 12.435093
0.031973 14.443071
0.031973 13.669924
0.015986 7.590216
0.031973 15.264449
0.031973 12.448911
0.031973 13.132443
0.031973 7.445110
0.031973 8.679575
0.031973 14.538042
0.031973 13.579972
0.047959 11.640099
0.031973 13.403590
0.015986 8.197155
0.031973 7.140351
0.031973 9.659823
0.031973 9.376126
0.015986 7.241055
0.031973 8.155394
0.031973 10.422163
0.031973 5.831366
0.031973 7.320744
0.015986 7.773732
0.031973 8.059612
0.031973 9.434071
0.031973 7.606275
0.031973 11.823927
0.031973 5.910770
0.031973 4.435857
0.031973 7.727788
0.031973 9.503762
0.031973 11.866001
0.031973 9.842206
0.031973 12.298442
0.031973 9.873804
0.031973 10.880352
0.031973 12.733734
0.031973 12.765797
0.031973 10.370106
0.031973 12.310482
0.031973 9.446143
0.031973 14.880868
0.031973 11.560937
0.031973 14.279201
0.031973 12.115035
0.031973 11.271357
0.031973 9.495433
0.031973 7.913004
0.031973 5.239883
0.047959 10.613086
0.031973 11.760994
0.031973 7.537260
0.031973 8.825839
0.031973 10.527471
0.031973 12.228749
0.031973 9.683288
0.031973 11.159378
0.031973 10.000169
0.031973 10.235223
0.031973 9.848969
0.031973 8.940839
0.015986 9.337101
0.031973 14.715915
0.031973 8.529518
0.031973 10.901677
0.031973 10.735782
0.031973 9.153211
0.031973 11.440456
0.047959 8.114309
0.031973 11.838586
0.031973 7.397821
0.031973 6.216151
0.031973 9.548281
0.047959 6.606751
0.047959 7.455184
0.031973 9.773753
0.031973 6.374037
0.047959 6.881301
0.031973 5.885863
0.031973 7.026165
0.031973 6.691423
0.031973 6.926276
0.031973 9.471591
0.031973 8.435039
0.031973 7.138870
0.031973 8.299441
0.031973 7.050398
0.031973 6.344645
0.031973 6.236922
