0.095918 6.133044
0.511565 4.748689
0.031973 4.671211
0.079932 1.418998
0.031973 4.998816
0.031973 2.373515
0.079932 3.902571
0.031973 9.531692
0.063946 2.758500
0.031973 2.354327
0.047959 3.548247
0.047959 9.102530
0.015986 8.577714
0.031973 7.039936
0.047959 11.127393
0.047959 7.642877
0.031973 2.578627
0.079932 1.876410
0.047959 3.692742
0.015986 8.592805
0.031973 2.185797
0.031973 5.195365
0.047959 7.167689
0.015986 7.004730
0.015986 9.473853
0.015986 8.636206
0.031973 3.141514
0.031973 8.796729
0.031973 9.444335
0.031973 10.607473
0.031973 4.473470
0.031973 6.779821
0.063946 5.353575
0.079932 8.785140
0.047959 6.019705
0.047959 7.773326
0.095918 6.061802
0.111905 5.797153
0.031973 6.337425
0.079932 3.562612
0.047959 4.702138
0.095918 4.783375
0.031973 4.599098
0.031973 4.524423
0.031973 5.125968
0.031973 8.926642
0.127891 4.604659
0.031973 8.010672
0.095918 4.899410
0.031973 6.836025
0.031973 10.496529
0.031973 9.179482
0.031973 13.175613
0.063946 5.612471
0.031973 11.432244
0.063946 8.597331
0.031973 9.811251
0.015986 9.892568
0.063946 8.657766
0.063946 9.733950
0.063946 7.050216
0.079932 5.704341
0.063946 12.351756
0.047959 9.122021
0.063946 11.087690
0.095918 11.586439
0.111905 9.826228
0.063946 7.112721
0.047959 9.874671
0.031973 11.653082
0.063946 12.831347
0.079932 7.580170
0.079932 11.493329
0.063946 14.669774
0.031973 9.721082
0.111905 10.139878
0.063946 9.800960
0.031973 9.649751
0.063946 10.281728
0.079932 7.722995
0.047959 10.604212
0.047959 7.285634
0.063946 13.615497
0.079932 11.712269
0.063946 14.477652
0.047959 12.461886
0.063946 12.895510
0.063946 12.652044
0.031973 4.650481
0.031973 10.147990
0.047959 7.381404
0.063946 7.125055
0.079932 8.227121
0.047959 6.216671
0.031973 6.565690
0.111905 8.964927
0.047959 7.401382
0.047959 11.708277
0.047959 11.563749
0.047959 9.712222
0.047959 10.507805
0.047959 10.346728
0.063946 10.980829
0.031973 9.952075
0.079932 13.339499
0.031973 11.692941
0.063946 9.718221
0.063946 9.226763
0.031973 6.453498
0.047959 10.744269
0.063946 13.139484
0.047959 13.078935
0.063946 13.901690
0.047959 11.550861
0.031973 9.113307
0.047959 7.925462
0.063946 7.481468
0.031973 8.532341
0.079932 7.882355
0.047959 8.516907
0.031973 9.051774
0.063946 12.065671
0.063946 10.933402
0.063946 11.381242
0.079932 12.053207
0.063946 11.954474
0.047959 6.851126
0.031973 8.989036
0.031973 9.200514
0.031973 8.850494
0.031973 11.407951
0.063946 15.227371
0.079932 10.269857
0.047959 10.616353
0.047959 8.835664
0.047959 8.407536
0.047959 11.424994
0.047959 8.763557
0.063946 7.061992
0.063946 6.561719
0.063946 6.987432
0.047959 7.715804
0.063946 11.457910
0.047959 11.643526
0.047959 16.205959
0.031973 9.355395
0.015986 10.155300
0.015986 9.032153
0.031973 8.826623
0.031973 9.725996
0.031973 8.464023
0.031973 11.969126
0.047959 21.755923
0.015986 11.099529
0.031973 11.061847
0.047959 10.306974
0.031973 8.102922
0.047959 9.366751
0.047959 8.359538
0.047959 9.475362
0.063946 8.043895
0.047959 10.939829
0.047959 8.547126
0.047959 9.859015
0.063946 8.210045
0.031973 9.700274
0.031973 15.067324
0.047959 10.866667
0.063946 11.805953
0.047959 13.012250
0.047959 9.470986
0.031973 7.430266
0.047959 14.183049
0.063946 14.324131
0.047959 11.148685
0.047959 9.144535
0.047959 10.001362
0.047959 12.375216
0.031973 12.576634
0.031973 15.594088
0.047959 11.129322
0.031973 11.326552
0.031973 10.134868
0.047959 11.809919
0.047959 9.727692
0.047959 10.617528
0.031973 8.404309
0.031973 8.624309
0.047959 11.496752
0.063946 9.640972
0.047959 10.247527
0.031973 8.258168
0.047959 8.363582
0.031973 9.097657
0.047959 9.601977
0.031973 11.013556
0.031973 6.707819
0.047959 10.129732
0.031973 7.105798
0.047959 6.963660
0.031973 10.985523
0.047959 8.333989
0.031973 10.437144
0.047959 9.157812
0.047959 6.696084
0.047959 8.948503
0.047959 10.336155
0.047959 10.347221
0.047959 9.273561
