0.095918 9.127321
0.031973 7.013813
0.191837 3.349367
0.047959 3.365533
0.079932 1.557665
0.047959 6.601536
0.031973 3.587028
0.079932 3.257100
0.031973 8.881410
0.063946 2.933054
0.031973 5.235440
0.047959 3.336025
0.047959 4.812018
0.031973 6.290328
0.031973 8.370383
0.015986 7.253468
0.031973 5.650907
0.047959 10.645877
0.047959 8.788146
0.047959 4.387226
0.031973 3.533539
0.047959 3.813531
0.079932 2.101803
0.047959 3.656350
0.015986 9.345979
0.031973 3.887392
0.031973 1.790915
0.031973 4.836739
0.063946 2.954982
0.031973 10.161507
0.015986 10.542039
0.015986 9.426676
0.031973 6.027947
0.031973 11.045642
0.047959 6.407868
0.031973 11.309232
0.031973 5.779135
0.063946 5.413957
0.079932 6.358368
0.015986 6.238311
0.047959 8.387058
0.111905 5.140078
0.079932 6.552759
0.031973 10.187029
0.079932 3.875221
0.047959 3.524464
0.095918 4.437425
0.015986 5.580288
0.031973 3.992865
0.031973 6.371955
0.031973 5.047808
0.127891 4.805583
0.015986 10.061157
0.095918 4.401145
0.031973 6.251495
0.031973 9.383388
0.015986 10.530500
0.031973 13.947958
0.031973 12.208880
0.031973 5.300534
0.031973 10.216634
0.047959 5.301837
0.031973 10.255381
0.031973 7.823690
0.063946 8.780742
0.031973 11.579208
0.063946 10.346522
0.079932 8.291000
0.095918 12.814773
0.063946 14.683241
0.047959 9.728407
0.063946 9.829684
0.047959 9.163113
0.063946 8.416879
0.063946 11.431614
0.047959 7.597137
0.063946 13.896174
0.047959 12.012991
0.079932 9.128455
0.079932 12.746192
0.047959 15.335985
0.047959 15.466071
0.047959 10.073985
0.111905 10.901131
0.031973 13.455872
0.063946 9.182995
0.047959 9.933361
0.047959 14.396944
0.095918 14.252138
0.063946 13.565593
0.063946 11.479374
0.063946 17.476014
0.047959 17.518200
0.031973 13.258404
0.063946 12.895151
0.031973 14.158856
0.031973 14.064866
0.031973 10.155392
0.079932 9.109527
0.015986 6.778451
0.063946 11.621108
0.047959 10.266650
0.063946 10.942766
0.031973 8.181126
0.031973 9.799504
0.111905 11.762859
0.047959 12.674446
0.047959 15.295551
0.031973 13.165238
0.063946 15.073058
0.047959 11.531869
0.047959 12.751873
0.031973 10.720732
0.063946 11.985411
0.063946 15.470006
0.031973 9.510763
0.031973 10.504609
0.047959 12.037403
0.047959 12.477024
0.063946 16.151880
0.031973 16.073429
0.063946 16.738766
0.031973 16.011842
0.047959 16.274581
0.031973 12.904215
0.031973 13.872438
0.047959 11.432040
0.047959 11.527319
0.063946 10.947359
0.047959 9.176996
0.031973 10.411205
0.047959 8.164427
0.031973 12.049859
0.047959 9.982100
0.063946 12.330598
0.063946 14.651291
0.063946 14.086855
0.063946 15.471104
0.031973 11.290080
0.031973 11.576231
0.031973 11.180776
0.031973 15.181129
0.047959 21.943216
0.031973 13.069170
0.031973 15.371279
0.063946 18.845465
0.063946 22.302495
0.063946 11.515389
0.031973 10.884458
0.047959 10.268800
0.079932 9.242706
0.063946 9.474294
0.047959 9.146389
0.031973 10.815554
0.031973 15.449826
0.047959 14.285168
0.031973 8.851136
0.063946 10.398210
0.047959 6.936567
0.031973 8.091926
0.031973 8.409231
0.031973 10.113297
0.047959 10.719713
0.047959 15.040375
0.047959 14.747727
0.047959 15.865267
0.015986 9.446855
0.031973 9.960957
0.015986 11.439070
0.031973 12.997261
0.031973 13.890227
0.031973 14.086614
0.031973 16.963439
0.047959 22.253288
0.063946 13.610316
0.047959 14.570133
0.047959 13.109007
0.079932 7.645472
0.031973 10.171885
0.047959 11.462192
0.031973 11.746006
0.047959 9.318351
0.047959 14.249265
0.047959 10.429336
0.047959 7.818302
0.063946 15.213800
0.047959 16.303118
0.031973 13.802275
0.031973 18.002465
0.047959 13.435276
0.047959 9.092893
0.063946 16.229428
0.047959 18.016000
0.047959 15.084506
0.047959 13.608820
0.031973 11.203075
0.047959 16.073759
0.063946 17.375245
0.047959 15.330444
0.031973 17.174236
0.047959 15.849830
0.047959 17.740007
0.031973 16.977822
0.047959 15.523372
0.031973 14.232060
0.047959 13.389750
0.031973 13.416766
0.031973 7.340561
0.047959 13.965055
0.031973 7.959457
0.047959 11.855086
0.047959 18.509105
0.063946 16.860706
0.047959 12.142240
0.047959 12.205399
0.047959 13.556655
0.047959 13.683078
0.031973 13.213042
0.047959 10.894936
0.047959 10.910690
0.047959 16.203217
0.047959 14.228158
0.031973 15.355691
0.031973 16.719419
0.015986 12.619702
0.031973 15.766665
0.047959 14.329050
0.031973 11.183673
0.047959 9.304632
0.047959 9.383495
0.047959 11.242527
0.047959 13.781135
0.047959 15.829292
0.047959 16.730407
0.031973 16.623431
0.031973 8.667725
0.031973 10.949134
0.047959 12.345803
0.047959 11.073676
0.047959 18.539760
0.031973 11.200836
0.047959 13.967629
0.047959 11.621401
0.047959 12.700016
0.047959 17.124196
0.031973 13.729334
0.063946 11.039902
0.031973 13.360141
0.031973 12.274634
0.031973 14.232581
0.047959 14.371808
0.031973 12.181169
0.031973 10.948869
0.047959 8.477503
0.047959 12.970207
0.031973 14.598520
0.031973 15.647979
0.031973 9.744414
0.047959 15.755540
0.031973 16.765132
0.031973 13.733343
0.015986 7.465680
0.047959 16.140569
0.031973 13.392852
0.031973 11.780193
0.047959 12.929409
0.031973 12.810973
0.031973 11.000821
0.031973 12.658975
0.031973 10.937049
0.031973 12.946219
0.031973 11.233501
0.031973 12.310079
0.031973 7.697478
0.031973 8.144659
0.031973 10.501174
0.047959 10.565840
0.031973 13.438684
0.031973 14.497989
0.031973 10.139981
0.031973 10.632009
0.031973 9.839806
0.031973 12.620919
0.031973 5.501159
