1 10
14 19
22 25
29 35
36 39
42 48
53 57
60 65
66 70
77 82
90 102
107 113
114 120
128 144
145 148
149 159
162 170
176 181
182 188
189 192
193 199
203 208
212 227
231 234
235 241
242 245
251 260
264 268
269 274
281 295
296 301
303 314
315 323
329 345
353 367
368 372
377 382
388 406
411 414
417 422
425 430
431 436
440 449
451 465
478 485
488 491
495 503
510 521
524 529
532 536
537 545
551 561
563 569
577 586
596 600
601 607
611 614
622 626
629 636
637 654
656 670
671 675
676 690
691 696
697 714
717 732
736 751
756 762
763 775
779 784
785 791
795 801
802 806
811 824
827 834
835 841
842 846
847 850
851 867
870 876
879 899
908 911
912 918
923 938
940 944
945 950
951 959
960 967
975 981
991 1000
1003 1006
1010 1018
1023 1027
1028 1045
1047 1056
1072 1080
1089 1094
1108 1113
1129 1135
1143 1157
1164 1172
1179 1189
1190 1204
1210 1222
1223 1226
1229 1236
1241 1253
1263 1280
1283 1289
1291 1297
1298 1301
1304 1307
1308 1312
1320 1330
1331 1342
1356 1363
1373 1392
1393 1405
1423 1434
1474 1480
1482 1497
1505 1523
1524 1530
1531 1536
1541 1549
1551 1571
1577 1583
1587 1604
1608 1616
1625 1650
1651 1662
1664 1671
1672 1681
1684 1687
1688 1696
1705 1712
1713 1720
1729 1732
1733 1739
1746 1765
1767 1785
1786 1807
1820 1828
1834 1842
1850 1869
1877 1886
1895 1898
1901 1910
1912 1927
1928 1944
1953 1967
1974 1978
1983 1994
1998 2006
2014 2022
2029 2043
2049 2060
2066 2074
2085 2102
2103 2106
2107 2113
2114 2121
2125 2131
2132 2142
2143 2155
2162 2175
2184 2191
2194 2200
2201 2208
2209 2213
2214 2227
2228 2240
2250 2286
2287 2296
2298 2320
2321 2340
2344 2354
2355 2360
2361 2375
2378 2388
2393 2428
2429 2443
2457 2463
2472 2486
2489 2508
2510 2516
2518 2523
2527 2535
2677 2697
2699 2709
2714 2718
2750 2758
2759 2778
2785 2791
2800 2810
2827 2840
2853 2870
2882 2893
2936 2940
3011 3029
3197 3211
3228 3231
3248 3255
3262 3267
3273 3282
3287 3299
3323 3329
3334 3346
3444 3457
3496 3505
3639 3643
