0.095918 10.409828
0.031973 4.064141
0.031973 3.383718
0.031973 8.121007
0.063946 10.688232
0.031973 11.021457
0.015986 3.451708
0.031973 6.974945
0.015986 7.647541
0.079932 10.692802
0.063946 4.588460
0.031973 7.916397
0.031973 5.745940
0.031973 8.741077
0.015986 8.184511
0.031973 11.026592
0.015986 11.818285
0.015986 7.129144
0.031973 15.679002
0.047959 10.935727
0.031973 9.315248
0.031973 3.780896
0.063946 5.347629
0.015986 12.734441
0.015986 8.673881
0.015986 10.327527
0.031973 8.626250
0.031973 5.907689
0.015986 4.081287
0.015986 11.455513
0.015986 12.435701
0.015986 6.821254
0.031973 12.057486
0.031973 13.362401
0.031973 4.839586
0.063946 5.692939
0.079932 9.823876
0.047959 7.347639
0.095918 5.676397
0.047959 5.460480
0.031973 14.245272
0.015986 6.204097
0.015986 4.819478
0.031973 4.051379
0.031973 12.098212
0.031973 4.660789
0.031973 9.314152
0.127891 6.083401
0.031973 8.161044
0.015986 9.747208
0.031973 5.693193
0.031973 16.210107
0.015986 13.581426
0.031973 14.052272
0.031973 9.470805
0.031973 7.597914
0.015986 4.630701
0.031973 8.565470
0.047959 8.276654
0.031973 8.637109
0.047959 9.313489
0.047959 14.900027
0.063946 11.960547
0.047959 15.247085
0.063946 6.923020
0.031973 8.779174
0.047959 9.299212
0.063946 8.287294
0.047959 11.724546
0.047959 11.017754
0.111905 11.638537
0.063946 7.479279
0.063946 5.270055
0.063946 10.228200
0.063946 13.561740
0.063946 14.056370
0.063946 5.164107
0.079932 6.933514
0.063946 13.554475
0.063946 13.326772
0.063946 8.593859
0.015986 9.996077
0.031973 11.412886
0.047959 9.728660
0.063946 8.865879
0.031973 8.621861
0.047959 11.072746
0.047959 11.416632
0.063946 10.395521
0.047959 16.115339
0.047959 14.511848
0.063946 13.559664
0.063946 8.771581
0.031973 10.956708
0.047959 7.117844
0.063946 10.007468
0.047959 8.486883
0.031973 6.265621
0.047959 8.745411
0.047959 9.544116
0.047959 13.058048
0.047959 13.825300
0.047959 11.984558
0.047959 9.305160
0.047959 6.146877
0.047959 11.151245
0.031973 10.553978
0.047959 12.961890
0.031973 11.071941
0.031973 9.584100
0.031973 8.595286
0.031973 9.888619
0.031973 10.693008
0.047959 12.682705
0.047959 13.204256
0.031973 9.429978
0.031973 10.566048
0.015986 9.671158
0.015986 6.316281
0.015986 7.437887
0.031973 7.466176
0.031973 10.058702
0.063946 11.028716
0.063946 9.514296
0.047959 10.629035
0.047959 10.825185
0.015986 10.916532
0.015986 12.448219
0.015986 16.082873
0.031973 22.406062
0.031973 20.709159
0.047959 20.303086
0.063946 24.640183
0.015986 20.343835
0.015986 14.904365
0.031973 13.703879
0.047959 14.504952
0.015986 10.179265
0.015986 9.648804
0.031973 13.456347
0.047959 10.873809
0.047959 13.900667
0.015986 9.814332
0.031973 10.473171
0.031973 11.704090
0.031973 9.333154
0.031973 10.013746
0.031973 10.465831
0.047959 13.287696
0.031973 14.460430
0.031973 24.281560
0.015986 17.891432
0.015986 16.054755
0.015986 13.334985
0.015986 13.084277
0.015986 10.809051
0.015986 10.134821
0.031973 10.717877
0.047959 21.315751
0.015986 9.672272
0.063946 11.079146
0.031973 12.753464
0.015986 10.912570
0.031973 12.897079
0.031973 14.171394
0.031973 15.541612
0.031973 13.086160
0.031973 10.703478
0.063946 12.591141
0.047959 9.871142
0.031973 10.118447
0.031973 10.799613
0.047959 12.535768
0.047959 8.815008
0.031973 9.808114
0.047959 11.919959
0.063946 11.185641
0.063946 12.857806
0.047959 14.304840
0.031973 13.290850
0.031973 19.436172
0.031973 15.568811
0.031973 10.994923
0.047959 11.632486
0.031973 11.232779
0.031973 9.083597
0.047959 8.722029
0.031973 7.882520
0.047959 12.384466
0.063946 9.967472
0.031973 9.612923
0.031973 8.210664
0.031973 9.891454
0.047959 9.043946
0.031973 8.592782
0.047959 10.436940
0.031973 10.296305
0.031973 11.681284
0.031973 7.275876
0.047959 9.289184
0.031973 9.402976
0.047959 7.826073
0.031973 8.799126
0.031973 7.076337
0.031973 7.498930
0.047959 10.004576
0.047959 8.570576
0.031973 10.928758
0.031973 8.512901
0.031973 6.518627
0.031973 7.906711
