0.095918 4.701334
0.047959 15.389940
0.031973 13.980007
0.015986 6.053920
0.031973 0.900946
0.015986 8.250712
0.031973 6.060945
0.031973 8.425197
0.015986 8.117332
0.031973 6.388878
0.031973 6.665892
0.031973 3.852660
0.031973 5.115443
0.207823 7.449010
0.015986 8.468016
0.207823 1.442283
0.031973 5.415472
0.015986 4.638668
0.031973 2.256057
0.047959 2.012084
0.015986 1.960821
0.031973 3.164764
0.031973 4.908274
0.063946 2.162590
0.079932 1.914911
0.031973 0.997394
0.031973 12.504214
0.015986 4.894076
0.063946 3.608557
0.047959 2.068828
0.031973 8.346717
0.143878 2.252556
0.031973 3.796648
0.031973 7.888826
0.015986 9.102314
0.047959 8.384673
0.031973 4.717195
0.047959 5.775717
0.015986 7.230206
0.031973 3.593294
0.031973 10.859403
0.031973 5.093078
0.031973 5.717038
0.015986 10.629961
0.047959 4.404321
0.063946 5.318035
0.079932 3.093991
0.031973 6.011829
0.031973 3.609196
0.031973 5.554829
0.031973 14.830483
0.031973 7.175742
0.031973 17.143431
0.031973 23.383909
0.031973 12.780971
0.031973 7.917877
0.031973 18.532877
0.063946 10.749779
0.079932 10.465963
0.031973 13.210103
0.047959 12.296360
0.031973 6.692233
0.031973 5.840666
0.063946 9.371210
0.031973 8.099541
0.063946 10.424136
0.047959 11.099575
0.031973 14.280543
0.063946 17.842700
0.047959 11.289842
0.047959 9.465301
0.047959 7.327755
0.047959 15.488039
0.031973 9.648939
0.079932 10.437972
0.031973 12.246325
0.031973 16.436316
0.015986 16.469426
0.015986 15.833202
0.031973 14.770609
0.031973 10.132031
0.063946 12.182628
0.063946 12.382356
0.063946 9.673245
0.031973 6.192601
0.047959 8.324951
0.063946 13.569005
0.047959 12.059928
0.031973 9.001607
0.047959 15.301150
0.031973 14.506557
0.079932 15.083441
0.047959 14.504751
0.031973 21.633225
0.047959 19.054330
0.047959 15.856712
0.063946 11.939870
0.031973 7.971657
0.063946 11.434205
0.079932 13.137849
0.063946 18.614050
0.047959 14.015048
0.047959 18.079577
0.047959 13.966055
0.031973 12.640034
0.031973 10.783455
0.047959 11.672550
0.031973 11.189893
0.015986 13.259094
0.047959 15.028712
0.047959 17.614212
0.047959 12.886038
0.095918 11.719309
0.047959 13.653296
0.047959 10.352518
0.047959 13.527679
0.015986 14.075989
0.031973 15.558483
0.031973 14.476088
0.031973 16.913270
0.031973 12.917461
0.031973 20.254760
0.031973 13.678981
0.047959 20.678047
0.047959 16.011424
0.047959 17.980076
0.031973 13.768754
0.031973 18.653880
0.015986 13.340788
0.047959 15.595168
0.079932 15.146834
0.031973 18.390075
0.031973 18.620061
0.031973 19.508147
0.047959 19.552566
0.063946 10.819429
0.031973 16.893120
0.031973 15.990746
0.031973 16.383283
0.047959 17.517817
0.047959 20.578627
0.047959 16.961688
0.047959 18.121392
0.047959 16.407166
0.047959 14.655989
0.063946 13.136039
0.031973 19.173921
0.047959 17.594429
0.047959 22.426455
0.031973 20.072674
0.031973 18.497867
0.015986 14.752430
0.015986 11.769144
0.047959 14.415556
0.063946 13.022178
0.031973 13.345316
0.047959 14.336957
0.047959 12.865049
0.047959 14.257294
0.047959 14.982675
0.031973 11.397524
0.031973 14.727681
0.015986 15.157420
0.015986 11.134868
0.031973 12.678548
0.031973 11.518992
0.031973 10.486963
0.031973 14.142398
0.047959 16.877094
0.031973 10.969253
0.047959 16.086258
0.031973 9.110531
0.031973 14.943878
0.031973 13.362496
0.047959 12.779392
0.047959 9.909658
0.031973 14.989847
0.047959 9.147078
0.047959 14.556567
0.031973 14.298440
0.031973 18.210108
0.031973 15.050791
0.031973 17.793707
0.031973 18.354551
0.031973 19.247565
0.031973 15.711507
0.063946 14.121341
0.047959 18.346862
0.047959 12.027602
0.047959 9.909196
0.047959 11.113835
0.031973 14.693926
0.047959 16.967902
0.031973 8.061981
0.047959 14.817873
0.031973 14.093629
0.047959 14.202649
0.047959 12.397265
0.031973 10.519941
0.031973 13.260551
0.047959 13.114002
0.047959 13.686031
0.047959 10.386323
0.031973 13.356395
0.047959 11.574321
0.031973 8.028097
0.063946 10.024373
0.047959 12.081962
0.047959 13.172892
0.031973 13.720801
0.031973 13.488468
0.031973 9.841445
0.031973 12.480873
0.031973 12.437327
0.047959 9.555273
0.031973 5.423565
0.047959 10.556125
0.031973 12.854407
0.031973 12.512034
0.047959 10.967006
0.047959 10.724797
0.031973 8.130862
0.047959 8.830728
0.047959 8.902463
0.031973 8.182836
0.031973 10.793066
0.031973 9.473033
0.031973 7.893597
0.047959 9.417838
0.031973 7.584975
0.031973 11.773378
0.047959 8.482326
0.047959 7.142406
0.031973 6.249765
0.047959 6.476967
0.031973 8.245609
0.031973 6.967568
0.031973 7.391797
0.031973 7.561131
0.031973 5.251578
0.031973 6.916594
0.047959 8.434761
0.031973 8.971661
0.031973 6.448828
0.031973 9.811086
0.031973 8.284597
0.031973 7.256559
0.047959 5.354938
0.031973 4.754267
0.031973 8.269654
0.031973 10.289059
0.031973 9.254375
0.031973 9.746349
0.031973 9.721901
0.031973 6.093196
0.031973 8.127420
0.031973 8.718132
0.047959 10.740807
0.031973 10.555578
0.031973 12.498541
0.031973 12.980594
0.031973 14.612245
0.031973 15.398837
0.031973 7.054847
0.031973 7.017514
0.031973 10.402863
0.031973 7.895857
0.031973 9.842743
0.031973 6.252412
0.031973 6.770665
0.031973 5.782318
0.031973 8.867974
0.031973 6.752903
0.031973 9.308957
0.031973 10.658413
0.031973 8.712491
0.031973 9.650168
0.047959 9.434369
0.031973 7.303411
0.047959 5.577938
0.031973 8.577099
0.031973 10.905678
0.015986 7.263268
0.031973 8.436322
0.063946 7.037382
0.031973 7.616199
0.031973 9.424489
0.031973 8.042676
0.047959 5.031724
0.047959 7.597368
0.031973 6.426140
0.031973 9.026384
0.031973 8.124331
0.031973 6.727590
0.031973 4.303440
0.031973 8.621016
0.031973 5.996679
0.031973 5.179911
0.031973 4.760708
0.031973 5.255585
