1 11
12 20
21 27
30 40
41 49
50 56
57 61
62 71
75 83
86 92
93 102
107 116
118 127
130 149
154 167
172 184
188 201
202 205
206 211
215 228
230 233
234 244
247 262
263 271
272 279
282 287
288 292
294 300
301 310
311 315
332 345
349 366
371 382
386 389
397 405
409 414
417 425
426 432
433 441
446 449
453 461
464 474
476 479
480 483
488 493
494 505
506 511
513 530
531 534
535 539
543 549
550 554
558 567
570 576
577 584
587 596
601 604
605 609
610 615
616 623
624 634
644 651
652 661
665 669
677 690
691 698
699 708
709 714
717 725
728 734
736 750
756 759
760 766
773 777
782 794
795 808
814 817
818 821
824 835
836 841
845 849
857 863
866 874
875 878
879 884
887 891
892 903
904 907
909 912
915 921
927 933
935 952
953 965
969 972
973 983
984 999
1004 1015
1021 1025
1026 1040
1047 1060
1064 1083
1084 1092
1101 1119
1122 1138
1141 1160
1161 1175
1176 1180
1181 1188
1191 1199
1205 1218
1222 1226
1227 1239
1242 1253
1254 1269
1275 1279
1280 1291
1295 1312
1315 1330
1340 1348
1352 1360
1364 1370
1373 1379
1387 1391
1392 1403
1404 1408
1409 1415
1416 1434
1435 1439
1443 1452
1453 1461
1466 1473
1475 1478
1481 1486
1499 1506
1507 1512
1513 1525
1531 1536
1537 1540
1542 1549
1550 1553
1554 1560
1561 1567
1575 1581
1584 1588
1589 1597
1603 1613
1614 1636
1637 1641
1642 1649
1650 1655
1656 1660
1665 1672
1673 1677
1678 1681
1682 1702
1706 1719
1726 1732
1733 1749
1750 1755
1756 1774
1775 1781
1786 1800
1805 1810
1811 1814
1821 1824
1825 1832
1838 1845
1855 1859
1867 1872
1873 1884
1896 1924
1925 1929
1934 1945
1951 1955
1956 1963
1964 1981
1982 1998
1999 2010
2016 2023
2029 2040
2046 2051
2052 2062
2071 2082
2083 2090
2091 2097
2099 2114
2117 2127
2135 2139
2140 2144
2153 2156
2157 2166
2171 2182
2185 2188
2194 2197
2198 2203
2205 2220
2221 2234
2236 2243
2249 2254
2264 2269
2276 2303
2304 2313
2314 2317
2320 2324
2332 2347
2348 2361
2371 2381
2382 2385
2386 2392
2394 2403
2413 2429
2435 2447
2448 2464
2469 2489
2491 2494
2495 2500
2501 2519
2520 2526
2539 2554
2559 2569
2576 2583
2587 2611
2612 2618
2624 2629
2630 2637
2639 2643
2647 2660
2664 2669
2670 2689
2701 2712
2716 2735
2739 2747
2749 2759
2760 2775
2782 2796
2797 2804
2806 2816
2817 2820
2821 2824
2827 2849
2854 2869
2883 2887
2890 2904
2920 2929
2930 2944
2954 2965
2966 2977
2979 2986
2987 2996
2998 3001
3010 3023
3037 3044
3058 3065
3068 3091
3092 3114
3119 3134
3139 3146
3156 3165
3170 3180
3182 3185
3192 3199
3207 3216
3231 3243
3246 3267
3270 3278
3286 3296
3311 3318
3332 3354
3356 3364
3366 3380
3381 3387
3388 3399
3407 3416
3419 3442
3448 3462
3463 3468
3469 3478
3479 3486
3489 3500
3509 3523
3524 3544
3553 3577
3580 3587
3599 3604
3622 3637
3646 3656
3657 3675
3690 3703
3704 3719
3720 3725
3727 3747
3748 3774
3775 3778
3779 3789
3796 3804
3805 3815
3821 3837
3847 3850
3851 3865
3874 3903
3904 3912
3913 3928
3938 3944
3945 3962
3966 3975
3977 3986
3992 4006
4010 4017
4023 4030
4037 4061
4062 4076
4083 4086
4092 4096
