0.079932 11.128540
0.047959 13.890374
0.031973 3.704380
0.095918 6.549172
0.239796 2.553431
0.000000 0.000000
0.111905 3.878648
0.047959 2.530197
0.047959 8.837322
0.079932 2.514534
0.127891 2.647369
0.063946 2.957575
0.143878 2.503702
0.191837 4.208042
0.031973 7.109095
0.047959 8.686861
0.287755 3.206738
0.207823 2.424178
0.095918 3.292986
0.047959 3.297913
0.063946 1.251450
0.271769 2.144889
0.079932 3.075328
0.079932 3.544656
0.159864 3.538620
0.063946 1.818534
0.079932 2.015839
0.095918 4.807035
0.031973 9.097514
0.047959 11.563361
0.047959 8.907020
0.063946 4.693138
0.031973 4.975681
0.143878 2.741033
0.143878 2.759664
0.079932 5.984900
0.031973 11.975233
0.047959 8.168427
0.047959 5.834733
0.063946 6.697804
0.127891 6.000296
0.047959 15.012172
0.095918 3.574812
0.047959 12.018748
0.031973 6.200250
0.047959 6.881562
0.047959 5.783073
0.047959 2.217422
0.127891 3.486877
0.127891 4.716105
0.063946 5.891137
0.047959 4.423089
0.031973 14.068106
0.031973 22.761779
0.031973 20.857846
0.063946 11.714496
0.079932 9.336839
0.047959 16.624272
0.063946 8.832348
0.063946 9.972151
0.047959 14.560146
0.079932 6.433746
0.063946 8.967299
0.063946 14.966657
0.079932 11.808940
0.047959 11.231260
0.079932 6.369072
0.063946 12.758929
0.031973 7.432505
0.047959 11.840742
0.079932 10.188232
0.063946 13.076256
0.063946 12.389318
0.063946 14.751965
0.079932 17.276551
0.047959 10.480911
0.079932 9.659776
0.079932 7.042368
0.063946 13.266688
0.079932 12.037782
0.079932 7.792081
0.047959 10.361093
0.063946 14.738670
0.063946 10.727482
0.047959 9.377794
0.079932 13.213282
0.063946 9.098095
0.063946 10.806849
0.047959 6.380632
0.127891 4.417368
0.047959 13.258657
0.047959 12.182118
0.047959 15.888412
0.047959 12.050174
0.079932 14.233091
0.031973 11.303355
0.047959 20.524086
0.047959 14.531018
0.063946 13.727569
0.063946 11.947702
0.079932 13.758856
0.047959 15.459429
0.031973 6.660700
0.063946 11.648755
0.063946 13.562947
0.079932 18.100649
0.047959 19.921301
0.079932 19.763781
0.063946 11.977795
0.063946 14.357844
0.047959 13.083141
0.047959 13.693736
0.047959 12.131816
0.047959 14.282251
0.047959 12.430477
0.047959 13.214618
0.047959 18.517368
0.047959 16.302321
0.047959 17.807710
0.063946 10.346262
0.047959 10.050488
0.031973 19.539168
0.047959 18.634443
0.047959 16.746354
0.063946 17.112159
0.063946 16.536977
0.031973 9.546975
0.047959 13.730788
0.031973 12.329903
0.047959 14.887045
0.063946 15.697913
0.047959 19.637307
0.031973 15.747214
0.063946 17.713290
0.031973 22.592831
0.063946 15.976464
0.031973 17.565780
0.031973 12.751165
0.031973 9.976443
0.031973 19.661834
0.095918 16.052849
0.047959 17.203008
0.063946 21.379232
0.047959 22.448441
0.031973 19.847061
0.079932 11.316082
0.079932 10.903038
0.063946 14.531446
0.047959 18.483259
0.047959 22.381363
0.063946 19.864586
0.047959 18.461311
0.031973 21.283351
0.047959 18.636453
0.047959 13.454253
0.079932 14.204344
0.047959 18.932427
0.047959 16.997037
0.031973 18.985643
0.047959 22.466822
0.031973 20.532063
0.047959 18.636208
0.047959 18.537244
0.047959 20.450403
0.047959 14.575216
0.079932 18.567844
0.047959 18.679789
0.063946 22.366632
0.063946 21.483281
0.063946 20.099930
0.063946 19.929545
0.047959 19.703098
0.063946 19.780045
0.031973 14.207857
0.047959 15.029538
0.063946 17.963563
0.063946 19.337603
0.079932 15.398912
0.031973 16.359891
0.031973 15.896964
0.047959 24.945163
0.031973 16.868376
0.047959 16.764183
0.031973 15.056115
0.047959 19.569386
0.063946 18.620970
0.047959 20.030170
0.047959 18.339206
0.063946 17.171696
0.047959 19.953316
0.047959 14.869840
0.047959 16.159897
0.047959 16.674774
0.031973 16.477116
0.047959 18.436724
0.047959 19.083778
0.047959 18.670444
0.015986 15.067484
0.031973 17.508869
0.031973 18.056455
0.047959 18.288816
0.063946 16.943052
0.047959 15.793824
0.047959 26.336305
0.047959 20.382725
0.047959 22.762855
0.047959 22.503716
0.063946 19.624168
0.063946 19.071786
0.047959 24.082376
0.047959 27.988527
0.031973 19.740949
0.031973 11.385046
0.047959 14.835264
0.063946 21.410669
0.079932 18.384068
0.063946 18.898348
0.047959 22.808220
0.047959 21.372216
0.047959 22.808098
0.031973 18.132591
0.047959 22.757337
0.047959 23.594054
0.047959 23.853035
0.015986 18.107101
0.031973 20.158608
0.047959 20.790231
0.031973 18.354625
0.047959 20.198994
0.047959 26.568575
0.047959 24.532613
0.047959 19.584118
0.047959 19.839707
0.047959 23.578195
0.031973 20.502524
0.031973 23.278345
0.047959 24.835823
0.047959 24.405795
0.047959 24.073718
0.047959 24.773572
0.047959 24.398407
0.031973 22.506295
0.047959 19.742228
0.047959 21.692986
0.031973 20.730849
0.047959 19.708181
0.031973 16.592089
0.047959 16.510574
0.047959 19.081715
0.047959 16.923580
0.047959 16.561589
0.047959 18.408856
0.031973 19.469563
0.031973 21.351721
0.047959 23.096248
0.063946 16.945864
0.047959 19.852756
0.047959 21.370075
0.031973 18.243639
0.047959 17.209052
0.047959 16.112819
0.047959 16.686966
0.047959 19.014535
0.047959 23.160887
0.047959 20.706432
0.047959 20.428486
0.031973 17.579389
0.031973 19.021478
0.047959 17.780073
0.031973 17.444614
0.063946 16.027464
0.063946 15.414717
0.031973 20.392723
0.047959 17.413417
0.047959 16.439620
0.047959 19.753677
0.031973 9.181260
0.047959 20.505683
0.031973 17.992619
0.047959 19.087394
0.047959 17.242652
0.031973 13.882610
0.047959 16.233671
0.047959 16.743743
0.047959 19.321298
0.031973 16.835463
0.047959 19.172313
0.047959 18.621536
0.047959 19.967517
0.047959 22.505335
0.047959 18.975653
0.047959 18.153311
0.015986 16.749142
0.031973 14.748612
0.047959 13.711679
0.047959 16.354731
0.031973 19.424363
0.047959 19.660559
0.047959 24.890861
0.047959 24.594131
0.031973 16.666510
0.047959 19.804538
0.047959 17.278460
0.031973 10.151787
0.063946 14.240595
0.031973 16.956753
0.047959 24.077637
0.047959 18.114515
0.047959 17.732354
0.031973 21.543225
0.047959 23.991733
0.031973 24.588797
0.047959 21.298823
0.047959 18.432990
0.047959 18.106131
0.031973 21.642130
0.047959 18.680506
0.047959 17.117685
0.031973 13.159562
0.047959 14.906639
0.047959 22.764805
0.031973 22.232298
0.031973 19.229984
0.047959 20.096565
0.047959 16.387097
0.031973 18.934607
0.031973 21.444990
0.031973 17.538199
0.031973 21.740171
0.031973 14.842018
0.031973 15.566561
0.047959 16.684568
0.047959 18.300168
0.047959 16.778231
0.031973 18.808828
0.047959 18.134871
0.031973 17.321587
0.031973 17.406660
0.047959 16.589880
0.031973 17.485791
0.031973 15.313816
0.031973 13.190108
0.047959 13.085081
0.031973 16.583883
0.031973 13.533051
0.031973 14.240741
0.031973 17.354838
0.031973 15.694668
0.047959 16.251278
0.047959 12.357026
0.047959 13.505054
0.031973 13.242604
0.031973 16.167988
0.047959 15.870953
0.047959 13.886743
0.031973 15.356505
0.031973 14.400515
0.031973 14.131441
0.031973 18.728221
0.031973 14.193978
0.031973 19.351372
0.031973 16.501353
0.031973 17.541343
0.031973 15.579131
0.031973 17.201009
0.031973 16.306853
0.031973 16.825927
0.031973 15.614407
