1 12
22 25
29 47
49 52
56 62
73 80
83 91
94 100
107 111
118 122
125 142
144 147
157 160
165 168
169 174
178 181
182 187
193 197
202 206
207 212
214 222
223 231
232 235
236 241
248 252
253 259
265 270
273 278
283 296
297 307
308 313
314 319
320 323
329 345
346 361
362 366
367 377
378 387
388 392
393 407
412 416
419 423
437 443
444 449
451 467
472 487
488 492
497 504
508 529
538 544
550 563
568 572
585 588
597 601
604 608
610 615
618 622
623 635
638 653
656 669
675 691
692 703
711 715
724 735
740 746
747 752
753 765
772 788
795 801
802 807
811 817
818 824
827 833
834 843
844 847
848 863
864 868
869 879
880 905
907 911
914 918
924 938
939 947
948 959
962 973
974 982
990 1002
1003 1006
1011 1020
1021 1040
1046 1054
1055 1059
1071 1080
1087 1097
1103 1118
1122 1136
1144 1158
1161 1172
1178 1188
1193 1208
1214 1224
1225 1229
1230 1242
1246 1252
1257 1262
1265 1280
1281 1286
1292 1298
1301 1307
1308 1314
1324 1330
1333 1340
1346 1357
1362 1365
1372 1392
1393 1401
1402 1410
1422 1439
1442 1445
1490 1503
1507 1521
1522 1531
1532 1540
1548 1552
1556 1560
1561 1578
1587 1602
1604 1615
1626 1649
1655 1663
1670 1686
1691 1704
1709 1712
1725 1738
1745 1763
1773 1784
1788 1802
1803 1807
1810 1815
1816 1824
1838 1846
1851 1857
1896 1906
1908 1923
1925 1932
1933 1946
1950 1971
1977 1991
1994 2003
2009 2020
2028 2046
2047 2058
2062 2074
2082 2102
2108 2118
2125 2133
2136 2140
2141 2153
2162 2173
2181 2191
2192 2203
2205 2222
2236 2248
2249 2272
2273 2280
2281 2288
2289 2300
2304 2317
2325 2338
2339 2345
2350 2356
2359 2374
2375 2382
2383 2386
2387 2398
2400 2405
2406 2423
2426 2445
2446 2458
2459 2468
2469 2481
2485 2501
2509 2519
2520 2530
2536 2558
2570 2591
2600 2606
2614 2631
2632 2648
2651 2660
2668 2673
2674 2692
2701 2705
2706 2718
2723 2736
2740 2745
2753 2759
2760 2774
2782 2793
2795 2805
2810 2823
2824 2832
2833 2838
2843 2851
2857 2870
2872 2877
2881 2890
2911 2926
2937 2945
2961 2969
2987 2998
2999 3006
3009 3024
3026 3035
3036 3047
3141 3172
3175 3187
3193 3215
3226 3244
3245 3259
3271 3282
3287 3301
3304 3310
3314 3335
3336 3343
3344 3356
3360 3374
3378 3394
3408 3422
3423 3437
3442 3454
3461 3469
3470 3477
3478 3484
3485 3502
3512 3524
3528 3543
3551 3555
3556 3574
3584 3590
3611 3624
3664 3676
3684 3687
3702 3723
3735 3749
3758 3775
3781 3795
3852 3865
3866 3881
3890 3896
3899 3912
3915 3924
3928 3937
3952 3964
4002 4008
