1 9
15 20
21 27
28 47
48 52
58 62
72 80
83 91
94 100
108 120
125 141
146 159
162 170
176 183
184 188
192 201
202 212
215 222
223 231
238 243
252 263
265 270
273 277
281 286
290 295
296 302
309 314
315 323
324 336
337 346
347 358
359 364
365 373
376 383
384 387
392 406
412 415
418 421
424 435
436 443
444 450
451 468
471 487
488 493
497 501
502 505
512 529
533 536
537 548
551 563
566 577
578 585
587 601
602 608
609 615
617 636
640 648
649 653
656 669
675 691
692 703
711 715
723 736
737 754
764 777
779 790
791 795
796 806
811 823
824 827
828 844
846 849
850 864
868 874
879 884
885 900
908 911
912 918
923 936
941 944
951 961
962 965
966 974
977 981
982 991
992 1000
1008 1011
1012 1019
1022 1026
1027 1038
1049 1058
1068 1080
1087 1094
1108 1115
1124 1134
1143 1150
1151 1158
1161 1173
1174 1188
1189 1193
1195 1207
1209 1224
1226 1241
1242 1253
1254 1262
1272 1278
1281 1286
1290 1299
1304 1309
1312 1320
1324 1328
1330 1342
1346 1358
1364 1376
1383 1390
1393 1401
1402 1408
1423 1431
1491 1495
1496 1504
1507 1521
1523 1532
1533 1540
1541 1545
1549 1554
1555 1570
1592 1599
1616 1622
1624 1640
1642 1647
1655 1663
1670 1685
1690 1697
1698 1701
1716 1724
1745 1759
1791 1807
1810 1816
1839 1844
1845 1852
1855 1860
1901 1906
1913 1928
1933 1945
1946 1980
1984 1991
1993 2001
2010 2020
2021 2027
2028 2044
2046 2062
2063 2077
2078 2103
2104 2107
2108 2116
2121 2124
2132 2139
2140 2156
2161 2173
2180 2185
2186 2190
2202 2207
2208 2220
2257 2273
2274 2280
2292 2298
2304 2317
2325 2337
2349 2357
2360 2374
2375 2385
2391 2394
2402 2425
2426 2440
2442 2446
2447 2454
2455 2458
2460 2466
2468 2481
2491 2501
2517 2529
2530 2534
2540 2554
2572 2590
2598 2608
2622 2641
2651 2657
2661 2675
2677 2705
2706 2713
2752 2761
2765 2772
2792 2803
2811 2819
2830 2840
2854 2871
2883 2890
3015 3022
3154 3165
3170 3181
3194 3214
3228 3245
3248 3269
3274 3283
3380 3384
3465 3479
3501 3504
3671 3674
4028 4033
