1 9
11 15
16 19
22 25
30 47
48 52
58 61
72 79
83 91
92 100
106 113
114 120
125 140
141 145
148 156
163 169
177 181
184 187
188 191
192 197
202 208
209 212
213 222
223 229
231 235
236 244
253 263
265 270
271 274
284 290
291 295
296 302
307 314
315 319
320 323
328 345
346 361
363 376
377 387
388 391
392 406
413 416
419 422
426 431
435 443
444 449
451 467
468 477
478 487
488 493
497 504
508 529
533 536
537 545
551 556
557 564
574 580
583 588
589 601
602 609
612 622
623 634
635 647
648 654
656 668
670 674
675 691
692 707
708 716
722 736
737 752
753 770
772 787
795 801
809 817
818 824
827 838
839 843
847 855
856 860
864 868
869 878
879 884
885 900
905 911
912 917
924 939
947 952
953 957
962 973
974 980
983 990
991 1001
1002 1009
1010 1019
1021 1031
1032 1038
1045 1054
1055 1059
1068 1071
1072 1079
1080 1087
1088 1097
1098 1112
1120 1135
1143 1157
1160 1172
1178 1188
1189 1192
1193 1201
1214 1224
1232 1242
1247 1252
1256 1261
1264 1276
1281 1292
1297 1312
1317 1322
1323 1330
1333 1340
1341 1344
1345 1358
1361 1364
1365 1375
1376 1381
1382 1387
1388 1391
1392 1402
1403 1414
1418 1433
1485 1489
1490 1503
1508 1513
1514 1520
1523 1536
1540 1554
1555 1560
1561 1573
1575 1581
1582 1589
1594 1605
1606 1616
1623 1640
1646 1652
1654 1663
1667 1671
1672 1682
1692 1701
1704 1714
1727 1734
1735 1742
1744 1758
1759 1764
1771 1784
1785 1807
1810 1813
1816 1825
1833 1846
1855 1861
1863 1871
1872 1875
1883 1893
1894 1906
1907 1930
1933 1947
1950 1972
1977 1993
1995 2010
2019 2028
2029 2037
2048 2058
2063 2073
2074 2077
2085 2102
2105 2108
2109 2117
2123 2133
2138 2143
2145 2161
2174 2185
2186 2192
2197 2206
2210 2230
2235 2243
2246 2252
2258 2264
2274 2280
2288 2301
2304 2316
2323 2339
2340 2347
2354 2359
2364 2374
2375 2380
2382 2388
2389 2402
2406 2423
2429 2443
2458 2468
2469 2481
2482 2488
2489 2494
2495 2499
2507 2520
2531 2559
2571 2591
2602 2627
2636 2639
2647 2660
2667 2670
2672 2678
2688 2702
2706 2717
2720 2735
2739 2751
2752 2762
2763 2774
2780 2792
2796 2806
2807 2821
2826 2840
2851 2877
2878 2882
2890 2902
2903 2906
2913 2924
2935 2946
2947 2954
2955 2963
2970 2979
2982 2987
2989 2993
2996 3006
3009 3025
3030 3047
3053 3057
3083 3094
3099 3119
3120 3130
3141 3170
3173 3194
3199 3215
3223 3237
3238 3255
3256 3270
3271 3278
3285 3288
3289 3302
3308 3319
3320 3350
3356 3371
3380 3388
3390 3409
3411 3416
3421 3437
3443 3454
3455 3471
3478 3482
3485 3501
3511 3524
3527 3541
3543 3548
3553 3574
3578 3586
3587 3607
3610 3622
3624 3636
3637 3650
3655 3678
3701 3707
3710 3732
3736 3755
3757 3771
3782 3793
3811 3817
3844 3865
3871 3875
3877 3899
3903 3911
3912 3927
3930 3934
3938 3944
3950 3968
4005 4009
