1 7
8 12
21 26
30 33
34 40
41 48
51 57
65 69
70 73
76 85
86 91
92 99
100 105
110 114
115 120
121 125
128 133
136 147
152 170
174 183
187 201
207 212
216 224
229 237
238 244
245 263
264 273
277 286
292 297
302 306
307 310
315 333
334 343
350 358
359 363
366 372
383 386
395 401
410 414
419 422
432 441
450 453
456 462
472 480
481 487
488 494
495 502
505 511
516 520
521 529
536 552
555 571
574 581
582 587
592 596
597 600
601 606
618 621
622 629
630 636
638 646
647 652
657 670
671 674
675 688
690 695
697 702
705 711
717 723
726 735
742 750
755 766
767 775
779 785
786 791
796 810
811 817
818 822
829 835
838 843
844 850
851 861
867 874
878 884
887 896
897 900
903 922
928 931
932 936
940 944
967 972
975 981
984 988
996 999
1000 1008
1009 1016
1019 1028
1031 1037
1040 1048
1051 1054
1055 1059
1060 1063
1064 1072
1073 1078
1081 1084
1087 1096
1099 1117
1122 1133
1143 1161
1162 1165
1168 1171
1174 1183
1184 1188
1192 1201
1204 1209
1212 1215
1216 1219
1222 1226
1227 1231
1235 1239
1245 1252
1253 1256
1258 1261
1262 1265
1266 1269
1270 1278
1281 1285
1286 1291
1292 1295
1297 1312
1320 1329
1332 1341
1342 1346
1349 1359
1362 1366
1367 1386
1388 1391
1394 1400
1402 1416
1423 1426
1428 1435
1436 1453
1454 1462
1466 1474
1482 1485
1492 1497
1500 1505
1508 1515
1531 1537
1541 1547
1548 1553
1559 1570
1577 1582
1583 1589
1590 1596
1597 1603
1606 1617
1618 1633
1638 1643
1644 1651
1654 1657
1660 1664
1667 1672
1675 1682
1685 1695
1696 1700
1701 1707
1708 1712
1713 1721
1722 1728
1729 1736
1740 1743
1749 1759
1762 1771
1782 1786
1792 1804
1808 1811
1812 1816
1817 1821
1822 1830
1831 1836
1844 1849
1855 1860
1866 1880
1881 1899
1902 1910
1917 1927
1928 1945
1954 1957
1961 1964
1965 1970
1971 1977
1988 1993
1994 1998
1999 2005
2010 2018
2019 2026
2029 2032
2033 2039
2040 2046
2047 2053
2054 2061
2065 2080
2087 2101
2105 2109
2110 2115
2122 2130
2132 2135
2136 2141
2149 2156
2157 2174
2178 2183
2184 2188
2195 2205
2208 2215
2216 2222
2225 2231
2232 2237
2238 2242
2247 2257
2258 2267
2268 2282
2289 2300
2305 2316
2324 2328
2330 2335
2336 2346
2347 2354
2355 2358
2362 2371
2375 2382
2396 2404
2405 2412
2413 2431
2432 2440
2441 2445
2449 2452
2453 2459
2460 2468
2471 2480
2481 2489
2490 2494
2495 2503
2510 2516
2519 2522
2527 2538
2539 2542
2543 2549
2552 2564
2565 2572
2575 2585
2586 2593
2596 2605
2609 2625
2632 2644
2652 2657
2660 2676
2677 2689
2699 2705
2706 2714
2715 2724
2725 2743
2747 2767
2772 2781
2787 2790
2791 2796
2799 2802
2806 2814
2815 2819
2820 2824
2829 2834
2835 2841
2842 2851
2859 2871
2878 2884
2894 2900
2903 2910
2913 2929
2936 2944
2951 2964
2965 2971
2975 2989
2993 2998
2999 3019
3020 3044
3045 3062
3063 3073
3079 3097
3102 3112
3122 3132
3133 3137
3144 3151
3153 3157
3163 3167
3168 3171
3172 3177
3178 3182
3183 3188
3194 3201
3202 3216
3221 3225
3226 3244
3248 3258
3259 3263
3264 3268
3271 3275
3282 3297
3308 3311
3312 3318
3319 3322
3333 3340
3341 3346
3350 3356
3362 3374
3381 3394
3406 3417
3423 3426
3427 3442
3443 3446
3447 3451
3457 3461
3462 3469
3472 3479
3483 3499
3500 3503
3504 3508
3510 3520
3535 3542
3551 3569
3573 3577
3578 3595
3598 3603
3615 3621
3622 3632
3639 3644
3651 3666
3670 3683
3684 3694
3708 3719
3722 3725
3727 3733
3735 3741
3742 3748
3749 3766
3777 3782
3786 3792
3793 3808
3816 3822
3830 3834
3837 3840
3851 3857
3864 3874
3883 3891
3896 3904
3905 3910
3913 3930
3936 3947
3948 3961
3967 3978
3983 3986
3987 4004
4010 4015
4016 4020
4026 4032
4033 4038
4041 4062
4067 4080
4084 4095
