1 10
20 26
29 32
33 40
41 46
51 56
59 66
71 75
76 79
83 86
90 104
107 112
113 118
120 127
128 136
137 149
150 168
169 180
181 186
190 200
206 210
211 214
215 232
236 244
245 248
249 261
264 272
273 279
284 289
293 302
309 312
317 329
333 338
339 343
346 349
350 366
373 382
392 395
396 405
410 414
417 426
431 441
442 450
451 461
462 467
475 481
482 486
487 490
496 505
509 530
532 538
539 550
557 561
562 565
572 575
587 596
598 601
610 615
618 632
640 643
644 647
653 665
666 669
670 675
676 687
688 691
692 698
699 704
708 714
715 726
729 734
738 750
754 758
759 763
764 768
770 784
786 789
796 809
815 821
826 835
836 841
844 847
848 856
857 862
865 872
875 878
879 883
888 891
893 905
909 922
928 932
937 949
960 965
969 973
975 982
983 1000
1001 1019
1026 1042
1047 1061
1062 1068
1070 1083
1090 1099
1101 1113
1114 1118
1120 1124
1125 1139
1142 1156
1159 1167
1168 1173
1181 1188
1196 1204
1205 1208
1209 1214
1215 1224
1228 1240
1251 1268
1273 1276
1278 1293
1296 1299
1301 1311
1312 1330
1340 1343
1353 1359
1363 1371
1374 1380
1381 1385
1386 1391
1392 1401
1402 1405
1409 1413
1419 1435
1438 1443
1444 1454
1455 1464
1470 1484
1496 1510
1517 1520
1521 1529
1533 1552
1553 1562
1563 1567
1569 1572
1579 1594
1596 1600
1601 1605
1607 1610
1614 1626
1627 1630
1637 1641
1642 1648
1654 1658
1659 1665
1666 1681
1682 1695
1696 1701
1702 1712
1717 1727
1730 1737
1738 1746
1747 1754
1760 1770
1771 1777
1778 1782
1783 1786
1787 1801
1807 1815
1823 1827
1828 1839
1840 1868
1873 1878
1883 1886
1887 1896
1900 1908
1909 1913
1916 1924
1930 1947
1948 1958
1959 1969
1979 1984
1985 2002
2006 2016
2019 2024
2025 2029
2033 2042
2043 2046
2050 2063
2068 2072
2073 2078
2080 2089
2090 2098
2103 2113
2114 2118
2119 2125
2126 2129
2138 2141
2143 2148
2150 2158
2159 2169
2171 2180
2181 2184
2185 2188
2191 2194
2196 2204
2205 2212
2213 2218
2220 2226
2227 2239
2241 2250
2254 2270
2273 2280
2286 2300
2301 2316
2317 2327
2329 2343
2344 2356
2359 2369
2376 2390
2391 2403
2407 2417
2418 2431
2433 2440
2458 2470
2479 2486
2488 2492
2493 2506
2513 2529
2530 2537
2538 2553
2562 2567
2576 2588
2589 2602
2612 2626
2634 2638
2649 2660
2678 2688
2699 2710
2711 2722
2732 2743
2744 2750
2757 2764
2765 2769
2775 2795
2796 2799
2800 2803
2808 2813
2814 2818
2819 2822
2824 2841
2850 2860
2867 2877
2885 2891
2901 2905
2907 2910
2914 2931
2932 2935
2936 2943
2954 2967
2977 2991
2993 3001
3002 3006
3007 3011
3015 3021
3022 3033
3037 3042
3048 3051
3054 3063
3066 3071
3075 3086
3092 3095
3096 3112
3114 3117
3122 3137
3142 3145
3151 3156
3157 3163
3167 3172
3173 3176
3177 3182
3193 3199
3202 3208
3209 3214
3226 3241
3242 3248
3249 3268
3269 3272
3273 3280
3284 3297
3300 3309
3310 3318
3319 3324
3328 3347
3357 3360
3364 3369
3373 3379
3388 3395
3404 3409
3410 3418
3420 3423
3430 3435
3436 3444
3449 3457
3458 3471
3472 3479
3482 3487
3488 3497
3499 3505
3506 3509
3510 3516
3517 3526
3527 3530
3531 3535
3536 3550
3554 3571
3575 3580
3584 3597
3606 3612
3615 3637
3647 3650
3651 3659
3665 3677
3678 3685
3686 3697
3702 3710
3711 3717
3721 3734
3735 3739
3740 3758
3767 3773
3782 3789
3797 3813
3817 3826
3827 3831
3833 3845
3846 3856
3857 3871
3873 3877
3878 3898
3903 3910
3911 3918
3920 3924
3928 3932
3933 3940
3945 3953
3954 3960
3966 3971
3972 3976
3977 3981
3982 3987
3997 4005
4010 4013
4014 4018
4038 4041
4047 4060
4065 4078
4088 4096
