1 12
13 18
19 26
29 44
48 51
64 74
75 83
88 103
104 117
120 126
129 134
137 144
145 151
153 167
174 182
189 201
204 213
216 226
231 237
238 244
246 262
268 273
276 286
291 297
301 308
312 315
319 325
326 332
335 340
344 359
360 363
366 374
378 388
395 407
410 415
418 425
432 443
444 449
450 453
456 462
463 466
467 477
482 487
496 500
505 512
515 530
533 541
544 549
550 555
556 571
574 581
584 589
590 597
601 606
618 622
623 628
629 635
638 645
646 654
655 671
675 689
697 701
706 715
719 724
726 735
736 743
744 749
752 767
774 779
780 785
792 796
797 804
810 814
818 824
827 835
838 843
851 856
857 865
868 876
882 886
888 892
893 896
897 903
910 915
918 925
928 939
945 950
965 973
978 981
987 990
994 999
1010 1013
1014 1018
1028 1043
1044 1047
1048 1055
1073 1080
1081 1085
1089 1098
1103 1111
1112 1115
1121 1125
1126 1130
1133 1136
1137 1142
1146 1153
1154 1163
1166 1174
1179 1190
1203 1207
1215 1218
1227 1231
1232 1240
1246 1251
1254 1257
1269 1278
1279 1287
1291 1296
1297 1314
1316 1329
1332 1341
1344 1353
1354 1358
1362 1365
1373 1384
1386 1402
1406 1417
1426 1432
1433 1436
1437 1441
1444 1449
1450 1454
1455 1474
1480 1487
1494 1509
1516 1521
1531 1537
1538 1544
1548 1552
1560 1570
1572 1576
1579 1583
1589 1594
1595 1599
1605 1611
1612 1617
1627 1634
1635 1639
1642 1652
1653 1661
1666 1671
1674 1683
1688 1692
1693 1701
1710 1721
1722 1725
1726 1729
1730 1736
1740 1743
1744 1761
1762 1771
1772 1780
1781 1786
1789 1808
1809 1812
1814 1823
1825 1829
1839 1846
1847 1851
1852 1855
1856 1863
1864 1867
1871 1880
1889 1899
1900 1913
1914 1926
1927 1937
1938 1942
1944 1949
1953 1965
1966 1970
1973 1981
1984 2003
2004 2012
2013 2023
2029 2033
2038 2043
2056 2062
2064 2079
2080 2105
2108 2111
2115 2121
2122 2131
2133 2138
2139 2147
2148 2154
2155 2174
2175 2182
2185 2188
2191 2194
2195 2200
2201 2207
2209 2214
2215 2222
2224 2230
2231 2237
2245 2252
2256 2262
2263 2274
2275 2281
2285 2289
2290 2301
2305 2321
2322 2333
2336 2349
2359 2374
2375 2383
2387 2394
2395 2400
2406 2415
2416 2419
2424 2430
2431 2435
2436 2443
2444 2451
2454 2459
2460 2469
2470 2478
2481 2489
2490 2495
2504 2512
2520 2527
2530 2542
2543 2549
2555 2566
2580 2585
2588 2599
2604 2607
2608 2615
2617 2627
2628 2633
2643 2657
2664 2676
2677 2688
2698 2710
2713 2729
2730 2735
2736 2739
2740 2744
2751 2760
2761 2764
2765 2773
2776 2782
2783 2788
2793 2805
2806 2820
2830 2841
2848 2853
2865 2879
2884 2898
2905 2924
2926 2947
2951 2959
2960 2977
2980 2985
2991 2997
2998 3005
3006 3022
3023 3032
3049 3057
3058 3076
3078 3093
3098 3112
3117 3123
3124 3140
3141 3154
3158 3169
3173 3180
3181 3185
3186 3193
3196 3201
3210 3223
3233 3236
3237 3251
3252 3258
3259 3264
3271 3274
3275 3282
3286 3298
3302 3312
3313 3335
3343 3354
3362 3376
3377 3382
3383 3386
3389 3398
3409 3415
3416 3429
3430 3436
3437 3452
3456 3469
3480 3493
3494 3499
3500 3507
3510 3514
3515 3523
3524 3539
3542 3547
3558 3573
3574 3577
3578 3588
3598 3607
3612 3616
3617 3622
3624 3635
3641 3647
3651 3668
3676 3687
3692 3699
3701 3706
3709 3718
3721 3729
3735 3747
3748 3751
3755 3775
3779 3784
3785 3797
3802 3813
3815 3818
3822 3827
3836 3844
3850 3859
3860 3879
3884 3890
3899 3920
3921 3941
3946 3968
3969 3978
3979 3988
3989 4011
4015 4024
4027 4043
4046 4065
4070 4082
4089 4096
