0.047959 11.206108
0.015986 7.660661
0.159864 8.632024
0.063946 4.141653
0.031973 7.729973
0.063946 5.673316
0.079932 5.424969
0.063946 9.542998
0.063946 10.730718
0.063946 12.224470
0.063946 8.188424
0.031973 6.286227
0.031973 8.114554
0.031973 11.008477
0.031973 3.634754
0.159864 2.821043
0.031973 7.611204
0.063946 1.732628
0.047959 8.385321
0.047959 3.114420
0.239796 2.183699
0.079932 6.678851
0.063946 2.970442
0.159864 3.808853
0.015986 10.182647
0.063946 3.078762
0.063946 3.105139
0.111905 1.122112
0.031973 6.837370
0.047959 11.967408
0.287755 0.108660
0.047959 14.919755
0.031973 3.604960
0.031973 2.424989
0.095918 12.350148
0.047959 4.022312
0.063946 18.311988
0.031973 25.172429
0.047959 22.399542
0.031973 5.556923
0.047959 8.918447
0.063946 12.256354
0.047959 6.988271
0.095918 8.029642
0.095918 8.642127
0.047959 16.190133
0.047959 15.759213
0.047959 7.602492
0.063946 7.198983
0.079932 4.729977
0.031973 7.339253
0.047959 7.809995
0.015986 12.187625
0.031973 18.499772
0.031973 16.607136
0.031973 23.357985
0.031973 20.344372
0.031973 13.339403
0.031973 15.824340
0.015986 15.547863
0.015986 14.047358
0.047959 14.017534
0.015986 13.140926
0.031973 12.928926
0.031973 22.448400
0.031973 17.421957
0.031973 8.935622
0.079932 11.533723
0.079932 17.030190
0.063946 14.506734
0.031973 8.794692
0.047959 21.067834
0.031973 19.095563
0.063946 19.047317
0.063946 20.910451
0.047959 29.299583
0.047959 27.501865
0.047959 14.593508
0.031973 18.060850
0.031973 21.842628
0.047959 23.457806
0.031973 18.680082
0.047959 26.119252
0.047959 18.049515
0.047959 21.034752
0.095918 15.196688
0.031973 17.643968
0.031973 21.442958
0.047959 23.372532
0.047959 18.655965
0.063946 18.625155
0.047959 7.108678
0.047959 21.672672
0.031973 22.752492
0.047959 23.616745
0.047959 22.261129
0.047959 20.874327
0.031973 19.540871
0.047959 24.614860
0.031973 7.405169
0.063946 11.952698
0.031973 20.887936
0.031973 22.487564
0.047959 23.986242
0.031973 19.951918
0.031973 18.888890
0.047959 11.985112
0.031973 18.220876
0.031973 20.802641
0.047959 19.604915
0.047959 23.196883
0.031973 21.045839
0.031973 18.134749
0.047959 18.904285
0.047959 24.078819
0.047959 23.934858
0.031973 18.993385
0.047959 14.856367
0.015986 18.518066
0.047959 20.037172
0.047959 19.792233
0.031973 25.504551
0.047959 12.631073
0.047959 29.928937
0.031973 27.492094
0.031973 21.588897
0.047959 20.786295
0.031973 20.984907
0.031973 21.228684
0.079932 16.104015
0.047959 22.851565
0.031973 18.778371
0.031973 19.402013
0.031973 20.862945
0.031973 22.639176
0.063946 17.582738
0.031973 20.434767
0.031973 21.349557
0.047959 23.238627
0.031973 21.422611
0.047959 23.013430
0.047959 19.777209
0.047959 20.279623
0.047959 19.153023
0.047959 17.367934
0.031973 18.025810
0.047959 21.964072
0.047959 26.332374
0.047959 24.759052
0.063946 22.353481
0.047959 18.957034
0.047959 21.534136
0.047959 22.861955
0.047959 19.359549
0.079932 17.079746
0.031973 20.163951
0.047959 19.957151
0.047959 21.693818
0.047959 23.021832
0.047959 23.539215
0.047959 15.867696
0.031973 18.364884
0.031973 20.903335
0.015986 17.404453
0.031973 17.634346
0.063946 18.229260
0.047959 16.397905
0.063946 18.403431
0.047959 19.734122
0.031973 15.539878
0.031973 20.198274
0.031973 19.740579
0.031973 18.943570
0.031973 19.898906
0.047959 20.302725
0.047959 16.876160
0.047959 22.573457
0.047959 24.225669
0.031973 16.798166
0.047959 20.912960
0.031973 20.032847
0.031973 17.071876
0.047959 16.445334
0.047959 15.653899
0.047959 16.149321
0.047959 21.249090
0.031973 16.294089
0.031973 22.729557
0.031973 23.245037
0.031973 23.521311
0.031973 20.467239
0.047959 17.772278
0.047959 21.842021
0.031973 24.434517
0.031973 18.983271
0.031973 23.174954
0.031973 22.292877
0.047959 20.340336
0.031973 18.990893
0.031973 24.444922
0.047959 17.235583
0.047959 19.832327
0.031973 17.795600
0.031973 20.782271
0.031973 20.765865
0.031973 24.327113
0.047959 21.991706
0.031973 18.987708
0.047959 20.229365
0.031973 19.589124
0.031973 22.554453
0.031973 24.089644
0.047959 18.991385
0.047959 16.698192
0.047959 17.492312
0.031973 18.807153
0.047959 16.820580
0.031973 19.710176
0.031973 17.205072
0.047959 15.756069
0.047959 17.765290
0.047959 21.403739
0.047959 16.830985
0.031973 19.549282
0.031973 19.251813
0.047959 17.782083
0.031973 14.620031
0.031973 13.528820
0.031973 11.501421
0.047959 15.684502
0.031973 18.599860
0.047959 16.236175
0.047959 14.663870
0.047959 16.738497
0.031973 14.675387
0.031973 15.726745
0.031973 16.879903
0.063946 12.421559
0.047959 11.559137
0.031973 15.162955
0.031973 18.212521
0.031973 17.702493
0.031973 13.436967
0.031973 13.302351
0.047959 13.962986
0.031973 18.478742
0.031973 15.925812
0.031973 16.539498
0.031973 10.509883
0.047959 16.384532
0.047959 13.899759
0.031973 10.474406
0.047959 11.247571
0.047959 14.669261
0.031973 6.415246
0.047959 13.324596
0.031973 12.670853
0.031973 15.985855
0.031973 15.693903
0.031973 13.836270
0.015986 13.168640
0.031973 18.661444
0.031973 18.823975
0.031973 18.863520
0.015986 13.293979
0.031973 12.911207
0.031973 11.811424
0.031973 14.097295
0.031973 11.991729
0.047959 18.266804
0.063946 11.637959
0.031973 16.039341
0.031973 15.372743
0.031973 18.258223
0.031973 16.021370
0.047959 14.038249
0.031973 16.934979
0.031973 17.862141
0.031973 19.264322
0.047959 23.999285
0.047959 20.925717
0.031973 15.421133
0.015986 14.629962
0.031973 19.677824
0.015986 14.596769
0.031973 16.923758
0.031973 18.577764
0.031973 19.664973
0.031973 17.986739
0.015986 14.671017
0.031973 22.229824
0.015986 15.494021
0.031973 17.014226
0.031973 17.265166
0.047959 14.879509
0.031973 14.882257
0.031973 12.333635
0.047959 12.594588
0.047959 15.905478
0.031973 15.459300
0.047959 18.493714
0.047959 17.046324
0.031973 13.279199
0.031973 11.543109
0.047959 16.103967
0.031973 15.561024
0.031973 18.467370
0.047959 16.029093
0.031973 15.124810
0.031973 15.194256
0.015986 14.137418
0.031973 17.165098
0.031973 16.083183
0.031973 12.674155
0.047959 14.488135
0.031973 12.588149
0.031973 16.943782
0.031973 10.822642
0.047959 12.562046
0.047959 15.792971
0.047959 13.146981
0.031973 16.650683
0.047959 11.106596
0.031973 13.243735
0.031973 13.897476
0.031973 11.365605
0.031973 12.349075
0.047959 12.589021
0.031973 15.748203
0.047959 14.889016
0.047959 11.413981
0.047959 10.951985
0.047959 7.879010
0.047959 11.063051
0.031973 13.305709
0.031973 15.601971
0.031973 14.956637
0.031973 12.192125
0.031973 12.701063
0.031973 10.720556
0.031973 13.226084
0.031973 12.746566
0.031973 11.933756
0.031973 12.577212
0.031973 11.446171
0.031973 13.041388
0.015986 11.937560
0.031973 10.531171
0.031973 15.913800
0.031973 13.009922
0.031973 9.989902
0.031973 12.953677
0.031973 17.275873
0.031973 10.249105
0.047959 11.255229
