30.000000 72.000000 0.015986
0.000377 0.000899 0.000781 0.000678 0.000407 0.000590 0.000300 0.000379 0.000462 0.000223 0.000345 0.000129 0.000133 0.000219 0.000093 0.000103 0.000092 0.000043 0.000071 0.000055 0.000024 0.000034 0.000042 0.000031 0.000030 0.000030 0.000020 0.000021 0.000034 0.000044 
4.060714 9.248949 6.163325 5.867661 10.122824 4.474769 9.958033 6.740080 4.756734 10.722857 3.832959 11.197729 9.095783 4.034974 10.898373 6.239679 5.041540 10.525816 4.018302 4.337047 11.110948 6.336700 4.697479 5.721339 4.889704 2.901686 3.760068 3.513697 3.027964 4.766007 
0.000363 0.001156 0.001029 0.000916 0.000848 0.000718 0.000621 0.000581 0.000544 0.000474 0.000376 0.000294 0.000246 0.000224 0.000201 0.000185 0.000180 0.000175 0.000142 0.000097 0.000082 0.000081 0.000073 0.000082 0.000131 0.000161 0.000148 0.000104 0.000085 0.000083 
38.760188 38.463185 38.523709 38.625985 38.753233 39.206870 39.307631 39.579156 39.893489 40.004279 40.263848 40.182055 40.015306 39.895730 40.592834 41.910225 44.628262 46.096211 46.178486 43.367489 41.735726 41.730521 40.822747 43.112716 46.902938 47.657925 47.201835 44.924876 44.314692 44.428514 
0.000306 0.000816 0.000759 0.000706 0.000643 0.000566 0.000516 0.000518 0.000503 0.000448 0.000369 0.000291 0.000228 0.000202 0.000216 0.000255 0.000282 0.000267 0.000221 0.000176 0.000171 0.000178 0.000198 0.000230 0.000257 0.000251 0.000212 0.000171 0.000173 0.000184 
59.879278 59.616814 59.533654 59.552172 59.308934 59.234675 58.866623 58.480505 58.406948 58.216323 58.477361 59.546959 60.517180 60.176680 58.987893 58.212059 58.085850 57.950268 58.043366 59.292126 60.140174 60.078831 59.000167 58.380911 58.150007 57.860730 57.786989 59.061468 60.444182 60.923884 
0.003063 0.003870 0.003588 0.002571 0.001675 0.001292 0.001111 0.000999 0.000915 0.000780 0.000615 0.000461 0.000366 0.000321 0.000294 0.000263 0.000222 0.000193 0.000183 0.000184 0.000193 0.000209 0.000227 0.000234 0.000222 0.000193 0.000167 0.000154 0.000154 0.000169 
97.575522 97.551843 97.357597 96.646627 95.230104 94.219162 93.804614 93.552754 93.089525 92.736308 92.182854 91.413019 91.407966 91.834909 92.295166 93.024458 94.086106 95.834964 97.404625 98.238376 98.466511 98.297688 98.316948 98.442077 98.308633 98.141436 98.761644 99.917647 99.979479 97.927143 
0.086652 0.315311 0.266687 0.225561 0.208035 0.177055 0.154897 0.141716 0.130565 0.111150 0.086802 0.066794 0.055050 0.049200 0.044462 0.037071 0.028069 0.020000 0.015469 0.013823 0.013829 0.013499 0.012085 0.009849 0.007449 0.006021 0.005550 0.005652 0.005526 0.004767 
143.147854 143.334990 143.644957 143.849938 143.721477 143.431622 143.660253 144.373412 145.232462 145.492192 145.086174 144.585370 144.767900 145.726011 146.803979 147.323912 147.245065 146.477956 146.133208 146.634030 147.790246 148.450919 148.470726 147.886688 146.676000 145.994102 146.200836 147.163847 147.816326 148.017881 
0.013220 0.019448 0.017332 0.017065 0.015827 0.013226 0.010795 0.009542 0.009007 0.008700 0.008840 0.008904 0.007867 0.006509 0.005353 0.004377 0.003356 0.002746 0.002524 0.002418 0.002342 0.002296 0.002137 0.001854 0.001600 0.001377 0.001120 0.000923 0.000807 0.000729 
181.112058 181.565068 181.843471 182.188046 182.893903 182.724645 181.378870 180.936426 181.295319 182.035188 183.203028 184.006791 183.166667 181.945028 181.751668 182.335903 181.795791 181.299021 181.458508 181.715802 182.005250 182.604143 182.747483 182.126579 181.796119 181.661426 181.196753 180.465290 179.838684 178.807293 
0.002521 0.008070 0.006512 0.005741 0.003501 0.001899 0.001714 0.001580 0.001246 0.000898 0.000756 0.000715 0.000526 0.000376 0.000282 0.000314 0.000259 0.000210 0.000179 0.000163 0.000118 0.000100 0.000095 0.000113 0.000113 0.000097 0.000077 0.000057 0.000042 0.000047 
213.291522 213.907000 214.320224 214.858581 215.722653 214.184873 212.898160 213.772078 215.932354 215.526355 212.692426 212.188462 214.828885 216.053558 215.055337 212.655215 213.970958 215.310568 213.774350 212.032699 213.433223 215.635661 215.363150 212.676913 212.237732 213.425911 214.647460 214.725979 215.413355 215.356951 
0.004484 0.012529 0.010177 0.010054 0.008154 0.005897 0.004521 0.003829 0.003406 0.002743 0.002025 0.001525 0.001244 0.000949 0.000640 0.000481 0.000418 0.000366 0.000265 0.000196 0.000178 0.000181 0.000152 0.000115 0.000098 0.000088 0.000069 0.000057 0.000063 0.000084 
231.825741 229.926089 228.284543 227.134209 227.195574 228.217769 228.341669 227.756789 227.597690 228.886266 229.539408 228.996897 227.996926 227.938840 228.735353 228.806404 228.061662 227.294505 227.692233 228.145500 228.227846 227.830657 228.550680 230.165504 230.667130 230.041971 229.934236 227.972135 225.694103 226.054273 
0.032386 0.074670 0.054117 0.044295 0.026288 0.012281 0.008048 0.007796 0.007824 0.005960 0.003672 0.002335 0.001614 0.001040 0.000487 0.000279 0.000253 0.000314 0.000283 0.000177 0.000123 0.000113 0.000102 0.000080 0.000060 0.000043 0.000036 0.000043 0.000060 0.000086 
271.161546 271.364072 271.507604 271.368638 270.228177 268.866493 269.751738 273.234238 273.077472 271.312217 268.916156 268.975936 271.158462 273.529882 271.291497 264.266206 265.897661 271.473143 271.945681 268.358425 265.362974 269.098480 272.121967 271.360729 268.645091 264.869601 257.565042 251.461673 250.445995 253.129130 
0.030803 0.041457 0.040656 0.029916 0.019019 0.013304 0.011475 0.008988 0.006093 0.004272 0.003193 0.002602 0.002129 0.001661 0.001170 0.000804 0.000615 0.000516 0.000427 0.000333 0.000256 0.000198 0.000146 0.000101 0.000073 0.000064 0.000061 0.000060 0.000065 0.000078 
290.239373 289.462932 288.595549 287.567482 287.561953 289.179609 290.045405 288.751964 286.737844 286.555842 287.414766 287.855849 287.358221 286.868401 286.437264 285.815808 285.708964 286.023014 286.288831 286.282583 286.233726 286.235529 286.413847 286.941742 289.390309 293.689920 296.077371 296.908356 296.931567 295.815302 
0.023360 0.046352 0.032961 0.028077 0.020803 0.014447 0.008209 0.003815 0.001906 0.001137 0.000659 0.000443 0.000359 0.000268 0.000205 0.000163 0.000147 0.000141 0.000132 0.000113 0.000093 0.000079 0.000065 0.000050 0.000039 0.000033 0.000025 0.000025 0.000034 0.000061 
318.349194 319.615450 321.008220 321.157885 320.117725 317.794244 317.131813 318.378070 318.245815 315.211234 313.952741 312.979333 312.391811 312.353651 313.431844 315.295125 316.544433 316.902080 317.162689 317.788499 317.577433 317.208329 318.205027 320.575570 320.769845 317.872605 318.848829 323.202317 326.132536 323.879919 
0.002802 0.005536 0.004283 0.003697 0.002572 0.001445 0.000747 0.000418 0.000303 0.000235 0.000183 0.000135 0.000111 0.000106 0.000102 0.000092 0.000080 0.000071 0.000068 0.000069 0.000069 0.000065 0.000062 0.000062 0.000062 0.000062 0.000062 0.000061 0.000054 0.000048 
364.061180 364.293552 365.465046 367.752273 369.971535 370.228375 368.236630 368.029574 369.191581 368.511242 367.345000 366.768425 366.607167 366.121617 365.358765 364.392399 363.235861 362.215171 362.144421 362.739681 362.888507 362.443873 361.880659 361.503420 361.202645 361.008771 361.086013 361.179932 361.197586 362.544187 
0.000394 0.001892 0.001468 0.001138 0.001027 0.000635 0.000301 0.000184 0.000153 0.000129 0.000099 0.000079 0.000067 0.000060 0.000053 0.000045 0.000035 0.000026 0.000020 0.000018 0.000018 0.000017 0.000015 0.000013 0.000011 0.000009 0.000009 0.000013 0.000020 0.000028 
399.135815 398.416871 399.773242 400.264865 399.977180 399.387165 400.109566 402.706736 401.734296 400.932429 400.842898 400.721647 400.556663 400.774276 401.145866 401.327037 401.359478 401.574776 402.038957 401.715764 400.861154 400.244861 400.247386 400.993840 401.416111 400.185658 398.871602 400.497905 401.694155 401.628019 
0.001868 0.018670 0.013596 0.009900 0.007209 0.006226 0.004377 0.002649 0.001483 0.000821 0.000441 0.000260 0.000192 0.000177 0.000162 0.000127 0.000089 0.000061 0.000049 0.000045 0.000044 0.000042 0.000038 0.000033 0.000029 0.000027 0.000025 0.000022 0.000026 0.000039 
453.086848 454.787019 455.004176 453.304351 450.930642 449.450576 449.166988 448.803566 447.374860 444.150354 442.075837 442.299701 443.735204 444.890113 445.326395 446.087036 446.887293 447.070161 447.013167 447.935943 449.266788 449.191940 447.320076 444.036674 442.577232 444.297372 447.052234 447.773833 448.862035 450.306498 
0.001919 0.004106 0.003086 0.002476 0.001457 0.000739 0.000427 0.000279 0.000175 0.000122 0.000096 0.000076 0.000062 0.000053 0.000050 0.000045 0.000038 0.000032 0.000029 0.000026 0.000021 0.000019 0.000018 0.000016 0.000014 0.000014 0.000015 0.000019 0.000026 0.000036 
484.671077 484.656458 484.556022 484.458340 484.492022 485.081667 485.722924 485.997823 484.707100 483.591324 483.380954 483.167209 483.606643 484.426288 484.509852 483.938920 483.179069 482.676087 483.007751 483.623111 484.399386 485.289915 485.747563 486.144368 486.383924 485.850251 484.999088 483.173584 482.124810 482.833604 
0.001440 0.003166 0.002385 0.001957 0.001198 0.000605 0.000297 0.000224 0.000190 0.000140 0.000100 0.000076 0.000064 0.000059 0.000053 0.000043 0.000033 0.000026 0.000022 0.000020 0.000019 0.000018 0.000016 0.000013 0.000010 0.000010 0.000010 0.000011 0.000017 0.000030 
507.268945 504.816423 503.844584 504.536559 507.497903 510.001635 506.869949 503.966111 506.323038 507.638548 508.275541 508.589075 508.911178 508.700056 508.171220 507.822924 507.481418 506.578876 505.745633 506.279086 507.498554 508.308339 508.628608 508.680590 508.367958 507.344315 505.264232 505.061920 507.916340 508.599142 
0.005134 0.006230 0.005919 0.004489 0.002747 0.001403 0.000685 0.000372 0.000210 0.000158 0.000128 0.000103 0.000081 0.000067 0.000059 0.000050 0.000040 0.000031 0.000028 0.000028 0.000028 0.000026 0.000022 0.000018 0.000017 0.000019 0.000020 0.000019 0.000024 0.000037 
547.627423 546.747977 546.782954 547.725133 549.561004 550.729961 551.014270 549.857245 546.747321 545.063530 544.797929 544.966559 544.241752 543.496638 543.451676 543.573628 543.745421 544.121819 544.133525 543.631553 543.391073 543.052250 542.737969 543.179428 543.276562 542.905686 543.262914 544.093878 544.356345 543.453534 
0.015783 0.031397 0.021461 0.017575 0.011920 0.006764 0.003242 0.001502 0.000739 0.000391 0.000199 0.000105 0.000074 0.000066 0.000071 0.000073 0.000064 0.000049 0.000035 0.000028 0.000028 0.000031 0.000035 0.000036 0.000036 0.000037 0.000036 0.000032 0.000026 0.000024 
588.896451 588.643322 587.940500 587.327924 587.488314 588.583318 589.537244 590.200930 590.855858 590.328006 589.889002 589.062614 587.071895 587.147566 589.783444 591.742519 592.847991 593.380382 593.043091 591.895377 592.138834 593.848980 595.394237 596.838852 597.686774 597.694420 597.455395 596.986537 593.309335 581.690663 
0.023387 0.059316 0.039582 0.034127 0.022727 0.011655 0.004648 0.001599 0.000584 0.000281 0.000164 0.000130 0.000111 0.000090 0.000072 0.000063 0.000062 0.000061 0.000053 0.000040 0.000028 0.000024 0.000023 0.000026 0.000028 0.000027 0.000021 0.000017 0.000020 0.000032 
626.807036 627.095033 627.443417 627.859543 628.399760 629.207269 630.584145 632.358222 633.383247 632.955531 631.719926 630.952343 630.839159 631.113588 631.891855 632.910406 632.124146 631.323035 631.202507 631.157884 630.728440 630.682527 632.243720 631.288851 628.583350 627.247623 627.170939 626.714451 630.254864 633.122133 
0.001748 0.002264 0.002207 0.001675 0.001022 0.000585 0.000325 0.000191 0.000119 0.000087 0.000066 0.000049 0.000041 0.000038 0.000035 0.000029 0.000022 0.000016 0.000013 0.000013 0.000013 0.000013 0.000012 0.000010 0.000009 0.000009 0.000009 0.000009 0.000013 0.000024 
683.950871 685.074657 685.617190 684.895939 682.174354 679.863028 679.730463 681.227086 680.938719 681.665196 682.678783 683.090877 683.073800 682.714216 682.514889 682.576562 682.436305 681.655053 681.031159 681.640283 682.121230 681.747539 681.000984 680.450925 680.254934 679.993685 679.820531 680.051055 680.947267 681.820782 
0.002239 0.003026 0.002893 0.001950 0.000887 0.000345 0.000197 0.000126 0.000099 0.000078 0.000060 0.000047 0.000040 0.000039 0.000038 0.000034 0.000031 0.000029 0.000028 0.000028 0.000028 0.000028 0.000028 0.000027 0.000026 0.000027 0.000026 0.000026 0.000028 0.000035 
711.252299 711.235019 711.399717 711.778603 712.324174 710.007928 708.741192 710.317196 711.620075 710.937738 710.791638 710.923366 711.202940 712.236150 713.481198 714.784385 716.222410 717.370671 717.829829 718.076352 718.323561 718.294510 718.206843 718.482164 718.670565 718.543589 718.758783 718.776022 717.148718 713.692709 
0.001514 0.001864 0.001769 0.001357 0.000851 0.000422 0.000187 0.000125 0.000106 0.000098 0.000077 0.000058 0.000046 0.000037 0.000029 0.000023 0.000020 0.000016 0.000012 0.000012 0.000016 0.000018 0.000016 0.000012 0.000010 0.000011 0.000015 0.000016 0.000014 0.000012 
731.826143 730.854663 730.092702 730.056540 730.859404 731.657595 731.745029 732.418381 732.822817 733.354570 733.567326 733.809654 733.845901 733.752473 733.919766 733.745692 732.620275 731.781519 733.192513 734.289668 732.085864 731.177120 731.321646 732.347939 732.549662 731.302936 731.081884 731.709507 733.716394 736.099789 
0.001630 0.002918 0.002148 0.002065 0.001713 0.001138 0.000624 0.000322 0.000160 0.000087 0.000063 0.000049 0.000042 0.000039 0.000034 0.000028 0.000021 0.000016 0.000013 0.000012 0.000011 0.000010 0.000010 0.000009 0.000009 0.000009 0.000008 0.000008 0.000012 0.000018 
755.156230 756.349632 757.831144 759.039287 759.742622 760.212996 759.911548 758.854719 757.602251 756.210794 756.722495 757.200709 756.593571 755.315355 755.057846 755.458786 755.757789 756.036341 756.067391 755.755148 756.067361 756.549776 756.211942 755.638547 755.180539 753.945096 752.884063 758.463193 763.284352 761.798452 
0.000786 0.004517 0.003321 0.002442 0.002279 0.001559 0.000757 0.000278 0.000126 0.000078 0.000055 0.000041 0.000035 0.000033 0.000031 0.000027 0.000023 0.000021 0.000018 0.000015 0.000014 0.000013 0.000013 0.000013 0.000013 0.000014 0.000015 0.000014 0.000013 0.000014 
792.194652 792.915228 792.218122 791.365476 790.741647 790.193702 789.183816 785.607665 783.812244 786.262280 786.968557 787.081086 786.730705 786.245875 786.014132 785.945499 785.737312 785.224918 785.115805 786.112990 787.398999 787.561447 786.781230 786.414754 786.589222 786.431478 786.083815 785.824396 786.537298 787.985895 
0.002281 0.004287 0.003061 0.002709 0.002070 0.001306 0.000610 0.000220 0.000111 0.000080 0.000060 0.000044 0.000035 0.000032 0.000029 0.000024 0.000019 0.000014 0.000011 0.000011 0.000011 0.000010 0.000010 0.000011 0.000012 0.000011 0.000009 0.000008 0.000010 0.000017 
810.603316 808.619578 805.928062 804.119518 803.778386 804.408728 804.648391 806.310082 810.602782 810.648772 810.380166 810.349992 810.644400 810.721582 810.494735 810.183307 809.971713 810.250920 810.825962 810.763301 810.618192 810.816794 811.838824 813.441094 814.161838 813.222394 810.412618 809.789388 812.289978 813.182062 
0.000784 0.000982 0.000946 0.000749 0.000513 0.000313 0.000182 0.000119 0.000095 0.000077 0.000060 0.000047 0.000039 0.000036 0.000033 0.000028 0.000021 0.000015 0.000012 0.000012 0.000012 0.000011 0.000010 0.000008 0.000008 0.000008 0.000007 0.000007 0.000011 0.000020 
870.974396 871.479684 873.475233 876.720785 879.303242 880.125187 879.575928 877.106794 875.400832 874.718075 874.315960 874.153715 874.265011 874.564733 874.875058 875.084588 875.160990 875.159088 875.270598 874.731304 873.412008 872.910497 873.836003 875.198351 874.926647 873.884361 872.797103 871.039266 872.316350 874.794871 
0.001750 0.003508 0.002590 0.002107 0.001274 0.000552 0.000219 0.000132 0.000108 0.000087 0.000069 0.000054 0.000044 0.000040 0.000036 0.000031 0.000025 0.000020 0.000019 0.000020 0.000019 0.000018 0.000016 0.000015 0.000014 0.000013 0.000013 0.000015 0.000019 0.000025 
921.278611 922.720348 924.364555 925.888707 926.992504 926.748844 924.172957 921.547170 919.615780 918.485152 918.269900 918.453613 918.325308 917.850410 917.691511 917.532343 916.426582 914.064651 912.123366 911.365188 911.311737 911.862059 912.280623 912.204824 912.051725 911.384473 909.889978 908.955030 909.252663 911.371762 
0.000592 0.001317 0.001011 0.000855 0.000500 0.000190 0.000076 0.000057 0.000054 0.000046 0.000037 0.000030 0.000026 0.000024 0.000021 0.000019 0.000016 0.000015 0.000013 0.000012 0.000012 0.000013 0.000013 0.000012 0.000013 0.000014 0.000013 0.000012 0.000010 0.000009 
955.687080 954.655870 952.847873 951.355743 949.911947 948.496009 950.846979 951.462135 951.306585 951.171755 951.153401 951.354795 951.778159 952.040595 951.997953 952.217099 953.080407 954.259829 955.291555 955.940764 955.708934 955.434394 956.002286 956.837684 956.595733 956.073521 956.203390 956.277041 954.454529 949.289131 
0.001080 0.002250 0.001705 0.001363 0.000782 0.000332 0.000146 0.000093 0.000070 0.000056 0.000044 0.000035 0.000031 0.000030 0.000027 0.000024 0.000022 0.000020 0.000018 0.000017 0.000017 0.000018 0.000019 0.000020 0.000019 0.000018 0.000017 0.000017 0.000019 0.000022 
968.162631 969.344809 970.537235 971.755775 973.137435 973.385082 971.436280 969.852254 969.607701 969.464131 969.453196 969.277378 968.774031 968.242587 967.796690 967.305498 966.806123 966.266097 965.588468 965.293634 965.548012 965.230888 964.471143 964.255049 964.447679 964.105003 963.343912 964.243094 966.952423 970.047487 
0.002202 0.004875 0.003450 0.002745 0.001537 0.000549 0.000185 0.000120 0.000094 0.000073 0.000055 0.000042 0.000035 0.000031 0.000028 0.000024 0.000018 0.000014 0.000011 0.000011 0.000012 0.000011 0.000010 0.000008 0.000007 0.000007 0.000007 0.000008 0.000012 0.000018 
1006.453509 1005.208399 1004.205409 1003.619924 1003.688082 1005.403898 1006.081458 1002.875238 1001.788835 1000.488585 999.483553 999.157481 999.235284 999.446519 999.563629 999.626787 999.696274 999.515706 998.819557 998.969805 999.326361 998.927126 998.577123 997.902123 995.273631 994.390800 996.766474 1000.179615 1000.825643 999.827345 
0.003319 0.004366 0.004294 0.003150 0.001656 0.000565 0.000168 0.000109 0.000088 0.000074 0.000060 0.000048 0.000042 0.000039 0.000036 0.000032 0.000027 0.000023 0.000021 0.000020 0.000021 0.000021 0.000022 0.000023 0.000024 0.000024 0.000024 0.000024 0.000024 0.000027 
1056.958048 1055.980783 1055.058018 1054.316229 1054.109693 1054.876909 1052.423065 1055.846954 1058.089939 1058.641890 1059.114158 1059.467856 1060.173441 1061.230797 1062.676980 1064.854074 1067.807417 1070.884933 1072.653653 1073.455590 1074.540065 1075.444318 1075.260910 1074.363965 1074.811410 1076.222437 1076.490986 1075.410292 1072.585385 1067.409467 
0.001507 0.001823 0.001666 0.001175 0.000666 0.000334 0.000157 0.000097 0.000071 0.000056 0.000043 0.000033 0.000028 0.000028 0.000028 0.000024 0.000018 0.000014 0.000015 0.000015 0.000013 0.000012 0.000014 0.000015 0.000013 0.000012 0.000013 0.000014 0.000012 0.000010 
1097.911853 1099.062966 1099.495394 1098.571388 1095.105335 1092.342748 1093.969416 1095.964128 1094.733324 1094.279628 1094.190539 1094.318775 1094.153721 1093.276017 1092.721031 1092.961735 1093.436907 1092.557512 1091.484060 1091.302122 1090.774959 1089.609949 1088.897884 1088.305581 1087.534290 1086.988008 1087.836387 1089.209665 1091.076187 1095.349020 
0.001303 0.001493 0.001256 0.000810 0.000445 0.000254 0.000134 0.000073 0.000055 0.000045 0.000035 0.000027 0.000023 0.000021 0.000019 0.000017 0.000014 0.000011 0.000008 0.000007 0.000006 0.000006 0.000007 0.000008 0.000008 0.000006 0.000004 0.000004 0.000006 0.000010 
1132.864341 1132.233784 1131.913362 1133.074123 1136.661743 1139.026307 1138.484114 1136.934908 1135.101808 1134.958146 1135.150575 1135.218764 1135.139589 1135.137407 1135.426090 1135.942560 1136.245878 1135.596772 1133.314345 1131.712309 1132.867881 1134.811095 1135.246064 1133.784113 1132.452656 1132.626226 1134.015747 1134.109903 1134.537800 1135.007079 
0.001352 0.001506 0.001231 0.000782 0.000459 0.000256 0.000126 0.000075 0.000062 0.000050 0.000039 0.000030 0.000025 0.000023 0.000021 0.000018 0.000015 0.000012 0.000011 0.000010 0.000010 0.000010 0.000009 0.000007 0.000006 0.000006 0.000007 0.000008 0.000009 0.000011 
1160.267250 1161.024283 1161.349760 1159.722023 1157.091193 1155.538250 1159.394748 1160.271888 1159.136757 1159.240646 1159.287986 1159.240333 1159.220901 1159.415780 1159.491873 1158.812620 1157.201150 1155.226883 1154.438142 1155.436754 1156.361906 1156.197922 1155.463408 1155.343323 1156.355261 1156.796718 1156.294163 1155.290958 1153.728590 1154.170572 
0.001119 0.001387 0.001328 0.001005 0.000611 0.000310 0.000149 0.000088 0.000067 0.000054 0.000042 0.000033 0.000029 0.000027 0.000026 0.000023 0.000020 0.000017 0.000015 0.000016 0.000017 0.000017 0.000017 0.000017 0.000016 0.000017 0.000018 0.000019 0.000020 0.000021 
1181.239544 1181.934727 1183.908705 1186.966679 1190.056125 1191.829751 1192.163924 1190.300182 1189.338524 1189.384990 1189.660395 1190.334018 1191.048221 1191.627022 1192.485110 1193.852532 1195.462761 1196.949794 1197.633209 1197.260374 1197.194301 1197.831970 1198.527930 1199.068886 1199.510641 1199.423065 1199.048903 1199.196701 1199.291243 1198.016977 
0.000812 0.001659 0.001253 0.001057 0.000726 0.000415 0.000232 0.000133 0.000087 0.000062 0.000045 0.000034 0.000029 0.000027 0.000025 0.000021 0.000017 0.000014 0.000012 0.000011 0.000011 0.000011 0.000011 0.000010 0.000009 0.000008 0.000007 0.000008 0.000010 0.000016 
1237.022543 1239.561629 1242.540716 1245.503703 1246.484278 1244.866531 1243.374616 1245.471001 1245.338329 1245.098058 1245.899230 1246.366257 1246.231974 1245.665308 1245.114471 1245.126366 1246.519062 1248.824152 1249.819595 1249.601310 1249.901655 1251.269853 1253.189047 1255.110100 1256.625080 1257.183430 1256.390617 1254.688463 1250.314891 1246.709954 
0.001586 0.002124 0.002096 0.001530 0.000795 0.000279 0.000095 0.000070 0.000064 0.000053 0.000042 0.000033 0.000028 0.000026 0.000023 0.000020 0.000016 0.000013 0.000011 0.000010 0.000012 0.000013 0.000012 0.000011 0.000009 0.000009 0.000008 0.000007 0.000007 0.000011 
1292.982254 1292.704861 1291.872456 1290.085088 1286.707180 1281.288932 1283.364777 1284.490425 1284.669377 1284.327839 1283.634088 1283.010685 1282.697010 1282.857970 1283.292046 1283.936768 1284.538824 1284.438306 1283.240435 1279.853548 1277.137247 1276.040297 1275.339077 1274.904239 1274.754051 1274.484981 1274.215131 1275.054634 1279.951505 1282.945131 
0.001857 0.002501 0.002436 0.001728 0.000877 0.000370 0.000162 0.000093 0.000070 0.000058 0.000046 0.000038 0.000034 0.000033 0.000032 0.000028 0.000024 0.000021 0.000020 0.000020 0.000021 0.000023 0.000023 0.000023 0.000022 0.000022 0.000021 0.000019 0.000019 0.000021 
1329.275160 1329.093150 1329.138929 1329.636376 1331.184960 1332.483251 1333.717244 1335.741946 1339.566393 1340.641488 1340.301265 1338.677476 1336.440660 1335.034052 1334.219149 1333.162030 1331.096289 1328.207047 1326.213705 1325.571912 1325.862905 1326.154090 1325.738834 1324.754503 1323.894038 1323.600549 1323.500514 1324.135254 1328.004500 1334.517093 
0.000612 0.000785 0.000749 0.000535 0.000287 0.000143 0.000100 0.000083 0.000073 0.000061 0.000048 0.000038 0.000032 0.000030 0.000028 0.000023 0.000019 0.000016 0.000015 0.000016 0.000017 0.000018 0.000018 0.000016 0.000014 0.000014 0.000014 0.000013 0.000015 0.000020 
1392.701064 1396.357776 1400.122692 1403.578190 1405.429865 1402.704023 1399.917937 1398.222726 1396.897761 1396.421481 1396.094992 1395.692344 1395.314930 1395.026485 1394.787581 1394.112577 1392.027841 1389.032107 1387.152646 1386.638095 1386.819986 1386.912216 1387.079096 1388.503141 1389.957507 1389.347087 1388.752280 1391.132955 1397.177850 1401.680627 
0.000155 0.000284 0.000233 0.000192 0.000125 0.000070 0.000040 0.000032 0.000030 0.000026 0.000021 0.000017 0.000014 0.000013 0.000012 0.000011 0.000010 0.000010 0.000010 0.000010 0.000011 0.000011 0.000012 0.000012 0.000010 0.000009 0.000009 0.000010 0.000012 0.000013 
1436.294412 1435.925758 1435.668214 1435.571209 1435.746313 1436.319723 1436.914034 1436.675973 1436.384449 1436.446014 1436.764145 1437.121361 1437.320637 1437.531103 1437.832002 1438.004088 1438.056762 1438.073910 1438.072356 1438.304723 1438.635773 1438.585790 1438.190267 1438.131229 1438.895494 1439.392808 1439.249865 1438.513902 1437.359155 1436.181550 
0.000241 0.000305 0.000297 0.000227 0.000137 0.000071 0.000045 0.000041 0.000038 0.000033 0.000027 0.000021 0.000018 0.000017 0.000016 0.000013 0.000010 0.000007 0.000006 0.000005 0.000005 0.000005 0.000005 0.000005 0.000005 0.000004 0.000004 0.000004 0.000004 0.000006 
1475.106269 1475.400304 1475.558603 1475.529067 1475.377781 1475.307186 1474.877046 1474.533975 1474.790369 1475.091751 1475.206219 1475.226713 1475.173150 1475.049429 1474.958294 1474.849824 1474.842241 1475.466534 1476.787993 1477.146734 1475.928859 1475.050458 1475.375780 1476.536382 1477.346960 1477.084690 1475.847885 1474.836757 1473.640770 1473.582393 
0.000324 0.000552 0.000440 0.000370 0.000241 0.000124 0.000067 0.000052 0.000045 0.000039 0.000031 0.000024 0.000021 0.000019 0.000018 0.000016 0.000014 0.000012 0.000011 0.000011 0.000009 0.000008 0.000009 0.000010 0.000011 0.000011 0.000010 0.000009 0.000008 0.000009 
1515.669306 1514.069842 1512.946670 1512.305632 1511.525338 1509.769771 1509.782929 1512.581542 1513.471972 1513.710853 1513.592450 1513.173967 1513.051311 1513.668303 1514.449206 1514.933591 1515.140769 1514.563264 1512.975626 1511.564315 1510.545132 1510.148050 1510.659543 1511.462700 1511.441544 1510.055996 1508.683611 1509.294850 1512.786560 1515.356121 
0.001294 0.001474 0.001259 0.000828 0.000442 0.000227 0.000113 0.000075 0.000064 0.000054 0.000043 0.000034 0.000029 0.000028 0.000026 0.000024 0.000020 0.000018 0.000016 0.000015 0.000014 0.000015 0.000016 0.000018 0.000018 0.000017 0.000015 0.000015 0.000017 0.000022 
1564.726280 1564.380885 1564.327785 1565.469981 1568.213051 1570.530238 1566.259906 1560.286336 1559.607945 1559.717702 1560.002223 1560.338898 1560.528199 1560.581248 1560.887173 1561.610715 1562.190768 1561.851428 1561.319957 1561.485228 1561.771365 1562.421244 1563.374756 1563.504066 1562.575924 1561.199246 1560.426890 1560.606086 1561.486999 1562.111181 
0.001593 0.001747 0.001433 0.000896 0.000450 0.000212 0.000114 0.000078 0.000067 0.000057 0.000045 0.000034 0.000028 0.000026 0.000024 0.000021 0.000016 0.000012 0.000010 0.000010 0.000010 0.000010 0.000009 0.000008 0.000007 0.000007 0.000008 0.000010 0.000012 0.000016 
1622.911039 1624.297260 1626.209962 1627.928457 1626.688720 1617.047556 1611.611969 1617.141233 1618.837441 1618.996287 1619.277731 1619.695353 1620.186893 1620.680253 1620.790903 1620.329794 1619.285402 1617.504579 1616.551869 1618.458523 1620.107966 1620.064623 1620.266072 1621.906956 1622.543188 1620.735409 1619.962237 1620.094630 1618.883242 1617.363766 
0.000562 0.000542 0.000417 0.000311 0.000234 0.000139 0.000061 0.000041 0.000039 0.000033 0.000026 0.000021 0.000018 0.000017 0.000016 0.000014 0.000011 0.000008 0.000006 0.000006 0.000006 0.000006 0.000006 0.000005 0.000006 0.000007 0.000007 0.000007 0.000008 0.000009 
1666.190240 1665.958728 1665.137187 1664.819309 1665.026944 1665.619281 1664.896210 1665.693587 1666.321563 1665.964763 1665.693016 1666.315066 1667.648054 1668.560143 1669.028021 1669.493890 1669.958587 1669.849476 1668.318313 1667.419503 1669.272861 1671.162877 1671.569867 1671.688675 1672.544990 1673.027264 1673.926232 1673.708286 1670.642955 1665.547530 
0.000679 0.000712 0.000568 0.000381 0.000243 0.000140 0.000075 0.000050 0.000040 0.000034 0.000028 0.000023 0.000022 0.000020 0.000019 0.000017 0.000017 0.000016 0.000014 0.000013 0.000012 0.000014 0.000015 0.000015 0.000015 0.000015 0.000015 0.000015 0.000014 0.000013 
1690.848596 1690.738861 1690.252823 1689.053607 1687.625184 1686.866068 1688.144718 1690.576420 1690.389136 1690.068582 1689.594607 1688.396460 1687.086284 1686.271753 1685.568264 1684.885562 1684.536117 1684.518613 1684.329550 1683.666558 1684.043667 1685.675703 1686.364109 1685.854687 1685.055737 1684.693278 1684.796045 1685.343017 1686.996765 1690.322500 
0.000777 0.000813 0.000639 0.000452 0.000324 0.000215 0.000107 0.000055 0.000041 0.000034 0.000026 0.000020 0.000018 0.000016 0.000015 0.000012 0.000009 0.000007 0.000007 0.000009 0.000010 0.000009 0.000007 0.000005 0.000004 0.000004 0.000004 0.000005 0.000006 0.000010 
1716.301498 1716.406846 1716.601739 1717.502177 1718.700077 1719.414137 1717.723398 1713.878688 1714.559638 1714.875984 1714.840244 1714.773258 1715.009075 1715.540215 1716.017295 1716.275722 1716.285247 1715.957562 1715.857190 1716.262088 1715.886785 1714.965692 1714.631702 1716.088549 1717.514042 1717.890157 1716.836699 1715.203715 1714.954894 1714.495189 
0.000642 0.001154 0.000860 0.000842 0.000678 0.000415 0.000176 0.000058 0.000039 0.000033 0.000026 0.000021 0.000018 0.000017 0.000015 0.000013 0.000010 0.000008 0.000007 0.000009 0.000010 0.000009 0.000008 0.000008 0.000008 0.000009 0.000008 0.000008 0.000008 0.000011 
1738.414295 1739.671721 1742.124152 1744.249200 1744.983952 1744.794330 1744.782961 1744.672085 1742.670539 1742.464371 1742.304366 1742.192659 1741.800038 1741.023728 1740.539143 1741.080947 1742.416957 1743.155705 1743.368868 1743.789731 1744.244229 1745.123735 1746.097488 1745.993605 1745.814523 1746.569155 1747.283128 1746.416307 1745.482358 1745.153652 
0.000438 0.000775 0.000591 0.000496 0.000330 0.000171 0.000078 0.000046 0.000039 0.000033 0.000026 0.000019 0.000016 0.000015 0.000013 0.000011 0.000009 0.000008 0.000007 0.000007 0.000007 0.000006 0.000005 0.000005 0.000005 0.000005 0.000006 0.000006 0.000008 0.000012 
1770.211324 1769.817978 1767.856318 1765.034108 1762.346826 1760.852732 1762.783005 1768.124782 1769.773462 1769.272885 1768.861514 1768.691322 1768.717468 1768.888364 1769.075658 1769.248446 1769.113249 1768.836353 1769.983656 1771.606576 1771.586103 1771.161664 1771.507690 1770.892711 1767.872145 1766.607847 1768.440770 1770.739110 1771.750164 1771.436865 
0.000292 0.000391 0.000376 0.000259 0.000136 0.000069 0.000047 0.000038 0.000034 0.000029 0.000024 0.000020 0.000019 0.000020 0.000020 0.000019 0.000017 0.000015 0.000014 0.000013 0.000011 0.000009 0.000008 0.000010 0.000010 0.000011 0.000012 0.000013 0.000013 0.000013 
1806.157035 1804.631882 1803.323028 1801.866195 1800.824621 1801.631885 1803.542009 1803.041603 1802.734547 1802.855850 1802.940733 1802.867818 1802.962224 1802.722195 1802.055681 1801.705803 1801.695077 1801.048305 1800.394554 1801.309926 1802.981156 1803.284582 1802.282948 1801.730461 1801.879577 1802.739828 1803.314711 1802.352829 1799.750004 1797.790189 
0.001146 0.001283 0.001047 0.000621 0.000272 0.000108 0.000065 0.000054 0.000049 0.000042 0.000033 0.000025 0.000021 0.000019 0.000018 0.000016 0.000014 0.000012 0.000011 0.000011 0.000012 0.000012 0.000011 0.000009 0.000007 0.000007 0.000008 0.000008 0.000009 0.000010 
1851.228925 1850.701099 1850.680967 1851.892522 1854.326141 1857.403634 1856.099521 1856.088290 1855.642594 1855.378672 1855.172097 1855.009860 1855.064911 1855.476505 1856.271541 1857.887599 1859.946232 1861.071134 1860.645829 1859.584059 1859.645230 1861.185287 1862.857380 1864.444109 1866.658725 1865.895508 1862.609535 1861.373422 1861.041944 1858.778638 
0.000562 0.000621 0.000517 0.000336 0.000182 0.000091 0.000054 0.000047 0.000042 0.000035 0.000028 0.000022 0.000019 0.000018 0.000018 0.000016 0.000013 0.000011 0.000009 0.000009 0.000010 0.000012 0.000012 0.000011 0.000010 0.000009 0.000008 0.000008 0.000011 0.000014 
1907.830761 1909.310703 1911.817194 1915.445639 1917.713140 1914.336981 1908.548914 1908.902792 1909.259571 1909.120127 1909.225221 1909.610044 1910.300617 1910.880049 1910.941207 1911.123413 1912.160082 1912.835150 1911.958076 1912.906312 1916.223731 1917.859362 1918.726111 1919.490684 1919.201339 1917.810178 1917.509701 1918.310193 1919.086342 1917.229160 
0.000384 0.000407 0.000321 0.000204 0.000112 0.000065 0.000043 0.000038 0.000034 0.000029 0.000023 0.000018 0.000016 0.000015 0.000013 0.000011 0.000009 0.000007 0.000006 0.000006 0.000006 0.000007 0.000007 0.000006 0.000005 0.000004 0.000005 0.000007 0.000009 0.000010 
1969.987390 1968.879334 1967.103098 1966.524652 1968.738721 1973.022696 1970.632918 1968.869198 1968.651494 1968.519480 1968.459853 1968.376291 1968.168688 1967.954905 1967.865822 1968.158593 1969.471603 1971.695957 1972.697707 1970.785214 1968.663167 1968.358576 1968.814813 1970.405758 1973.961382 1976.425456 1975.484199 1974.756125 1975.738597 1975.995164 
0.000535 0.000610 0.000520 0.000347 0.000196 0.000105 0.000061 0.000046 0.000039 0.000033 0.000027 0.000023 0.000020 0.000017 0.000014 0.000012 0.000010 0.000010 0.000010 0.000010 0.000009 0.000009 0.000008 0.000008 0.000009 0.000008 0.000008 0.000008 0.000008 0.000008 
2022.593415 2023.701474 2024.743580 2025.000972 2025.147326 2025.950374 2027.630094 2026.084433 2025.183423 2024.829273 2025.349835 2026.752356 2027.842999 2027.820493 2027.179337 2027.051863 2028.204976 2030.617925 2032.682723 2033.747664 2033.260961 2031.191864 2030.381608 2032.164294 2034.024237 2033.969334 2032.553244 2030.894393 2027.990399 2023.801520 
0.000804 0.000947 0.000822 0.000523 0.000241 0.000090 0.000048 0.000043 0.000040 0.000035 0.000028 0.000022 0.000019 0.000017 0.000016 0.000013 0.000010 0.000008 0.000007 0.000008 0.000008 0.000007 0.000007 0.000007 0.000007 0.000007 0.000007 0.000007 0.000007 0.000008 
2093.064098 2092.102557 2090.882480 2089.079015 2085.965603 2082.338006 2086.711869 2088.714513 2088.680057 2088.858507 2089.296997 2089.716269 2089.302213 2087.839189 2086.611972 2086.584189 2087.672659 2088.883892 2089.750995 2090.350019 2090.810842 2091.505405 2091.970405 2092.830411 2094.258280 2093.863676 2091.638775 2091.674457 2095.249705 2096.824804 
0.000843 0.000900 0.000699 0.000396 0.000178 0.000082 0.000049 0.000042 0.000038 0.000033 0.000026 0.000020 0.000017 0.000015 0.000015 0.000014 0.000012 0.000010 0.000008 0.000007 0.000007 0.000007 0.000007 0.000007 0.000007 0.000007 0.000006 0.000005 0.000007 0.000012 
2133.588478 2133.988156 2134.701738 2135.820327 2136.787742 2136.374510 2134.800641 2134.070240 2134.233313 2134.436146 2134.661709 2134.793941 2134.738521 2134.872412 2135.893223 2137.190142 2137.361187 2135.343054 2132.811293 2132.084527 2132.046638 2131.401362 2132.190966 2134.622367 2135.975732 2134.526787 2132.131786 2130.438847 2131.407554 2132.893278 
0.000694 0.000737 0.000573 0.000332 0.000160 0.000085 0.000056 0.000047 0.000043 0.000037 0.000030 0.000023 0.000020 0.000018 0.000017 0.000015 0.000012 0.000011 0.000010 0.000010 0.000010 0.000008 0.000008 0.000009 0.000009 0.000009 0.000008 0.000008 0.000009 0.000011 
2192.963742 2193.476931 2194.087433 2194.716490 2196.450521 2198.231319 2197.349959 2195.362751 2195.187331 2195.279710 2195.481576 2195.316531 2194.063300 2193.059964 2193.727497 2195.686913 2197.287565 2197.256572 2195.736924 2192.569776 2188.989512 2188.114233 2192.400656 2197.923177 2200.948709 2201.531427 2199.100350 2197.689407 2199.389049 2199.409164 
0.000528 0.000592 0.000489 0.000306 0.000160 0.000085 0.000052 0.000042 0.000038 0.000033 0.000026 0.000020 0.000017 0.000016 0.000016 0.000015 0.000013 0.000012 0.000013 0.000012 0.000011 0.000010 0.000009 0.000009 0.000011 0.000013 0.000012 0.000011 0.000012 0.000014 
2288.803547 2289.601862 2290.246842 2290.110311 2288.996911 2288.590008 2289.997424 2288.943502 2288.485118 2288.227044 2287.945460 2287.796583 2287.780345 2287.804177 2288.408559 2289.517407 2289.597277 2287.356120 2286.052512 2285.735564 2284.369030 2281.923654 2281.393537 2284.922903 2288.574744 2288.960613 2287.846890 2285.416719 2284.251645 2284.538685 
0.000909 0.001122 0.001009 0.000656 0.000296 0.000102 0.000057 0.000049 0.000045 0.000038 0.000030 0.000024 0.000022 0.000021 0.000021 0.000018 0.000015 0.000012 0.000009 0.000008 0.000008 0.000009 0.000010 0.000010 0.000009 0.000009 0.000009 0.000008 0.000008 0.000010 
2371.788564 2370.790581 2369.862899 2368.914041 2367.723053 2365.961193 2367.453196 2368.699543 2368.867771 2368.787143 2368.676290 2367.673137 2364.806380 2363.121689 2363.958132 2366.836033 2371.906588 2376.847845 2375.561692 2370.511231 2370.528446 2374.745014 2377.170148 2377.886054 2376.035421 2371.867399 2369.202740 2367.412829 2363.440146 2362.336059 
0.000592 0.000673 0.000548 0.000312 0.000120 0.000057 0.000050 0.000046 0.000043 0.000037 0.000029 0.000023 0.000019 0.000018 0.000017 0.000016 0.000013 0.000010 0.000008 0.000008 0.000008 0.000008 0.000008 0.000008 0.000007 0.000007 0.000008 0.000010 0.000012 0.000014 
2482.821652 2481.518044 2480.350018 2479.300459 2479.019948 2480.584709 2480.085688 2479.771875 2479.302608 2479.112010 2479.365412 2479.879608 2479.778225 2478.606906 2476.534946 2474.999467 2475.607707 2479.113443 2482.025870 2479.001955 2475.889384 2476.056739 2475.991557 2475.706922 2477.924694 2481.176490 2481.390899 2481.468606 2485.383312 2488.581198 
0.000374 0.000392 0.000299 0.000166 0.000072 0.000039 0.000032 0.000030 0.000028 0.000024 0.000019 0.000015 0.000013 0.000012 0.000012 0.000011 0.000010 0.000009 0.000008 0.000007 0.000006 0.000005 0.000004 0.000004 0.000005 0.000005 0.000005 0.000004 0.000005 0.000007 
2562.750025 2562.232208 2561.677720 2561.403014 2562.537056 2563.180655 2562.398125 2562.337163 2562.259192 2562.356574 2562.521968 2562.500452 2562.525673 2562.540976 2561.523488 2559.943680 2559.456611 2560.645486 2561.910963 2562.184997 2561.624614 2562.360267 2566.122807 2569.426127 2569.530167 2567.514474 2563.485065 2560.117723 2561.949575 2564.034235 
0.000436 0.000452 0.000339 0.000184 0.000082 0.000047 0.000034 0.000029 0.000027 0.000023 0.000019 0.000015 0.000013 0.000012 0.000011 0.000010 0.000009 0.000007 0.000007 0.000007 0.000007 0.000007 0.000007 0.000007 0.000007 0.000006 0.000005 0.000005 0.000006 0.000006 
2595.086046 2595.579144 2596.042168 2595.613353 2592.580208 2590.635350 2592.739607 2593.614640 2593.639325 2593.545429 2593.383180 2593.105926 2593.202055 2593.466465 2592.702311 2591.087533 2589.391569 2587.780142 2587.188432 2587.365420 2586.920265 2585.740883 2584.808131 2585.009831 2585.610373 2585.965436 2587.328705 2589.472221 2591.744739 2594.774826 
0.001092 0.001172 0.000906 0.000490 0.000178 0.000071 0.000056 0.000052 0.000048 0.000041 0.000033 0.000025 0.000021 0.000020 0.000018 0.000016 0.000014 0.000014 0.000013 0.000012 0.000012 0.000012 0.000012 0.000011 0.000010 0.000009 0.000009 0.000010 0.000012 0.000014 
2675.001472 2677.043957 2679.837832 2684.057009 2688.875295 2675.964615 2671.543832 2672.097504 2672.374551 2672.381989 2672.312168 2671.795706 2670.909736 2671.158923 2671.609187 2669.837199 2666.528563 2665.266178 2665.811815 2666.632675 2669.646459 2677.743722 2685.972893 2688.832436 2686.804905 2681.145599 2675.531359 2671.847392 2668.531580 2667.662862 
0.000540 0.000625 0.000535 0.000339 0.000162 0.000073 0.000045 0.000038 0.000035 0.000031 0.000026 0.000021 0.000018 0.000016 0.000015 0.000014 0.000011 0.000009 0.000007 0.000007 0.000007 0.000007 0.000006 0.000007 0.000008 0.000009 0.000008 0.000007 0.000006 0.000007 
2755.529286 2754.795069 2753.474023 2751.509436 2749.831956 2752.324802 2755.639473 2756.826889 2757.739135 2758.693864 2758.946499 2757.879607 2756.722563 2757.403018 2758.826755 2759.307416 2759.286778 2759.224639 2759.591796 2760.190062 2761.128358 2761.817686 2763.707915 2766.094595 2764.743228 2759.987996 2756.175678 2757.926031 2762.019861 2761.620392 
0.000583 0.000703 0.000613 0.000383 0.000167 0.000063 0.000043 0.000040 0.000037 0.000032 0.000026 0.000020 0.000017 0.000015 0.000015 0.000014 0.000013 0.000011 0.000009 0.000008 0.000007 0.000008 0.000007 0.000007 0.000007 0.000007 0.000007 0.000008 0.000009 0.000011 
2827.863579 2827.053580 2826.208973 2825.044508 2823.126129 2823.386616 2827.638152 2827.510391 2827.470884 2827.691937 2827.379066 2826.545485 2826.412728 2827.360808 2828.885275 2830.184126 2829.187562 2824.944232 2821.734262 2825.690710 2830.818486 2829.487266 2827.761146 2828.599491 2829.323030 2828.900334 2828.338831 2830.159141 2831.290395 2828.453645 
0.000422 0.000462 0.000369 0.000216 0.000100 0.000048 0.000030 0.000026 0.000024 0.000020 0.000017 0.000014 0.000012 0.000010 0.000009 0.000008 0.000008 0.000007 0.000007 0.000006 0.000006 0.000006 0.000005 0.000004 0.000004 0.000006 0.000006 0.000006 0.000006 0.000007 
2931.343667 2931.338411 2931.222654 2930.852067 2929.813861 2928.714488 2928.699814 2929.738646 2930.009503 2929.990665 2930.353209 2931.285293 2931.715844 2931.122508 2930.527936 2930.290526 2930.640895 2931.053095 2930.249096 2929.116023 2929.213740 2929.666260 2930.722611 2933.205397 2934.297132 2933.488237 2934.251807 2935.737494 2935.290106 2933.010639 
0.000522 0.000579 0.000473 0.000287 0.000134 0.000059 0.000035 0.000029 0.000026 0.000023 0.000019 0.000015 0.000013 0.000013 0.000012 0.000011 0.000009 0.000008 0.000008 0.000008 0.000007 0.000006 0.000005 0.000004 0.000004 0.000004 0.000005 0.000005 0.000005 0.000006 
2964.547662 2965.006087 2965.983615 2967.846684 2970.641233 2970.982538 2967.255296 2965.642635 2965.963684 2966.281075 2966.015943 2965.139522 2965.133824 2966.367736 2967.281231 2967.382510 2966.171006 2963.586953 2961.507524 2961.211711 2962.483103 2964.553643 2966.943046 2966.959160 2964.378940 2963.231180 2964.096103 2963.168733 2961.430196 2962.896841 
0.000587 0.000671 0.000557 0.000332 0.000140 0.000057 0.000040 0.000037 0.000034 0.000029 0.000024 0.000019 0.000016 0.000015 0.000015 0.000015 0.000012 0.000010 0.000009 0.000009 0.000008 0.000008 0.000008 0.000007 0.000007 0.000006 0.000006 0.000006 0.000006 0.000008 
3029.912063 3030.000991 3029.773216 3029.071253 3027.725835 3028.589643 3031.761620 3033.696055 3033.991489 3032.951690 3031.516129 3030.787194 3031.095914 3030.199209 3028.494487 3028.286402 3031.090988 3037.318188 3040.193877 3036.313181 3029.184998 3023.054421 3020.845826 3023.218829 3026.358355 3024.667869 3021.741569 3022.620675 3026.442696 3026.428273 
0.000381 0.000462 0.000404 0.000252 0.000107 0.000042 0.000032 0.000030 0.000027 0.000023 0.000019 0.000015 0.000013 0.000011 0.000010 0.000009 0.000007 0.000005 0.000004 0.000005 0.000007 0.000008 0.000008 0.000008 0.000007 0.000006 0.000005 0.000005 0.000006 0.000007 
3109.915576 3108.932938 3108.128557 3107.419783 3106.966967 3108.391030 3109.265306 3109.325217 3109.262537 3108.932834 3108.195322 3107.636145 3108.596142 3110.327723 3110.296864 3108.304625 3106.272292 3106.097180 3110.315136 3113.574343 3112.325971 3109.522240 3107.302051 3107.712388 3109.145223 3109.524627 3109.501645 3110.074477 3107.553420 3103.592619 
0.000265 0.000280 0.000215 0.000118 0.000050 0.000027 0.000021 0.000018 0.000017 0.000015 0.000013 0.000010 0.000008 0.000007 0.000007 0.000006 0.000005 0.000004 0.000003 0.000003 0.000004 0.000004 0.000004 0.000004 0.000004 0.000004 0.000004 0.000004 0.000004 0.000005 
3164.598711 3164.420250 3164.110031 3163.737745 3164.340602 3165.747336 3164.432518 3163.713448 3163.484312 3163.414410 3163.182694 3162.917425 3163.198460 3163.409410 3162.887327 3162.396220 3162.354147 3161.903801 3161.413492 3162.303156 3162.024604 3161.175391 3162.163191 3165.574327 3167.271795 3166.897500 3163.754306 3162.168754 3163.494074 3165.446253 
0.000671 0.000722 0.000550 0.000286 0.000105 0.000048 0.000034 0.000029 0.000027 0.000023 0.000019 0.000016 0.000014 0.000012 0.000011 0.000010 0.000009 0.000007 0.000005 0.000004 0.000005 0.000005 0.000005 0.000005 0.000005 0.000005 0.000005 0.000005 0.000006 0.000008 
3218.763622 3218.637700 3218.448977 3218.188416 3217.264175 3217.739578 3217.073197 3218.247494 3218.815633 3219.448255 3220.456860 3220.510196 3218.711436 3217.147182 3217.369049 3218.484823 3219.155859 3218.916158 3217.170988 3216.868978 3220.465821 3223.043579 3224.307825 3224.131174 3223.322163 3224.479798 3224.128831 3220.875806 3217.834092 3217.976841 
0.000579 0.000614 0.000463 0.000238 0.000080 0.000037 0.000031 0.000029 0.000027 0.000024 0.000019 0.000015 0.000013 0.000013 0.000013 0.000011 0.000009 0.000007 0.000007 0.000006 0.000007 0.000007 0.000007 0.000006 0.000006 0.000007 0.000007 0.000007 0.000008 0.000008 
4098.151443 4097.954863 4097.732240 4097.504598 4097.938884 4098.807064 4098.360102 4098.436640 4098.602400 4098.262180 4097.054326 4095.562035 4095.378525 4096.699072 4097.878467 4098.762166 4099.395228 4100.025471 4101.240127 4100.441090 4097.751806 4097.559926 4099.070802 4103.903878 4109.896513 4110.131215 4105.072069 4100.033620 4099.114247 4100.567208 
