1 6
13 25
28 41
42 62
65 73
78 81
82 90
94 106
119 126
132 136
137 140
141 149
160 164
166 179
188 195
196 211
215 223
225 246
250 259
268 280
287 294
295 305
308 314
317 324
325 332
333 338
339 345
346 351
352 360
369 382
392 404
405 413
421 428
434 453
459 468
469 482
487 502
511 524
529 542
553 568
571 578
586 590
591 595
601 611
625 632
641 655
662 669
680 707
724 734
746 754
759 766
769 773
776 792
795 816
817 826
828 842
843 853
862 874
881 888
892 911
912 919
923 934
936 943
948 963
970 991
1000 1007
1012 1022
1031 1036
1054 1072
1073 1091
1099 1109
1112 1138
1142 1154
1165 1172
1187 1207
1220 1228
1252 1256
1259 1272
1275 1292
1309 1318
1329 1340
1343 1364
1371 1385
1406 1421
1429 1454
1468 1472
1486 1501
1517 1521
1558 1577
1582 1591
1623 1632
1638 1641
1784 1802
1811 1823
1879 1899
1906 1923
1932 1945
1960 1964
1981 1992
2003 2013
2125 2139
2150 2161
2172 2181
