0.063946 8.503747
0.031973 10.082478
0.063946 10.666417
0.063946 7.329933
0.047959 12.212766
0.031973 11.936830
0.063946 18.233543
0.015986 11.609376
0.031973 19.731009
0.031973 20.044229
0.031973 19.522368
0.063946 16.558789
0.063946 17.649233
0.047959 11.376736
0.047959 19.328042
0.047959 17.445666
0.047959 18.613412
0.047959 23.763959
0.047959 23.533226
0.047959 22.437390
0.047959 21.757883
0.047959 23.178633
0.031973 20.149344
0.031973 19.548682
0.031973 21.926832
0.031973 23.284586
0.031973 22.428023
0.031973 20.778178
0.031973 17.460231
0.031973 17.205091
0.047959 15.763745
0.031973 12.693750
0.031973 15.709358
0.031973 16.233262
0.031973 15.180976
0.031973 14.233042
0.031973 17.158533
0.015986 14.967156
0.031973 20.261877
0.031973 19.540758
0.031973 18.321948
0.031973 18.271950
0.031973 16.245174
0.031973 16.840929
0.031973 16.401879
0.031973 17.097682
0.031973 17.694799
0.031973 17.681364
0.031973 16.856454
0.031973 16.382618
0.031973 16.371913
0.031973 16.304227
0.031973 18.282011
0.031973 18.558879
0.031973 19.376175
0.031973 18.540563
0.031973 20.004320
0.031973 19.091012
0.031973 16.447563
0.031973 16.140151
0.031973 15.876367
0.031973 16.236653
0.031973 17.310109
0.031973 17.318656
0.031973 18.533067
0.031973 16.653668
0.031973 18.089976
0.031973 17.689960
0.031973 16.862899
0.031973 17.563258
0.031973 17.204945
0.031973 17.379886
