0.079932 14.513446
0.063946 6.107986
0.031973 10.662145
0.063946 10.585846
0.047959 7.520311
0.095918 9.648523
0.047959 12.378592
0.047959 18.681287
0.031973 21.221054
0.031973 19.242770
0.047959 16.227020
0.063946 16.183560
0.079932 20.289301
0.047959 18.118312
0.047959 18.547269
0.047959 16.890878
0.031973 19.708621
0.031973 23.936401
0.047959 25.604205
0.031973 17.821312
0.031973 18.237323
0.047959 19.733511
0.047959 20.652480
0.047959 17.631417
0.031973 16.141775
0.047959 19.290923
0.047959 16.919236
0.047959 19.170861
0.047959 19.919134
0.031973 20.576007
0.031973 17.764922
0.031973 18.797183
0.031973 17.704568
0.031973 16.756651
0.031973 14.164635
0.047959 18.036760
0.031973 18.755918
0.031973 19.667723
0.031973 15.057785
0.047959 11.922920
0.031973 14.971649
0.031973 14.396460
0.031973 17.881105
0.031973 18.615404
0.015986 15.684190
0.031973 17.284274
0.047959 17.486891
0.031973 16.134472
0.031973 13.476934
0.031973 17.683737
0.031973 16.298523
0.015986 15.158365
0.031973 17.770067
0.031973 15.941357
0.031973 18.223802
0.031973 18.568590
0.015986 15.950056
0.015986 14.644755
0.031973 15.224457
0.031973 17.975349
0.031973 15.726952
0.031973 16.013563
0.031973 15.132524
0.015986 15.595906
0.015986 15.663679
0.031973 16.887443
0.031973 16.735975
0.031973 15.806793
0.031973 17.060491
0.031973 17.274294
0.031973 16.519545
0.031973 15.574412
0.031973 15.684999
0.031973 17.503579
0.031973 16.625411
0.031973 14.808311
0.031973 15.438384
0.031973 16.736484
0.015986 14.295340
0.015986 14.748652
0.015986 15.889720
0.031973 17.148958
