2 8
15 21
25 29
34 37
40 43
46 62
65 72
73 77
78 89
90 93
96 103
109 112
116 119
125 130
131 136
137 145
148 159
160 163
164 174
179 183
184 188
196 209
212 224
230 245
247 259
268 279
284 305
317 334
335 349
353 366
370 383
393 403
407 411
413 421
422 428
435 447
448 467
468 471
477 483
484 511
534 545
553 561
569 575
577 590
596 610
614 626
635 644
645 663
666 684
685 703
707 716
737 744
751 771
775 785
800 815
822 840
852 868
872 891
893 912
925 937
999 1018
1023 1031
1069 1080
1090 1106
1107 1130
1150 1177
1194 1214
1224 1241
1250 1264
1274 1285
1292 1302
1337 1356
1378 1389
1396 1412
1423 1433
1856 1865
