1 6
10 20
21 25
30 39
43 62
65 74
79 82
83 90
91 105
106 113
115 126
134 143
148 152
162 177
178 184
185 195
196 210
211 224
229 245
251 258
261 269
271 276
277 287
290 297
298 307
320 332
334 351
352 357
358 365
366 379
386 403
404 412
419 426
427 436
437 448
457 470
472 484
491 508
509 531
533 536
546 552
559 568
571 590
591 615
616 624
625 633
634 643
644 653
654 663
667 674
682 699
704 717
728 737
747 759
770 784
787 801
807 826
844 859
869 893
911 934
948 958
960 969
977 1011
1017 1033
1041 1062
1085 1094
1097 1109
1118 1137
1149 1163
1174 1179
1190 1204
1513 1534
