31.000000 103.000000 0.015986
0.000186 0.001680 0.001356 0.001095 0.000883 0.000487 0.000509 0.000679 0.000302 0.000532 0.000228 0.000216 0.000325 0.000115 0.000168 0.000160 0.000081 0.000111 0.000049 0.000029 0.000057 0.000062 0.000046 0.000039 0.000035 0.000018 0.000022 0.000036 0.000031 0.000026 0.000025 
10.780887 5.382219 6.008408 11.105284 4.821520 9.661029 6.716702 4.819378 10.965332 4.161884 10.179654 8.868712 3.865753 11.138807 5.953281 5.334052 10.116308 4.493845 3.862950 11.757504 5.693250 4.845455 7.449647 5.600226 3.649798 8.496267 4.500295 3.590579 5.046464 6.249969 5.405111 
0.000482 0.001569 0.001414 0.001275 0.001194 0.001041 0.000937 0.000889 0.000859 0.000753 0.000605 0.000455 0.000372 0.000315 0.000269 0.000240 0.000240 0.000251 0.000242 0.000211 0.000170 0.000127 0.000107 0.000117 0.000151 0.000182 0.000193 0.000185 0.000164 0.000142 0.000122 
49.623509 49.976546 49.794032 50.209847 49.926687 49.952597 50.051455 49.698941 50.192812 50.607557 51.107074 51.015070 50.904217 50.382528 49.635029 49.005420 48.687180 49.372769 50.158642 51.005099 51.747174 51.293381 48.782899 47.392192 47.780665 48.823535 49.560207 50.521074 52.592552 56.304332 58.611051 
0.003288 0.003874 0.003495 0.002731 0.002193 0.001867 0.001648 0.001538 0.001455 0.001287 0.001012 0.000737 0.000592 0.000549 0.000508 0.000441 0.000365 0.000282 0.000216 0.000205 0.000219 0.000225 0.000220 0.000215 0.000208 0.000186 0.000158 0.000148 0.000160 0.000204 0.000270 
102.201779 101.213636 99.286547 96.140078 93.972244 93.933235 94.438767 94.574523 94.156264 93.723528 93.415246 93.417480 93.971121 94.314277 94.277085 94.147139 94.050959 93.951094 94.604691 95.661330 95.531088 94.903450 94.099885 94.238375 96.296729 98.067995 97.110143 95.832297 96.890752 98.672304 99.003641 
0.095675 0.379288 0.321655 0.272779 0.257991 0.224945 0.199413 0.184378 0.169210 0.142711 0.110315 0.085185 0.070453 0.063623 0.057226 0.047162 0.035183 0.024947 0.019523 0.017808 0.018056 0.017501 0.015485 0.012467 0.009408 0.007666 0.007092 0.007239 0.007088 0.006242 0.004878 
143.503322 143.838471 144.069707 144.027421 143.626829 143.308071 143.625417 144.484861 145.333869 145.518610 145.023245 144.597355 144.835647 145.935976 146.986964 147.442081 147.271676 146.487281 146.228186 146.834746 148.001614 148.543907 148.475598 147.799663 146.506335 145.858998 146.192065 147.242468 147.819245 147.743289 147.160976 
0.009874 0.040381 0.035843 0.031814 0.028239 0.022713 0.017571 0.015509 0.015552 0.015452 0.015412 0.015399 0.013502 0.010826 0.008678 0.007029 0.005400 0.004513 0.004264 0.004192 0.004121 0.004076 0.003792 0.003180 0.002633 0.002198 0.001802 0.001483 0.001296 0.001225 0.001113 
181.393733 181.590981 181.728459 182.905996 184.058153 183.901067 182.602613 181.994479 182.173419 182.515631 182.986276 183.729881 183.117633 181.977740 181.757537 182.037051 181.220401 180.638728 181.126695 181.662540 182.026486 182.697247 182.956918 182.261592 181.837676 181.585431 181.161087 180.740821 181.164089 181.939580 181.829243 
0.002687 0.011070 0.008527 0.007027 0.002761 0.000543 0.000940 0.001094 0.001381 0.000911 0.000676 0.000702 0.000834 0.000583 0.000263 0.000150 0.000080 0.000131 0.000144 0.000138 0.000142 0.000137 0.000083 0.000045 0.000049 0.000062 0.000033 0.000026 0.000030 0.000111 0.000184 
213.067020 212.058761 211.523755 210.745013 208.045786 212.640381 213.226541 210.891466 208.952622 207.758224 208.511362 207.857323 208.761528 208.179440 208.943433 213.470559 212.640381 209.537956 208.317557 207.850176 208.083592 208.812398 208.847303 211.466293 209.339894 209.424280 211.490969 213.089931 212.686139 208.988646 209.899101 
0.009871 0.032779 0.026920 0.022108 0.020884 0.017695 0.013528 0.010912 0.009660 0.008550 0.006505 0.004650 0.003414 0.002587 0.001859 0.001501 0.001347 0.001192 0.000947 0.000731 0.000565 0.000425 0.000287 0.000192 0.000149 0.000130 0.000143 0.000152 0.000138 0.000134 0.000173 
227.797213 226.765806 226.274218 226.851294 228.119952 228.660129 227.854131 227.824532 229.379976 230.497175 229.761733 228.522644 228.338783 229.069968 228.117168 227.989707 229.275734 229.893807 229.337954 229.080081 229.400474 230.022139 229.249892 227.236889 227.133942 228.660429 231.079048 231.634435 230.866801 228.500349 225.762056 
0.022181 0.065966 0.048846 0.048142 0.036374 0.020913 0.011930 0.008976 0.008458 0.007455 0.005740 0.003673 0.002199 0.001418 0.000899 0.000491 0.000388 0.000399 0.000353 0.000268 0.000201 0.000170 0.000143 0.000103 0.000072 0.000059 0.000051 0.000042 0.000041 0.000060 0.000108 
271.087048 270.149176 269.031491 267.886749 266.805421 266.197829 267.427464 268.157910 268.581514 267.766753 266.567836 266.406293 264.868942 260.925314 259.390945 262.568579 267.115849 267.725240 266.244517 264.408612 263.496252 262.635185 260.210861 258.770405 258.611622 260.484830 262.120967 262.775675 263.330798 263.821162 263.248255 
0.004853 0.010842 0.008190 0.007289 0.005254 0.003082 0.001481 0.000643 0.000396 0.000329 0.000275 0.000215 0.000166 0.000138 0.000117 0.000102 0.000097 0.000092 0.000076 0.000056 0.000046 0.000046 0.000046 0.000042 0.000035 0.000025 0.000019 0.000021 0.000027 0.000046 0.000076 
324.780034 323.698770 322.625610 321.678513 321.254136 321.336709 322.058178 323.709159 326.455860 327.354529 327.071497 327.827927 329.034686 328.698921 327.986206 327.147837 325.087382 323.648096 323.024116 322.874887 323.319554 324.155760 324.983631 325.554109 325.680473 325.208828 326.238996 328.658936 329.071974 327.410093 326.664552 
0.000980 0.000963 0.000676 0.000449 0.000409 0.000385 0.000324 0.000258 0.000229 0.000195 0.000154 0.000125 0.000109 0.000101 0.000097 0.000092 0.000080 0.000064 0.000054 0.000054 0.000061 0.000066 0.000066 0.000062 0.000060 0.000060 0.000061 0.000061 0.000066 0.000077 0.000088 
357.554644 357.238803 356.674523 356.820001 357.931988 358.030351 357.742663 357.910980 358.013119 358.133806 358.353835 358.312448 358.108954 357.935580 357.945115 358.152366 358.644187 359.678213 360.860949 360.470252 359.396224 359.152204 359.618352 360.393392 360.676590 360.353286 359.849107 359.585888 358.994031 357.829900 357.177543 
0.001129 0.001207 0.000908 0.000514 0.000353 0.000302 0.000278 0.000220 0.000184 0.000158 0.000130 0.000106 0.000083 0.000071 0.000066 0.000058 0.000044 0.000031 0.000029 0.000027 0.000022 0.000024 0.000029 0.000030 0.000028 0.000024 0.000017 0.000012 0.000013 0.000009 0.000014 
371.086799 371.504975 371.915201 371.191981 369.063534 369.224142 370.683452 370.899548 370.423432 370.178928 370.333612 370.712635 371.191377 371.559120 371.226475 370.691207 370.219856 369.484092 369.166384 369.477381 370.063814 369.849493 368.879061 368.062725 367.719873 367.947218 368.327646 368.583007 369.976283 373.057260 371.118778 
0.003370 0.006494 0.004826 0.004527 0.003906 0.002936 0.001878 0.001083 0.000618 0.000375 0.000236 0.000149 0.000111 0.000097 0.000085 0.000072 0.000056 0.000042 0.000035 0.000033 0.000031 0.000029 0.000025 0.000021 0.000017 0.000014 0.000013 0.000013 0.000019 0.000034 0.000054 
388.343218 387.418852 387.112092 387.838569 389.032472 389.235419 388.098200 386.950972 386.988943 387.666707 388.193651 388.133690 387.795840 387.459253 387.334714 387.270423 386.974952 386.259350 385.634449 385.719155 386.322669 387.186616 387.798833 387.723499 387.303360 386.594954 385.849601 386.391928 387.838072 388.400906 388.434828 
0.003537 0.003877 0.003488 0.003008 0.002524 0.001435 0.000635 0.000470 0.000445 0.000385 0.000325 0.000289 0.000260 0.000223 0.000176 0.000130 0.000096 0.000074 0.000059 0.000046 0.000034 0.000026 0.000020 0.000015 0.000013 0.000012 0.000012 0.000012 0.000015 0.000029 0.000045 
434.711737 436.270906 437.656356 437.590913 435.810056 436.005836 435.443857 433.213647 431.374586 432.584822 433.604306 433.706480 433.973290 434.898279 435.945750 436.609774 436.665225 436.200037 435.626638 435.578987 435.676921 434.963966 433.406739 432.034462 431.568834 431.737670 432.361852 432.902514 433.249204 433.348549 433.286024 
0.007220 0.015767 0.011188 0.009761 0.007184 0.004625 0.002602 0.001332 0.000704 0.000466 0.000356 0.000249 0.000195 0.000188 0.000169 0.000128 0.000082 0.000046 0.000034 0.000035 0.000044 0.000046 0.000044 0.000039 0.000034 0.000028 0.000022 0.000020 0.000021 0.000029 0.000047 
455.224771 454.100212 452.702537 451.626730 451.741810 453.598810 455.934193 456.645924 456.758111 458.126209 458.165118 460.132814 459.915552 456.683958 455.014021 455.463409 458.131138 463.350373 462.330267 459.914575 457.822863 458.540097 460.232765 462.237736 464.211602 465.429212 464.605504 461.696998 460.739014 461.006452 460.959131 
0.001423 0.001663 0.001513 0.001194 0.000862 0.000547 0.000301 0.000199 0.000177 0.000154 0.000126 0.000106 0.000094 0.000081 0.000065 0.000050 0.000036 0.000026 0.000021 0.000019 0.000019 0.000019 0.000018 0.000018 0.000017 0.000016 0.000013 0.000010 0.000010 0.000017 0.000031 
516.895888 516.380692 514.774740 512.932740 512.918165 514.610667 514.761162 513.189388 513.106140 513.283148 513.614656 513.826587 513.733730 513.327031 512.771438 512.337358 512.245950 512.557257 512.797610 512.317678 511.615547 511.109032 511.248445 512.698012 514.442865 514.844758 514.203907 513.812216 512.641331 509.912651 510.701351 
0.009578 0.019019 0.013188 0.010245 0.006061 0.002937 0.001400 0.000716 0.000372 0.000242 0.000178 0.000134 0.000108 0.000094 0.000081 0.000067 0.000052 0.000038 0.000030 0.000029 0.000028 0.000027 0.000025 0.000022 0.000021 0.000019 0.000016 0.000014 0.000015 0.000027 0.000045 
550.323617 550.875708 551.563398 552.229097 552.798187 552.931100 553.344921 553.745601 552.612272 548.929479 547.546133 546.827623 544.769403 543.665510 543.947743 544.143849 543.931809 544.187416 544.785130 544.518421 544.225083 544.336167 544.288117 543.427891 542.523307 543.091328 544.896566 545.438409 544.171096 541.897902 542.417240 
0.004572 0.008965 0.006335 0.006057 0.004602 0.002708 0.001405 0.000766 0.000434 0.000227 0.000120 0.000077 0.000068 0.000074 0.000070 0.000055 0.000035 0.000024 0.000022 0.000024 0.000029 0.000033 0.000033 0.000029 0.000025 0.000023 0.000023 0.000022 0.000019 0.000019 0.000024 
589.815263 589.740674 589.150191 588.390029 588.435768 589.372077 590.160033 590.569449 590.578199 590.419405 588.079885 585.660162 586.304605 588.012150 588.787151 588.646117 586.853817 584.603996 586.121355 589.350262 591.909116 593.368368 594.092708 594.362794 594.512175 594.561491 594.614894 594.558788 593.106400 587.385292 584.211671 
0.022067 0.045005 0.031661 0.024749 0.014384 0.006119 0.002216 0.000902 0.000457 0.000295 0.000229 0.000220 0.000194 0.000160 0.000146 0.000146 0.000139 0.000114 0.000083 0.000063 0.000055 0.000059 0.000064 0.000062 0.000054 0.000041 0.000029 0.000028 0.000032 0.000045 0.000064 
632.724613 633.238291 633.343248 633.191934 632.952721 632.812989 631.696955 630.892634 631.928890 631.535889 633.423428 635.062323 634.810524 634.209296 634.570961 634.932064 634.533812 634.346074 634.518690 633.959738 631.255199 629.688365 629.229817 627.670075 624.214363 619.608383 614.710804 613.235117 612.825182 617.313205 622.806882 
0.001986 0.005275 0.003955 0.003787 0.002831 0.001671 0.000812 0.000404 0.000258 0.000165 0.000100 0.000072 0.000063 0.000058 0.000055 0.000052 0.000047 0.000039 0.000031 0.000022 0.000018 0.000018 0.000018 0.000017 0.000015 0.000013 0.000012 0.000013 0.000014 0.000019 0.000031 
685.372270 683.450909 680.991892 679.447157 679.084154 679.565333 679.738290 680.128301 681.966562 681.658671 681.448429 681.846466 681.928986 681.286944 680.846458 681.246877 682.319763 683.250871 682.765541 680.776173 679.215929 678.923155 679.029972 678.929146 678.118257 677.151559 677.232508 677.474265 678.120019 680.236897 681.944626 
0.005964 0.012481 0.009106 0.007924 0.005843 0.003686 0.001779 0.000690 0.000363 0.000247 0.000209 0.000198 0.000193 0.000174 0.000138 0.000100 0.000073 0.000059 0.000051 0.000040 0.000035 0.000035 0.000036 0.000032 0.000028 0.000028 0.000031 0.000033 0.000031 0.000028 0.000030 
732.227838 730.537999 730.123909 731.497041 735.163606 738.018677 738.057054 734.974411 734.738964 736.275691 734.736585 733.780149 732.410020 731.611071 732.257526 733.495510 732.659983 729.553773 727.420405 727.187869 728.944459 729.945828 729.200357 727.793365 725.907160 724.549577 724.069661 723.804298 724.502721 729.129771 736.317786 
0.004110 0.005056 0.004834 0.003684 0.002364 0.001344 0.000868 0.000545 0.000279 0.000148 0.000100 0.000068 0.000052 0.000047 0.000046 0.000043 0.000038 0.000030 0.000022 0.000017 0.000015 0.000014 0.000015 0.000016 0.000017 0.000017 0.000015 0.000014 0.000014 0.000017 0.000025 
784.088402 784.794547 784.333321 782.054918 779.416721 780.522086 783.142275 783.931078 783.790870 782.014711 779.193989 778.320787 779.264077 780.435880 780.357041 779.487382 779.030068 779.438751 780.729355 781.610785 781.020383 780.399816 780.543225 780.629586 780.299392 780.502521 781.523076 781.797994 781.549636 782.545798 781.907567 
0.009614 0.011946 0.010762 0.007097 0.003757 0.001884 0.001003 0.000482 0.000220 0.000129 0.000092 0.000067 0.000052 0.000045 0.000041 0.000035 0.000029 0.000024 0.000020 0.000017 0.000015 0.000014 0.000014 0.000013 0.000011 0.000009 0.000010 0.000011 0.000012 0.000019 0.000031 
804.882704 804.155369 803.146505 801.782311 801.184044 800.706540 799.468931 799.057681 805.019507 809.838857 808.121159 806.671276 805.387439 804.821725 804.776167 804.699398 804.687543 804.289121 802.676307 801.573164 801.699831 801.394298 800.582925 799.748468 799.012340 798.239863 797.503673 797.980922 800.602533 804.717724 805.371876 
0.005735 0.007197 0.006670 0.004616 0.002382 0.000939 0.000386 0.000206 0.000146 0.000101 0.000082 0.000068 0.000052 0.000041 0.000036 0.000032 0.000029 0.000028 0.000026 0.000025 0.000026 0.000028 0.000030 0.000031 0.000030 0.000028 0.000027 0.000026 0.000027 0.000029 0.000031 
832.626577 832.508499 832.347877 832.141509 832.041139 833.222453 834.818170 835.422362 833.296718 833.214707 835.127197 836.291105 836.383269 835.871003 835.314935 835.085688 835.495652 836.616505 837.961339 839.056765 839.603476 839.610507 839.409194 839.499642 839.867749 840.197638 840.108547 839.593583 838.470035 835.819934 833.302824 
0.001855 0.002333 0.002084 0.001295 0.000575 0.000285 0.000185 0.000125 0.000097 0.000080 0.000063 0.000049 0.000042 0.000038 0.000033 0.000028 0.000022 0.000017 0.000015 0.000014 0.000013 0.000013 0.000013 0.000012 0.000009 0.000009 0.000010 0.000011 0.000011 0.000013 0.000018 
855.868777 856.953484 858.124966 859.643209 861.034701 861.475659 861.693331 861.277357 859.852044 859.642137 859.630752 859.412833 859.119295 859.338686 859.743683 859.865571 859.451807 858.315622 857.153190 856.972681 857.306807 857.218250 856.864881 856.945478 857.295343 856.065061 854.948774 855.135937 855.685806 857.540457 860.029497 
0.001020 0.002095 0.001565 0.001189 0.000677 0.000373 0.000231 0.000146 0.000099 0.000078 0.000061 0.000048 0.000040 0.000036 0.000032 0.000027 0.000020 0.000015 0.000012 0.000012 0.000012 0.000011 0.000010 0.000008 0.000007 0.000007 0.000007 0.000007 0.000007 0.000010 0.000016 
883.144680 881.878955 881.234966 881.015461 881.190414 880.866573 879.948988 879.223902 880.485553 881.546831 881.719619 881.881484 882.146687 882.203107 882.396263 882.756073 882.827563 882.412223 881.879433 881.571522 881.800659 882.613891 883.476311 883.725349 882.389542 880.163479 880.935925 883.100735 883.940565 882.464170 881.148599 
0.000736 0.000846 0.000760 0.000543 0.000337 0.000219 0.000137 0.000094 0.000076 0.000064 0.000051 0.000042 0.000037 0.000033 0.000029 0.000024 0.000019 0.000014 0.000011 0.000009 0.000009 0.000011 0.000013 0.000013 0.000012 0.000010 0.000009 0.000009 0.000010 0.000012 0.000016 
898.272642 897.522347 897.447483 898.928592 902.359693 903.474279 901.820028 900.538329 900.513009 900.653879 900.875455 900.962914 900.829085 900.627728 900.578612 900.835258 901.301950 901.668909 901.686025 901.599449 901.622622 901.458352 901.204841 901.259220 901.683012 901.705123 900.512405 900.253605 902.561062 903.978364 903.222277 
0.000420 0.000393 0.000391 0.000413 0.000382 0.000261 0.000132 0.000093 0.000082 0.000069 0.000054 0.000043 0.000036 0.000031 0.000028 0.000024 0.000019 0.000015 0.000012 0.000012 0.000013 0.000013 0.000012 0.000011 0.000010 0.000011 0.000011 0.000010 0.000010 0.000015 0.000023 
916.853403 917.845812 919.173576 919.717436 918.462353 917.110368 915.768945 917.534978 918.305694 918.369309 918.520830 918.378781 917.673243 917.274680 917.408392 917.239419 916.634983 915.938014 915.266277 915.196341 915.552770 915.627753 915.205958 914.526353 914.816549 915.571101 915.498984 914.971725 914.916748 915.910783 916.674635 
0.000344 0.001232 0.000945 0.000724 0.000707 0.000506 0.000258 0.000116 0.000078 0.000065 0.000055 0.000046 0.000038 0.000032 0.000027 0.000022 0.000017 0.000012 0.000010 0.000011 0.000011 0.000010 0.000008 0.000007 0.000005 0.000004 0.000004 0.000004 0.000005 0.000009 0.000017 
935.868294 937.228315 938.251994 938.056398 937.817225 937.811370 938.083681 937.572377 935.564652 934.346343 933.908957 934.212739 934.756322 934.821924 934.446556 934.210997 934.237354 934.373697 934.797111 935.330023 935.551117 935.521717 935.293844 934.909519 934.660412 934.811178 935.604596 936.690793 939.482869 939.079579 936.966204 
0.002081 0.003713 0.002740 0.002195 0.001400 0.000768 0.000341 0.000157 0.000097 0.000078 0.000062 0.000050 0.000043 0.000039 0.000036 0.000031 0.000026 0.000021 0.000020 0.000020 0.000020 0.000019 0.000019 0.000019 0.000018 0.000018 0.000019 0.000020 0.000021 0.000024 0.000031 
961.833102 961.455768 960.140860 957.426907 953.510822 951.506893 952.337111 958.329548 957.194594 955.703183 955.571063 955.754320 956.337098 956.776310 956.930289 957.052240 957.346958 958.351219 959.173009 958.803137 958.775895 959.452102 959.883766 960.235696 960.649185 960.286099 959.304016 958.903595 958.947907 958.169527 956.409539 
0.014491 0.017895 0.016496 0.011710 0.006642 0.003054 0.001125 0.000369 0.000169 0.000105 0.000071 0.000052 0.000044 0.000042 0.000039 0.000032 0.000024 0.000017 0.000014 0.000014 0.000014 0.000012 0.000011 0.000010 0.000009 0.000009 0.000008 0.000008 0.000008 0.000013 0.000023 
1011.942711 1011.596175 1011.152121 1010.776034 1010.976177 1012.212815 1013.510362 1010.141939 1004.491779 1004.856113 1007.213643 1008.567419 1008.670343 1008.635675 1008.908773 1009.114087 1008.994557 1008.764412 1009.129278 1009.629734 1009.479392 1008.634675 1008.258362 1010.167219 1012.682129 1012.900142 1010.596201 1009.799631 1010.243564 1010.676212 1009.682626 
0.016134 0.019469 0.017229 0.011144 0.005078 0.001644 0.000440 0.000171 0.000118 0.000094 0.000072 0.000055 0.000046 0.000043 0.000040 0.000035 0.000029 0.000024 0.000023 0.000024 0.000024 0.000024 0.000023 0.000024 0.000025 0.000025 0.000025 0.000026 0.000027 0.000028 0.000032 
1063.802098 1063.437467 1063.369317 1063.936897 1065.943815 1069.868723 1070.407805 1069.256532 1068.135201 1068.477548 1069.142078 1070.414125 1071.290230 1071.692058 1072.310521 1073.168619 1074.443355 1076.291605 1077.737808 1078.225407 1078.320636 1078.346986 1078.598292 1079.170019 1079.704629 1079.906775 1079.654142 1079.393261 1079.777702 1079.834432 1077.869060 
0.004653 0.004669 0.003297 0.001781 0.000976 0.000612 0.000329 0.000166 0.000099 0.000071 0.000054 0.000039 0.000031 0.000029 0.000028 0.000024 0.000019 0.000015 0.000014 0.000014 0.000013 0.000012 0.000011 0.000012 0.000013 0.000012 0.000009 0.000007 0.000008 0.000014 0.000021 
1096.767658 1097.749589 1099.237719 1098.696356 1097.045821 1096.301993 1100.693721 1100.347991 1098.789326 1098.526760 1097.134975 1097.099991 1098.051883 1097.637719 1096.728094 1096.826655 1097.989405 1098.013007 1095.598723 1093.925887 1094.042981 1095.512535 1096.663923 1095.421608 1093.494777 1092.482029 1093.019032 1096.652317 1097.737212 1095.284847 1095.151128 
0.001110 0.004761 0.003385 0.002407 0.001977 0.001187 0.000510 0.000179 0.000082 0.000059 0.000045 0.000034 0.000029 0.000026 0.000023 0.000020 0.000015 0.000012 0.000010 0.000010 0.000011 0.000010 0.000009 0.000007 0.000006 0.000006 0.000007 0.000007 0.000006 0.000009 0.000015 
1138.652465 1140.626706 1141.449559 1141.089662 1140.619195 1140.213547 1139.800896 1139.570684 1140.508400 1140.693222 1140.578635 1140.571594 1140.683006 1140.848168 1141.032781 1141.352422 1141.886221 1142.417439 1142.208225 1141.340429 1140.840774 1141.275499 1142.160273 1142.425314 1141.693431 1141.317215 1142.083907 1143.614877 1142.800588 1139.068167 1138.687703 
0.004532 0.005425 0.005376 0.004533 0.003260 0.001870 0.000900 0.000420 0.000200 0.000109 0.000071 0.000053 0.000045 0.000042 0.000040 0.000036 0.000031 0.000026 0.000022 0.000019 0.000019 0.000019 0.000018 0.000018 0.000018 0.000017 0.000017 0.000017 0.000017 0.000020 0.000025 
1192.105534 1191.492058 1191.363355 1191.601764 1192.023733 1192.030182 1191.471097 1191.277922 1192.243725 1192.774260 1191.352183 1190.799998 1190.821737 1191.028892 1191.595317 1193.360883 1196.147517 1198.149476 1197.986824 1196.665217 1196.177725 1197.264541 1198.749520 1198.800041 1198.036291 1198.310794 1199.938397 1200.670133 1200.001081 1197.768388 1195.906971 
0.002103 0.002454 0.002257 0.001867 0.001504 0.001172 0.000812 0.000478 0.000235 0.000106 0.000057 0.000037 0.000030 0.000028 0.000026 0.000022 0.000016 0.000012 0.000010 0.000009 0.000010 0.000011 0.000010 0.000009 0.000009 0.000009 0.000008 0.000006 0.000007 0.000010 0.000018 
1240.684832 1241.099061 1242.357893 1243.558460 1244.084439 1244.383879 1245.648803 1246.554099 1245.974402 1245.208760 1245.871976 1245.531078 1245.751321 1246.598230 1246.932753 1246.451184 1245.179120 1244.009175 1243.718605 1244.602101 1246.478497 1247.037310 1245.943356 1245.747885 1248.232708 1249.754051 1249.698353 1249.395912 1250.473687 1248.601740 1246.740868 
0.001280 0.001476 0.001251 0.000775 0.000426 0.000323 0.000294 0.000203 0.000111 0.000072 0.000056 0.000043 0.000036 0.000033 0.000030 0.000026 0.000021 0.000016 0.000013 0.000013 0.000013 0.000013 0.000014 0.000015 0.000015 0.000013 0.000012 0.000012 0.000014 0.000018 0.000026 
1281.883609 1283.368815 1283.688785 1282.332314 1277.996627 1273.275757 1270.603478 1269.355594 1272.168989 1276.749309 1277.062806 1277.038955 1276.796963 1276.161939 1275.654116 1275.564022 1275.760081 1275.496932 1274.672899 1274.101217 1273.179310 1271.730295 1270.038518 1268.393145 1267.187606 1266.778888 1267.239139 1267.834676 1267.873695 1270.061655 1272.869842 
0.003202 0.003759 0.003264 0.002175 0.001196 0.000582 0.000288 0.000171 0.000109 0.000073 0.000055 0.000043 0.000038 0.000036 0.000034 0.000030 0.000025 0.000023 0.000022 0.000022 0.000022 0.000022 0.000019 0.000017 0.000017 0.000018 0.000019 0.000021 0.000022 0.000022 0.000020 
1328.749863 1327.982193 1327.188183 1326.711840 1326.877471 1327.692252 1327.136212 1327.607077 1326.664755 1327.752551 1328.481165 1328.405103 1327.889417 1327.268657 1326.829228 1326.348183 1325.558702 1324.628811 1324.027602 1323.597924 1323.075239 1322.861015 1323.282391 1323.313087 1322.550591 1322.210888 1322.468236 1322.618436 1322.371818 1322.107262 1323.668817 
0.001058 0.001181 0.001172 0.001054 0.000801 0.000470 0.000232 0.000129 0.000091 0.000070 0.000054 0.000041 0.000033 0.000030 0.000027 0.000024 0.000019 0.000015 0.000013 0.000013 0.000015 0.000015 0.000014 0.000012 0.000010 0.000010 0.000010 0.000010 0.000010 0.000015 0.000022 
1389.323279 1388.466347 1388.002519 1388.435811 1391.704911 1396.631428 1399.150741 1395.870178 1393.369620 1392.112709 1391.301441 1390.789444 1390.784721 1390.906765 1390.488499 1389.662259 1388.642495 1387.827485 1387.181187 1385.657828 1384.443025 1384.081916 1384.258516 1385.448704 1388.037544 1388.875289 1386.574387 1384.351846 1385.312864 1387.579429 1389.372788 
0.001065 0.001843 0.001404 0.001162 0.000730 0.000358 0.000186 0.000134 0.000092 0.000067 0.000050 0.000039 0.000033 0.000029 0.000027 0.000024 0.000020 0.000018 0.000018 0.000019 0.000018 0.000016 0.000015 0.000014 0.000014 0.000014 0.000014 0.000014 0.000016 0.000018 0.000022 
1439.181664 1439.240776 1439.227153 1439.071972 1439.237228 1441.842834 1445.764976 1446.370382 1443.705477 1440.695699 1439.675617 1439.746048 1440.148299 1440.293876 1440.300163 1440.256496 1440.021268 1440.266664 1441.157908 1441.158923 1440.469895 1440.478510 1442.105872 1443.638987 1443.533561 1442.987880 1442.529661 1441.452798 1439.611052 1436.600180 1434.447369 
0.001204 0.002517 0.001852 0.001712 0.001248 0.000684 0.000291 0.000144 0.000100 0.000071 0.000051 0.000039 0.000032 0.000030 0.000027 0.000022 0.000017 0.000014 0.000013 0.000014 0.000015 0.000016 0.000015 0.000014 0.000013 0.000013 0.000012 0.000011 0.000011 0.000013 0.000018 
1513.712301 1509.745455 1506.796083 1505.482078 1505.030262 1504.964157 1505.670890 1509.211186 1510.048687 1508.436271 1507.190644 1506.985938 1507.217949 1507.273799 1507.121274 1507.156075 1507.685883 1507.917819 1506.883812 1505.576318 1504.734712 1504.709109 1505.606734 1506.954892 1507.795266 1507.796897 1507.553931 1508.279337 1509.284620 1510.453428 1510.563332 
0.001911 0.002035 0.001607 0.001107 0.000710 0.000459 0.000227 0.000092 0.000051 0.000042 0.000033 0.000025 0.000022 0.000020 0.000018 0.000015 0.000011 0.000008 0.000006 0.000005 0.000006 0.000007 0.000007 0.000005 0.000003 0.000004 0.000004 0.000004 0.000004 0.000007 0.000013 
1544.415770 1543.377371 1541.322445 1540.353082 1541.110453 1544.689585 1546.577553 1546.780244 1544.192309 1543.719256 1544.186678 1544.295599 1544.279068 1544.237682 1544.349710 1544.590010 1544.647532 1544.513950 1544.636538 1543.841143 1543.062666 1544.127575 1544.627576 1543.827177 1543.403939 1545.902023 1545.153848 1543.439234 1543.187196 1545.898372 1545.632304 
0.001401 0.001633 0.001623 0.001385 0.000924 0.000427 0.000113 0.000039 0.000040 0.000034 0.000027 0.000021 0.000018 0.000016 0.000015 0.000013 0.000010 0.000007 0.000005 0.000006 0.000007 0.000007 0.000006 0.000005 0.000004 0.000005 0.000005 0.000004 0.000005 0.000006 0.000009 
1577.486978 1576.831511 1576.986907 1578.084541 1579.273840 1580.453827 1582.901066 1582.478158 1580.010539 1579.925220 1579.800531 1579.615693 1579.557863 1579.558868 1579.572015 1579.673340 1579.677730 1579.559718 1579.515290 1579.075535 1578.801474 1578.554467 1577.892906 1576.706856 1576.635030 1577.367751 1577.015137 1576.494945 1576.807738 1578.468952 1579.852693 
0.000956 0.000941 0.000832 0.000734 0.000562 0.000347 0.000172 0.000064 0.000038 0.000032 0.000025 0.000018 0.000015 0.000014 0.000013 0.000012 0.000009 0.000007 0.000005 0.000004 0.000005 0.000005 0.000005 0.000004 0.000003 0.000003 0.000004 0.000004 0.000005 0.000007 0.000011 
1595.697165 1596.493001 1595.784215 1593.050741 1591.369066 1591.506378 1592.585585 1592.670448 1592.728128 1593.537544 1593.594834 1593.563677 1593.636404 1593.707893 1593.647784 1593.476152 1593.453528 1593.866564 1594.588342 1594.581183 1594.132804 1594.089811 1594.072418 1593.401618 1591.885194 1591.840347 1593.966573 1596.105625 1596.624559 1595.762479 1594.288563 
0.004326 0.004855 0.003987 0.002376 0.001040 0.000390 0.000159 0.000075 0.000057 0.000046 0.000035 0.000027 0.000023 0.000022 0.000021 0.000018 0.000015 0.000012 0.000010 0.000009 0.000010 0.000010 0.000009 0.000009 0.000009 0.000010 0.000010 0.000009 0.000009 0.000010 0.000013 
1630.873813 1631.565927 1632.428554 1633.440511 1633.079068 1630.817275 1629.163212 1631.185339 1628.680240 1628.554280 1628.414190 1628.262340 1627.909532 1627.623580 1627.632804 1627.900861 1628.191734 1628.098004 1627.564734 1626.621164 1625.674002 1625.904550 1627.578935 1630.254325 1631.602180 1630.755465 1629.986133 1630.633553 1631.081981 1629.333484 1627.442767 
0.001734 0.001845 0.001507 0.001040 0.000665 0.000414 0.000205 0.000098 0.000052 0.000042 0.000033 0.000026 0.000024 0.000023 0.000020 0.000018 0.000016 0.000014 0.000013 0.000013 0.000013 0.000013 0.000014 0.000014 0.000014 0.000014 0.000014 0.000013 0.000013 0.000015 0.000018 
1688.976394 1690.394136 1691.780559 1691.231724 1687.896187 1685.918598 1687.552586 1690.868640 1688.638341 1688.391600 1688.725153 1688.704904 1688.790465 1688.869932 1688.792891 1688.560352 1688.071633 1687.071477 1685.979837 1685.555849 1685.316996 1684.981361 1684.953171 1685.190839 1685.585391 1686.131496 1686.404047 1685.938307 1685.095919 1685.703964 1687.010711 
0.002094 0.002677 0.002542 0.001830 0.001051 0.000557 0.000278 0.000118 0.000070 0.000054 0.000041 0.000031 0.000027 0.000025 0.000024 0.000020 0.000016 0.000012 0.000010 0.000010 0.000010 0.000010 0.000011 0.000011 0.000010 0.000009 0.000009 0.000009 0.000009 0.000010 0.000014 
1746.471307 1744.679669 1743.145358 1742.446320 1743.474078 1745.535540 1746.730581 1748.047716 1746.104586 1743.568593 1742.685808 1742.122178 1741.815069 1741.603843 1741.581827 1742.152798 1743.555437 1744.977494 1745.016919 1744.216164 1744.115613 1745.225996 1746.406593 1746.747024 1747.040422 1747.433439 1746.192794 1744.476568 1744.210139 1744.411119 1743.721889 
0.000664 0.000704 0.000548 0.000318 0.000171 0.000103 0.000071 0.000051 0.000043 0.000036 0.000028 0.000022 0.000019 0.000018 0.000017 0.000015 0.000013 0.000010 0.000008 0.000008 0.000008 0.000007 0.000005 0.000004 0.000005 0.000005 0.000005 0.000006 0.000006 0.000006 0.000006 
1785.152456 1785.589261 1786.895090 1789.457624 1789.560786 1786.493703 1786.057699 1787.711894 1788.236128 1788.160428 1787.805851 1787.915189 1788.584141 1789.156217 1789.784079 1790.677432 1791.751721 1793.042301 1793.866859 1793.232922 1792.234191 1791.057284 1788.395674 1785.945539 1787.461565 1790.837027 1794.077061 1795.634623 1795.594476 1795.036957 1792.513121 
0.002275 0.002580 0.002199 0.001413 0.000700 0.000303 0.000167 0.000111 0.000086 0.000068 0.000052 0.000040 0.000034 0.000031 0.000028 0.000024 0.000019 0.000014 0.000013 0.000013 0.000013 0.000012 0.000012 0.000011 0.000009 0.000008 0.000008 0.000009 0.000010 0.000014 0.000021 
1867.852644 1865.190391 1861.999527 1857.989062 1853.949025 1854.490743 1864.733963 1868.264196 1864.703628 1862.980580 1862.724312 1862.703285 1863.442979 1864.101985 1864.127483 1863.759384 1863.433706 1864.365811 1867.479490 1869.576351 1869.297402 1866.948892 1863.939699 1861.967533 1861.315607 1858.493059 1854.552789 1855.802032 1860.973947 1863.082671 1861.212254 
0.003011 0.003331 0.002646 0.001476 0.000579 0.000249 0.000137 0.000096 0.000065 0.000046 0.000033 0.000025 0.000021 0.000019 0.000018 0.000015 0.000011 0.000008 0.000006 0.000005 0.000005 0.000005 0.000005 0.000005 0.000005 0.000005 0.000004 0.000004 0.000005 0.000008 0.000012 
1959.810681 1960.467404 1961.382789 1962.639766 1962.561335 1962.463930 1964.068727 1964.989910 1963.293747 1961.512928 1960.453339 1959.453535 1959.137051 1959.975210 1960.489442 1959.917302 1959.029047 1959.451615 1960.286568 1959.459215 1958.811272 1958.315708 1957.657419 1958.497393 1961.597972 1963.148312 1961.602350 1962.291279 1965.953701 1963.695696 1960.609968 
0.000680 0.000700 0.000525 0.000308 0.000201 0.000140 0.000089 0.000057 0.000044 0.000035 0.000027 0.000021 0.000018 0.000016 0.000014 0.000012 0.000009 0.000007 0.000007 0.000007 0.000007 0.000007 0.000007 0.000006 0.000004 0.000003 0.000003 0.000005 0.000007 0.000009 0.000011 
2012.254003 2012.180216 2012.842828 2015.364814 2016.540471 2015.935181 2015.657299 2016.116386 2016.014198 2016.038006 2016.028348 2016.107056 2016.158064 2016.053495 2015.892019 2015.925283 2016.187210 2016.216018 2015.247333 2013.428890 2012.767023 2013.612652 2015.341523 2017.612178 2019.514770 2020.264188 2019.903980 2019.269563 2019.806853 2021.278533 2021.304663 
0.000309 0.000395 0.000378 0.000272 0.000147 0.000071 0.000048 0.000042 0.000039 0.000034 0.000027 0.000022 0.000019 0.000018 0.000017 0.000015 0.000013 0.000011 0.000010 0.000010 0.000010 0.000010 0.000010 0.000011 0.000011 0.000011 0.000010 0.000009 0.000008 0.000006 0.000007 
2048.279376 2049.950410 2051.617009 2053.255261 2054.581887 2053.488090 2050.191253 2049.420844 2049.386709 2049.365876 2049.354448 2049.543403 2049.692477 2049.531522 2049.219627 2048.599753 2047.522285 2046.111459 2044.707901 2044.039100 2044.273164 2044.791518 2045.869812 2046.913936 2046.396237 2044.667692 2043.719193 2044.388479 2045.130329 2046.773255 2049.232278 
0.000219 0.000520 0.000395 0.000334 0.000213 0.000108 0.000052 0.000035 0.000030 0.000024 0.000019 0.000014 0.000012 0.000011 0.000010 0.000008 0.000006 0.000005 0.000004 0.000003 0.000004 0.000005 0.000005 0.000004 0.000003 0.000003 0.000003 0.000003 0.000003 0.000004 0.000007 
2074.676045 2073.502236 2072.646131 2071.954890 2071.473287 2071.553839 2072.352851 2072.703752 2072.654810 2072.628034 2072.562510 2072.419592 2072.424466 2072.554880 2072.525967 2072.439992 2072.489175 2072.589770 2072.859283 2073.366152 2072.807006 2071.881747 2071.424837 2071.944281 2074.584978 2075.676999 2073.709819 2072.817697 2072.564405 2072.448342 2072.657496 
0.001115 0.001443 0.001396 0.001023 0.000564 0.000228 0.000081 0.000060 0.000055 0.000047 0.000037 0.000028 0.000024 0.000021 0.000019 0.000016 0.000013 0.000010 0.000009 0.000009 0.000009 0.000009 0.000009 0.000009 0.000008 0.000009 0.000009 0.000010 0.000011 0.000012 0.000013 
2107.258373 2107.374746 2108.012844 2109.082089 2109.992341 2109.517491 2106.926685 2107.810641 2107.583673 2107.341461 2107.005517 2106.701708 2106.773016 2106.977412 2106.968741 2106.841968 2106.684871 2106.570009 2106.309085 2105.065388 2104.189706 2105.260786 2107.421449 2108.654709 2108.942508 2109.727605 2109.919980 2107.315720 2104.340614 2103.706568 2106.016257 
0.000926 0.001091 0.000943 0.000606 0.000304 0.000136 0.000076 0.000065 0.000060 0.000050 0.000039 0.000030 0.000026 0.000024 0.000022 0.000019 0.000015 0.000012 0.000011 0.000011 0.000011 0.000012 0.000012 0.000011 0.000010 0.000010 0.000010 0.000010 0.000011 0.000013 0.000018 
2168.003048 2169.018301 2169.661564 2169.869528 2169.154336 2167.559505 2165.585885 2165.612587 2165.373880 2165.415448 2165.616130 2165.946003 2165.968174 2165.202349 2164.361127 2163.857361 2163.617969 2164.544201 2167.580291 2169.827435 2168.424861 2166.827328 2166.748983 2165.890378 2162.821052 2161.563438 2163.435860 2164.130906 2162.626587 2160.455074 2159.921029 
0.000788 0.000968 0.000873 0.000599 0.000320 0.000145 0.000061 0.000043 0.000039 0.000033 0.000026 0.000020 0.000017 0.000016 0.000014 0.000012 0.000009 0.000007 0.000007 0.000007 0.000008 0.000008 0.000007 0.000006 0.000005 0.000006 0.000006 0.000005 0.000005 0.000005 0.000007 
2211.971922 2212.742634 2213.609620 2213.992927 2213.470000 2211.351464 2210.167395 2208.580883 2208.532877 2208.662338 2208.854171 2209.121531 2209.508587 2209.719756 2209.581957 2209.330316 2209.539894 2210.533251 2210.588007 2208.875156 2206.266401 2203.929192 2203.151905 2204.604020 2208.077132 2210.261223 2211.377219 2212.222616 2210.912666 2207.997346 2207.041954 
0.001396 0.001602 0.001325 0.000788 0.000338 0.000136 0.000070 0.000054 0.000048 0.000041 0.000032 0.000025 0.000022 0.000021 0.000019 0.000016 0.000013 0.000010 0.000009 0.000009 0.000008 0.000008 0.000006 0.000005 0.000005 0.000004 0.000005 0.000007 0.000007 0.000008 0.000010 
2243.712048 2242.998640 2242.667902 2243.825450 2247.810281 2252.607828 2246.490062 2244.791820 2244.818103 2244.855366 2244.892018 2244.846274 2244.210838 2243.245871 2242.705073 2243.123352 2245.397453 2249.517636 2251.952449 2250.025008 2246.251769 2243.267334 2241.850932 2240.762695 2239.686111 2238.893804 2238.408959 2239.473662 2241.583963 2243.456780 2244.343164 
0.000893 0.001019 0.000891 0.000639 0.000389 0.000200 0.000082 0.000047 0.000041 0.000034 0.000026 0.000020 0.000018 0.000017 0.000016 0.000015 0.000013 0.000011 0.000010 0.000011 0.000011 0.000010 0.000009 0.000008 0.000008 0.000007 0.000007 0.000007 0.000007 0.000009 0.000012 
2277.409050 2277.989910 2278.945490 2279.556093 2279.469957 2278.349936 2278.919181 2280.656082 2280.093821 2279.757613 2279.581141 2279.969100 2280.459919 2280.736254 2281.154175 2281.464277 2281.379128 2281.368106 2280.985380 2279.992648 2280.184147 2282.191105 2284.348440 2284.366732 2282.717452 2282.221662 2282.830207 2283.405548 2283.700079 2284.309882 2283.874598 
0.001210 0.001342 0.001085 0.000633 0.000270 0.000106 0.000057 0.000048 0.000043 0.000036 0.000029 0.000024 0.000020 0.000019 0.000018 0.000015 0.000012 0.000009 0.000008 0.000008 0.000008 0.000008 0.000009 0.000010 0.000009 0.000007 0.000006 0.000006 0.000006 0.000007 0.000010 
2338.598060 2337.954394 2336.476364 2333.284174 2327.409144 2325.816232 2332.529064 2334.202097 2333.750310 2333.787819 2334.163785 2334.535682 2334.633506 2334.659874 2334.561154 2333.987625 2332.961471 2332.534766 2333.533928 2333.518266 2332.431094 2332.777597 2334.035634 2334.693035 2335.151024 2335.663925 2335.565253 2335.233588 2335.753012 2336.280853 2336.632601 
0.001452 0.001646 0.001362 0.000820 0.000358 0.000128 0.000054 0.000039 0.000036 0.000030 0.000023 0.000017 0.000014 0.000013 0.000012 0.000011 0.000009 0.000006 0.000005 0.000005 0.000004 0.000004 0.000004 0.000004 0.000005 0.000005 0.000004 0.000004 0.000004 0.000006 0.000008 
2376.944938 2376.542004 2376.044462 2375.458906 2375.185390 2376.259011 2376.932260 2377.765743 2378.087397 2378.126268 2378.144828 2378.061459 2377.995665 2378.179394 2378.143729 2377.861925 2377.510549 2376.917549 2376.827442 2378.028578 2379.168369 2378.809314 2377.994726 2379.382318 2380.982564 2381.701203 2381.296950 2381.133187 2382.519767 2381.300933 2379.210900 
0.001383 0.001570 0.001301 0.000774 0.000313 0.000097 0.000061 0.000055 0.000051 0.000043 0.000035 0.000028 0.000024 0.000022 0.000021 0.000019 0.000016 0.000012 0.000010 0.000009 0.000009 0.000008 0.000008 0.000008 0.000008 0.000007 0.000007 0.000007 0.000008 0.000010 0.000012 
2416.735049 2418.704225 2421.377636 2425.000141 2429.297646 2426.496171 2423.072794 2423.505096 2423.301533 2422.985794 2422.358617 2421.323384 2420.531048 2420.149420 2419.294203 2418.200157 2417.776360 2418.331709 2420.160569 2422.045794 2421.862737 2420.320099 2418.398399 2416.168311 2414.486744 2414.386505 2415.810669 2417.391328 2417.660042 2417.365874 2418.251793 
0.000318 0.000633 0.000479 0.000380 0.000214 0.000085 0.000043 0.000037 0.000033 0.000028 0.000022 0.000017 0.000014 0.000013 0.000011 0.000010 0.000007 0.000006 0.000005 0.000005 0.000006 0.000007 0.000006 0.000005 0.000004 0.000004 0.000004 0.000004 0.000003 0.000004 0.000007 
2466.751714 2464.927263 2463.118993 2461.871310 2461.150384 2460.938976 2461.126094 2461.850939 2461.894095 2461.779672 2461.582713 2461.228067 2460.960288 2461.036312 2461.017395 2460.496319 2459.796888 2459.908409 2460.290743 2459.253874 2459.297728 2460.053749 2460.570726 2461.621685 2464.178175 2464.259884 2461.867587 2459.598365 2460.285095 2463.959117 2463.894529 
0.000573 0.000620 0.000480 0.000262 0.000117 0.000066 0.000050 0.000043 0.000038 0.000032 0.000026 0.000020 0.000017 0.000015 0.000014 0.000012 0.000010 0.000009 0.000007 0.000007 0.000008 0.000007 0.000006 0.000005 0.000005 0.000006 0.000007 0.000007 0.000006 0.000007 0.000010 
2494.844323 2494.442416 2494.120485 2494.178256 2494.504829 2495.026218 2494.484880 2495.451203 2496.178284 2496.418344 2496.360230 2496.587037 2497.267548 2497.572274 2497.676167 2498.747879 2500.947276 2502.705999 2502.497091 2501.235845 2500.940987 2500.589216 2498.731587 2495.891590 2496.402823 2495.936096 2494.683775 2493.418985 2492.815734 2493.425484 2494.193038 
0.000375 0.000403 0.000315 0.000181 0.000085 0.000048 0.000039 0.000037 0.000035 0.000030 0.000024 0.000019 0.000015 0.000013 0.000013 0.000012 0.000012 0.000010 0.000008 0.000007 0.000007 0.000008 0.000007 0.000007 0.000006 0.000006 0.000006 0.000007 0.000007 0.000007 0.000007 
2525.944365 2526.158065 2526.520590 2527.088934 2527.401188 2526.456786 2525.846905 2525.437753 2525.486878 2525.731885 2525.828731 2525.640298 2525.319687 2525.069498 2524.760656 2524.375862 2523.877934 2523.454155 2523.847296 2524.547248 2524.159696 2522.911243 2522.133339 2522.695244 2523.398847 2523.460723 2524.032244 2525.057669 2526.675537 2529.289807 2530.448602 
0.000578 0.000657 0.000543 0.000329 0.000159 0.000082 0.000054 0.000048 0.000044 0.000037 0.000029 0.000023 0.000020 0.000018 0.000017 0.000015 0.000013 0.000010 0.000008 0.000008 0.000009 0.000009 0.000008 0.000008 0.000007 0.000008 0.000008 0.000008 0.000009 0.000009 0.000010 
2569.063838 2569.228763 2569.268191 2568.866748 2567.466604 2566.882345 2568.363912 2568.342837 2568.117893 2568.131539 2568.400122 2569.166374 2569.877646 2569.690794 2569.093886 2568.778283 2568.441812 2566.926530 2565.270608 2568.614477 2573.400792 2575.210635 2574.674087 2573.790396 2574.264465 2575.813332 2577.094592 2579.078902 2580.863878 2578.739073 2572.421333 
0.001112 0.001266 0.001032 0.000586 0.000220 0.000084 0.000062 0.000055 0.000050 0.000042 0.000033 0.000025 0.000022 0.000022 0.000020 0.000017 0.000013 0.000011 0.000009 0.000009 0.000008 0.000008 0.000008 0.000009 0.000010 0.000009 0.000008 0.000007 0.000007 0.000009 0.000012 
2644.119791 2644.362054 2644.383906 2643.720489 2639.267429 2631.026803 2634.491466 2636.654262 2636.884857 2636.596180 2636.004353 2635.621808 2636.222220 2637.309640 2638.178548 2639.139209 2640.311031 2640.621085 2640.118453 2640.254760 2640.175728 2638.970848 2638.565360 2640.200027 2641.405457 2640.583195 2637.928463 2636.110401 2636.744558 2636.128452 2634.681560 
0.000517 0.000564 0.000453 0.000274 0.000142 0.000072 0.000045 0.000035 0.000031 0.000026 0.000021 0.000017 0.000014 0.000013 0.000012 0.000010 0.000008 0.000006 0.000005 0.000005 0.000005 0.000004 0.000004 0.000004 0.000004 0.000004 0.000004 0.000003 0.000003 0.000004 0.000006 
2696.449854 2696.445764 2697.026995 2698.816171 2700.380838 2699.308345 2696.696116 2697.461338 2698.116511 2698.519501 2698.788617 2698.654614 2697.896162 2697.439073 2697.934913 2698.750764 2699.694645 2700.635745 2700.378451 2699.801258 2699.488532 2699.023743 2699.115063 2699.951485 2699.666301 2698.970122 2699.013903 2699.783888 2700.880786 2700.473756 2699.273689 
0.000481 0.000547 0.000464 0.000298 0.000156 0.000079 0.000048 0.000037 0.000033 0.000028 0.000022 0.000018 0.000016 0.000014 0.000013 0.000010 0.000008 0.000006 0.000005 0.000005 0.000005 0.000006 0.000007 0.000008 0.000008 0.000006 0.000005 0.000005 0.000006 0.000008 0.000010 
2734.008022 2734.054361 2733.660225 2732.292871 2730.350561 2731.231953 2734.756429 2734.775083 2734.630578 2734.667550 2734.748108 2734.742394 2734.698713 2734.615349 2734.224891 2733.872100 2733.973329 2734.245290 2734.544889 2734.512499 2732.987252 2731.991877 2731.853915 2731.338115 2730.697700 2731.084671 2734.233813 2737.590644 2739.361648 2739.444503 2738.478882 
0.000301 0.000359 0.000328 0.000232 0.000126 0.000056 0.000030 0.000026 0.000024 0.000021 0.000017 0.000013 0.000012 0.000011 0.000010 0.000009 0.000007 0.000006 0.000006 0.000005 0.000005 0.000005 0.000005 0.000005 0.000005 0.000004 0.000004 0.000005 0.000006 0.000006 0.000007 
2779.347406 2779.089531 2778.704863 2778.276638 2778.068657 2778.626868 2779.167621 2778.976776 2779.299234 2779.609268 2779.713201 2779.521131 2778.969039 2778.560613 2778.667964 2778.944211 2778.735950 2778.186646 2778.828900 2780.005381 2779.961140 2778.701554 2778.500943 2778.827807 2778.567463 2778.210854 2777.995185 2776.708558 2775.996507 2776.432695 2777.635973 
0.000766 0.000800 0.000595 0.000305 0.000116 0.000063 0.000050 0.000046 0.000042 0.000036 0.000029 0.000023 0.000019 0.000017 0.000016 0.000014 0.000012 0.000009 0.000007 0.000006 0.000006 0.000006 0.000007 0.000007 0.000006 0.000006 0.000006 0.000007 0.000008 0.000009 0.000012 
2861.975850 2861.959910 2861.833997 2861.733354 2863.313515 2862.485502 2859.596319 2858.589358 2858.221939 2858.152202 2858.204423 2858.112544 2857.985822 2857.740173 2856.679776 2855.211864 2854.870675 2856.694316 2858.795468 2857.545172 2856.313330 2855.598063 2855.082310 2855.294912 2856.515878 2858.475228 2859.408741 2857.317273 2855.611244 2857.073957 2859.282237 
0.000872 0.000984 0.000810 0.000485 0.000222 0.000097 0.000055 0.000046 0.000042 0.000036 0.000028 0.000021 0.000019 0.000018 0.000017 0.000015 0.000012 0.000010 0.000008 0.000008 0.000008 0.000008 0.000008 0.000008 0.000008 0.000007 0.000007 0.000007 0.000008 0.000008 0.000011 
2906.093519 2907.165859 2908.686272 2910.881346 2912.927951 2911.679915 2909.649039 2909.322693 2909.669275 2909.790068 2909.743447 2909.966725 2910.790017 2911.835351 2912.614568 2912.603250 2911.683635 2910.012836 2909.313909 2911.315230 2912.998649 2911.397525 2906.880439 2902.540067 2899.910992 2899.013402 2899.829549 2902.641618 2905.779785 2906.889020 2905.883774 
0.000534 0.000671 0.000620 0.000421 0.000207 0.000080 0.000042 0.000035 0.000032 0.000026 0.000020 0.000016 0.000014 0.000013 0.000012 0.000010 0.000008 0.000006 0.000005 0.000005 0.000005 0.000005 0.000005 0.000004 0.000004 0.000003 0.000003 0.000004 0.000004 0.000005 0.000007 
2971.539766 2971.532745 2971.447194 2971.474929 2972.092493 2973.512940 2970.549275 2968.606391 2968.442594 2968.440168 2968.656959 2969.144095 2969.369445 2969.096176 2968.781780 2968.629596 2968.413157 2967.698680 2967.694494 2968.667450 2968.527479 2967.667510 2967.356050 2966.865974 2965.991457 2967.020250 2969.809687 2970.800181 2969.853226 2967.968083 2967.496107 
0.001111 0.001239 0.000980 0.000530 0.000183 0.000072 0.000058 0.000054 0.000051 0.000045 0.000036 0.000029 0.000025 0.000022 0.000020 0.000016 0.000013 0.000010 0.000010 0.000011 0.000013 0.000013 0.000012 0.000011 0.000011 0.000010 0.000010 0.000010 0.000009 0.000009 0.000010 
3028.750911 3028.002471 3027.359156 3026.699026 3024.594136 3022.042790 3024.299225 3024.362964 3023.152755 3021.748068 3020.841636 3022.074760 3025.237351 3026.781995 3026.601429 3025.653842 3023.779442 3021.435116 3018.407747 3016.294870 3016.912706 3018.637269 3018.733939 3016.473502 3014.349740 3013.693735 3014.582373 3016.651987 3019.942782 3024.654534 3026.857481 
0.000704 0.000810 0.000683 0.000419 0.000185 0.000070 0.000040 0.000035 0.000033 0.000028 0.000023 0.000018 0.000016 0.000014 0.000012 0.000010 0.000008 0.000007 0.000007 0.000008 0.000009 0.000009 0.000009 0.000008 0.000007 0.000005 0.000004 0.000004 0.000005 0.000005 0.000007 
3084.443085 3085.293229 3086.719567 3089.081909 3092.482300 3092.008880 3087.405218 3086.967465 3086.821943 3086.691345 3086.477093 3086.074184 3085.938605 3086.417979 3086.910499 3086.864909 3086.370325 3086.465906 3086.715218 3084.961223 3083.219338 3084.150423 3086.514154 3087.457173 3085.421237 3081.576768 3081.313978 3086.976739 3091.226487 3088.465750 3084.984636 
0.000347 0.000412 0.000360 0.000231 0.000108 0.000046 0.000032 0.000029 0.000027 0.000023 0.000018 0.000016 0.000014 0.000012 0.000010 0.000009 0.000008 0.000007 0.000005 0.000005 0.000004 0.000004 0.000003 0.000004 0.000005 0.000005 0.000005 0.000004 0.000005 0.000006 0.000008 
3142.433058 3142.576525 3142.922107 3143.720619 3145.347618 3145.000514 3142.024323 3142.300813 3142.670646 3143.147083 3143.385038 3142.830872 3142.263723 3142.208155 3142.169181 3141.900636 3141.626587 3140.998133 3139.879518 3140.096929 3141.600680 3142.424582 3140.758892 3140.673484 3141.956051 3142.457816 3142.027130 3140.918240 3139.552419 3138.816729 3139.131176 
0.000855 0.000953 0.000764 0.000430 0.000167 0.000071 0.000051 0.000045 0.000041 0.000035 0.000028 0.000023 0.000019 0.000016 0.000014 0.000012 0.000010 0.000010 0.000010 0.000009 0.000008 0.000007 0.000008 0.000008 0.000007 0.000008 0.000007 0.000007 0.000006 0.000007 0.000010 
3223.473184 3222.905861 3222.176312 3221.064537 3218.733924 3216.588185 3217.354642 3218.963043 3219.818876 3220.592611 3221.741827 3223.081806 3223.196756 3221.823664 3220.427720 3219.456362 3219.276459 3220.761395 3222.169956 3222.921452 3223.757271 3224.139648 3224.371153 3224.844323 3222.663224 3217.914355 3214.859183 3213.966041 3217.256220 3221.287679 3221.602593 
0.000437 0.000462 0.000357 0.000203 0.000092 0.000045 0.000031 0.000029 0.000027 0.000023 0.000018 0.000014 0.000012 0.000011 0.000010 0.000008 0.000007 0.000005 0.000005 0.000004 0.000004 0.000004 0.000004 0.000004 0.000005 0.000005 0.000005 0.000005 0.000004 0.000003 0.000004 
3291.099441 3291.487806 3292.341705 3294.135692 3296.337255 3295.009788 3292.621135 3292.523275 3292.659877 3292.655273 3292.374703 3291.899866 3291.690134 3291.523921 3291.294213 3291.093588 3290.794515 3290.492094 3290.949358 3292.731950 3293.926115 3293.439706 3293.943607 3295.806970 3296.978662 3297.364659 3297.133794 3296.854221 3296.550605 3295.201453 3293.261900 
0.000301 0.000301 0.000220 0.000117 0.000051 0.000027 0.000022 0.000020 0.000019 0.000016 0.000013 0.000010 0.000009 0.000009 0.000009 0.000008 0.000007 0.000005 0.000004 0.000004 0.000005 0.000006 0.000006 0.000005 0.000003 0.000002 0.000002 0.000003 0.000004 0.000004 0.000006 
3372.662838 3372.625114 3372.677960 3373.000166 3373.608381 3372.910695 3372.510081 3372.683940 3372.770826 3372.859681 3372.950379 3372.770783 3372.391274 3372.630918 3372.957713 3372.586753 3371.685799 3371.363515 3373.494557 3375.725526 3375.483160 3373.758199 3372.840879 3372.361712 3372.023963 3372.313284 3372.684981 3372.067595 3371.914659 3371.917328 3371.855698 
0.000746 0.000791 0.000620 0.000365 0.000169 0.000072 0.000039 0.000034 0.000031 0.000027 0.000022 0.000018 0.000016 0.000015 0.000013 0.000011 0.000009 0.000007 0.000007 0.000008 0.000008 0.000007 0.000006 0.000006 0.000005 0.000004 0.000004 0.000005 0.000006 0.000007 0.000008 
3405.803847 3406.144358 3406.372155 3405.877573 3404.748754 3403.162616 3403.928665 3403.736732 3403.637296 3403.382799 3402.759997 3401.721992 3400.770400 3400.502255 3401.116566 3402.996807 3405.757863 3407.771649 3408.709502 3408.152671 3406.602318 3405.433523 3405.579288 3406.870737 3407.432368 3408.487917 3411.327310 3413.235195 3412.451854 3409.600161 3405.961467 
0.000841 0.000898 0.000700 0.000394 0.000165 0.000068 0.000045 0.000039 0.000036 0.000030 0.000023 0.000018 0.000016 0.000015 0.000013 0.000012 0.000010 0.000008 0.000008 0.000009 0.000009 0.000008 0.000007 0.000006 0.000006 0.000007 0.000007 0.000007 0.000006 0.000006 0.000007 
3450.825321 3451.787070 3452.953451 3454.227750 3455.071028 3454.868495 3453.849921 3452.018976 3451.882961 3451.935488 3452.071880 3452.086809 3451.938742 3451.802993 3451.441943 3451.484477 3452.921171 3454.874229 3452.825205 3449.728315 3448.961958 3450.821581 3453.009555 3451.009170 3448.567233 3447.809848 3446.906628 3446.843268 3449.429881 3457.168135 3461.561895 
0.000469 0.000494 0.000379 0.000219 0.000116 0.000067 0.000039 0.000030 0.000027 0.000023 0.000019 0.000016 0.000013 0.000011 0.000011 0.000010 0.000008 0.000007 0.000007 0.000006 0.000006 0.000005 0.000005 0.000004 0.000004 0.000004 0.000004 0.000005 0.000006 0.000006 0.000006 
3533.202399 3532.862822 3531.871706 3529.810785 3529.143419 3531.825335 3533.572400 3533.424098 3533.353331 3533.302944 3533.357702 3533.660817 3534.227896 3534.418752 3534.116557 3534.222386 3535.329912 3536.887703 3537.550873 3537.557148 3536.925174 3535.424813 3533.926399 3533.528349 3534.877711 3537.211456 3538.822398 3538.116704 3536.805276 3535.406023 3533.160126 
0.000594 0.000753 0.000701 0.000475 0.000223 0.000075 0.000035 0.000031 0.000029 0.000025 0.000020 0.000016 0.000013 0.000012 0.000012 0.000011 0.000009 0.000008 0.000007 0.000006 0.000005 0.000005 0.000004 0.000004 0.000003 0.000004 0.000004 0.000003 0.000003 0.000004 0.000006 
3589.915017 3590.476650 3590.328917 3589.253609 3586.627819 3585.258123 3589.838010 3589.578065 3589.309760 3588.878627 3588.798316 3589.505109 3590.804582 3591.987326 3592.852132 3593.556457 3594.537281 3595.326358 3594.787413 3593.583132 3591.438711 3588.318251 3586.920194 3586.656306 3587.293799 3590.074909 3592.329016 3592.441127 3589.008474 3587.662636 3588.813159 
0.000846 0.001073 0.000984 0.000645 0.000288 0.000105 0.000057 0.000044 0.000038 0.000032 0.000026 0.000021 0.000018 0.000017 0.000017 0.000016 0.000013 0.000011 0.000009 0.000008 0.000008 0.000008 0.000007 0.000007 0.000008 0.000008 0.000007 0.000006 0.000007 0.000008 0.000011 
3640.649685 3638.615912 3636.966781 3635.375016 3633.451142 3632.701299 3636.497689 3638.591699 3640.249636 3641.630558 3642.771775 3642.770122 3641.388957 3641.433518 3644.066990 3646.043719 3644.188339 3638.757015 3635.992981 3638.212838 3641.687048 3644.193869 3643.857802 3639.469886 3636.497104 3636.607834 3638.476032 3641.878704 3641.198566 3638.315884 3637.225852 
0.000585 0.000703 0.000624 0.000405 0.000185 0.000064 0.000038 0.000034 0.000032 0.000027 0.000021 0.000017 0.000014 0.000013 0.000013 0.000013 0.000011 0.000009 0.000008 0.000006 0.000005 0.000005 0.000005 0.000005 0.000005 0.000005 0.000005 0.000005 0.000005 0.000005 0.000005 
3706.416504 3706.016160 3705.149223 3703.627084 3701.133095 3700.281200 3705.647790 3705.641591 3705.053998 3705.218047 3705.841723 3706.452445 3706.089607 3706.181013 3707.930166 3709.670877 3709.965643 3708.561775 3706.276799 3705.211140 3706.360843 3706.277478 3703.502589 3701.071034 3701.125284 3702.022934 3702.071966 3701.374652 3700.274017 3701.144268 3703.590924 
0.000560 0.000612 0.000477 0.000258 0.000104 0.000057 0.000045 0.000036 0.000031 0.000026 0.000021 0.000017 0.000015 0.000014 0.000012 0.000010 0.000008 0.000006 0.000005 0.000005 0.000006 0.000006 0.000006 0.000006 0.000006 0.000007 0.000007 0.000007 0.000007 0.000007 0.000008 
3804.033972 3803.312282 3802.369400 3801.002001 3802.431416 3806.401665 3805.912735 3803.430547 3802.319861 3802.571161 3803.286510 3803.224929 3801.718920 3801.103029 3802.185696 3803.728467 3804.237431 3803.736160 3803.559481 3802.561024 3801.001893 3800.853318 3800.523830 3798.826304 3798.370835 3800.190987 3802.091522 3802.469668 3802.185328 3804.027289 3805.554082 
0.000937 0.001022 0.000799 0.000433 0.000157 0.000066 0.000050 0.000044 0.000039 0.000033 0.000026 0.000021 0.000018 0.000017 0.000015 0.000012 0.000010 0.000009 0.000008 0.000008 0.000009 0.000009 0.000009 0.000008 0.000007 0.000006 0.000006 0.000007 0.000006 0.000007 0.000009 
3875.937530 3876.924570 3878.313830 3880.590335 3884.434747 3882.444345 3878.337841 3876.818261 3876.597582 3876.685390 3877.091847 3878.073759 3878.639994 3877.610570 3876.093958 3876.144574 3876.863203 3874.715375 3872.621736 3875.603041 3881.283026 3883.415542 3879.842120 3874.284949 3872.497856 3875.954539 3878.911325 3879.149336 3878.880468 3879.430062 3880.356631 
0.000258 0.000301 0.000259 0.000161 0.000068 0.000023 0.000018 0.000018 0.000017 0.000015 0.000012 0.000010 0.000008 0.000008 0.000007 0.000006 0.000004 0.000003 0.000003 0.000003 0.000003 0.000003 0.000003 0.000003 0.000004 0.000005 0.000005 0.000005 0.000004 0.000005 0.000005 
3954.116064 3954.038306 3953.925095 3953.732571 3953.293672 3952.686435 3953.821700 3954.023878 3954.149700 3954.258788 3954.308843 3954.406750 3954.506186 3954.572676 3954.742968 3954.975373 3955.265223 3955.596883 3955.926614 3955.851537 3955.410160 3955.571411 3956.600031 3956.867835 3955.813980 3955.564669 3955.773368 3955.794801 3955.748794 3956.416739 3956.639172 
0.000605 0.000682 0.000558 0.000325 0.000128 0.000048 0.000035 0.000032 0.000030 0.000026 0.000022 0.000018 0.000016 0.000014 0.000012 0.000010 0.000008 0.000007 0.000006 0.000006 0.000008 0.000008 0.000008 0.000007 0.000007 0.000007 0.000007 0.000006 0.000006 0.000006 0.000008 
4017.107970 4016.862021 4016.381009 4015.326284 4012.594805 4010.977494 4016.269630 4017.194822 4017.366687 4017.692651 4017.885273 4018.023443 4018.213077 4017.401065 4014.883193 4012.104837 4012.161530 4016.555958 4020.092718 4017.453934 4016.146812 4017.938971 4020.083575 4021.765893 4022.841419 4022.762218 4021.784930 4021.228450 4020.916765 4017.684321 4013.543728 
0.000255 0.000297 0.000256 0.000164 0.000078 0.000031 0.000019 0.000017 0.000016 0.000014 0.000011 0.000009 0.000008 0.000008 0.000007 0.000006 0.000005 0.000004 0.000004 0.000003 0.000003 0.000003 0.000004 0.000004 0.000003 0.000003 0.000003 0.000003 0.000003 0.000004 0.000005 
4085.992479 4085.984991 4085.950105 4085.895339 4085.907764 4086.270231 4086.145864 4085.859535 4085.853427 4085.735173 4085.412216 4084.985089 4085.047250 4085.425175 4085.412778 4084.701158 4084.116421 4085.352301 4087.202819 4087.743324 4087.099682 4086.848243 4087.204208 4087.931312 4088.649530 4087.708882 4085.722622 4083.661240 4082.871526 4083.933603 4084.986633 
0.000662 0.000722 0.000573 0.000327 0.000139 0.000065 0.000044 0.000036 0.000032 0.000028 0.000023 0.000018 0.000016 0.000015 0.000014 0.000013 0.000010 0.000007 0.000007 0.000007 0.000008 0.000008 0.000009 0.000008 0.000006 0.000005 0.000006 0.000006 0.000006 0.000006 0.000007 
4217.013315 4216.038656 4214.963080 4214.015261 4215.163949 4219.275407 4219.281101 4217.940197 4216.731688 4216.009644 4214.976094 4214.653316 4216.502574 4218.884771 4220.008646 4219.948573 4219.293043 4218.388269 4216.657896 4216.465492 4217.241234 4215.862865 4213.098481 4210.688247 4210.465283 4215.250089 4215.554611 4213.134627 4211.036110 4211.481293 4214.261714 
0.000432 0.000481 0.000397 0.000244 0.000113 0.000045 0.000027 0.000025 0.000022 0.000019 0.000015 0.000011 0.000010 0.000010 0.000009 0.000008 0.000007 0.000007 0.000007 0.000007 0.000006 0.000006 0.000005 0.000004 0.000004 0.000004 0.000005 0.000006 0.000006 0.000006 0.000006 
4267.534868 4267.932324 4268.152666 4267.841485 4266.260772 4264.148594 4265.771302 4267.292030 4268.023167 4268.207677 4268.163227 4268.128956 4267.670121 4267.093998 4266.999552 4267.133570 4266.596278 4265.432889 4265.213916 4265.561126 4265.537798 4266.069254 4268.437256 4270.422181 4269.575614 4263.413303 4262.091584 4264.088566 4268.244467 4271.014335 4270.575696 
0.000423 0.000454 0.000354 0.000198 0.000082 0.000036 0.000024 0.000023 0.000022 0.000021 0.000019 0.000015 0.000012 0.000010 0.000009 0.000008 0.000008 0.000006 0.000005 0.000005 0.000007 0.000009 0.000009 0.000007 0.000004 0.000002 0.000002 0.000003 0.000004 0.000005 0.000006 
4378.155211 4377.991453 4377.868639 4377.934609 4378.523331 4378.337166 4377.652910 4378.009697 4378.435147 4378.944020 4379.205142 4379.183773 4378.759450 4377.890274 4378.089931 4379.589450 4380.437858 4379.741894 4379.269411 4377.617535 4376.257500 4374.774644 4374.220584 4374.191388 4374.987635 4378.556622 4378.138824 4374.347216 4374.737891 4376.954556 4377.003891 
0.000262 0.000304 0.000265 0.000175 0.000087 0.000032 0.000014 0.000014 0.000014 0.000013 0.000012 0.000010 0.000008 0.000006 0.000006 0.000006 0.000006 0.000006 0.000005 0.000004 0.000003 0.000002 0.000002 0.000002 0.000002 0.000003 0.000003 0.000002 0.000002 0.000002 0.000004 
4410.071079 4410.152807 4410.261181 4410.355838 4410.254316 4409.337197 4408.916320 4410.569383 4410.629585 4410.508470 4410.434019 4410.215177 4409.726799 4409.621177 4410.188293 4410.442219 4410.145732 4409.799964 4409.679043 4409.629272 4409.362094 4409.037398 4408.841495 4407.953923 4407.658544 4408.726978 4409.166500 4409.104315 4409.417636 4409.520912 4409.985554 
0.000819 0.000943 0.000800 0.000493 0.000212 0.000068 0.000035 0.000030 0.000028 0.000024 0.000020 0.000016 0.000014 0.000013 0.000012 0.000010 0.000009 0.000010 0.000010 0.000010 0.000008 0.000007 0.000006 0.000006 0.000007 0.000006 0.000006 0.000006 0.000006 0.000007 0.000008 
4825.044738 4825.629786 4826.599851 4828.315150 4831.574387 4834.484883 4826.747769 4823.830228 4823.615212 4823.605353 4823.818929 4823.436955 4822.557058 4823.659590 4825.773675 4826.096581 4825.324064 4826.969160 4828.623944 4827.447604 4822.351583 4817.381969 4820.579969 4826.801125 4827.991869 4825.120662 4822.249162 4822.209931 4822.548204 4821.997831 4821.821420 
0.000550 0.000664 0.000596 0.000396 0.000188 0.000064 0.000030 0.000026 0.000024 0.000020 0.000017 0.000014 0.000011 0.000010 0.000009 0.000007 0.000006 0.000005 0.000005 0.000006 0.000006 0.000006 0.000005 0.000005 0.000004 0.000005 0.000006 0.000007 0.000007 0.000007 0.000008 
4887.969178 4888.754333 4889.504946 4890.186098 4890.545990 4889.341445 4887.771880 4888.095356 4887.714700 4886.934403 4886.163319 4886.253070 4887.539992 4888.354512 4887.391118 4886.191233 4885.513286 4882.948108 4879.936620 4879.709043 4880.929868 4882.560968 4883.359281 4882.922023 4882.263361 4883.722562 4887.027305 4889.382193 4889.092255 4885.573993 4882.788920 
0.000622 0.000631 0.000455 0.000222 0.000071 0.000038 0.000032 0.000030 0.000029 0.000025 0.000020 0.000016 0.000014 0.000014 0.000013 0.000011 0.000011 0.000010 0.000009 0.000010 0.000009 0.000008 0.000006 0.000006 0.000006 0.000005 0.000005 0.000005 0.000006 0.000006 0.000008 
5082.300508 5081.443777 5080.335237 5078.595927 5076.261551 5079.863360 5080.823541 5082.177671 5083.263993 5083.433163 5082.331429 5079.801089 5077.842464 5077.899386 5079.199733 5082.465897 5087.173084 5089.102667 5085.768610 5082.088732 5081.228847 5080.903922 5081.450950 5083.158993 5083.089726 5083.061664 5084.621414 5082.614956 5077.677360 5076.481353 5077.783363 
0.000718 0.000750 0.000566 0.000299 0.000105 0.000041 0.000030 0.000028 0.000026 0.000023 0.000018 0.000014 0.000012 0.000012 0.000012 0.000011 0.000009 0.000009 0.000009 0.000008 0.000006 0.000005 0.000005 0.000004 0.000004 0.000005 0.000005 0.000006 0.000006 0.000006 0.000008 
5150.875011 5151.388205 5152.060493 5152.904278 5153.265735 5151.315707 5151.504931 5150.887280 5150.851858 5151.042003 5151.207719 5150.124181 5147.911274 5148.852289 5151.894825 5153.968022 5153.619473 5150.473953 5147.798175 5147.535256 5150.622613 5152.734181 5150.778296 5151.041549 5155.362744 5158.028468 5158.461754 5157.064379 5154.941182 5150.932331 5148.263869 
0.000576 0.000637 0.000516 0.000299 0.000116 0.000038 0.000026 0.000024 0.000022 0.000020 0.000016 0.000014 0.000013 0.000012 0.000011 0.000009 0.000008 0.000006 0.000006 0.000006 0.000006 0.000005 0.000005 0.000005 0.000004 0.000004 0.000004 0.000004 0.000005 0.000006 0.000008 
5214.217347 5214.750395 5215.350495 5216.087026 5217.134153 5217.958027 5216.324076 5215.276825 5214.771065 5214.841288 5215.187151 5214.277732 5211.958297 5212.094411 5214.254149 5214.889108 5213.612182 5214.682525 5216.963643 5217.716206 5217.046847 5215.925306 5217.272834 5219.749234 5220.408839 5217.004032 5214.622480 5215.559397 5215.746215 5215.580957 5214.210923 
0.000277 0.000303 0.000239 0.000133 0.000049 0.000019 0.000016 0.000014 0.000013 0.000012 0.000010 0.000008 0.000006 0.000005 0.000005 0.000005 0.000004 0.000004 0.000003 0.000004 0.000004 0.000003 0.000002 0.000002 0.000002 0.000002 0.000001 0.000001 0.000001 0.000002 0.000003 
5278.386870 5278.318829 5278.211101 5277.997308 5277.363975 5276.789037 5277.919248 5278.224787 5278.237165 5278.398755 5278.516423 5278.155081 5277.364818 5277.650617 5278.459660 5278.430100 5278.247416 5278.993063 5279.590971 5278.925254 5279.011093 5280.653106 5281.424981 5280.304112 5279.758826 5279.394282 5277.570431 5276.718019 5277.334717 5278.191089 5278.532320 
0.000460 0.000531 0.000451 0.000277 0.000116 0.000037 0.000025 0.000023 0.000021 0.000018 0.000016 0.000013 0.000011 0.000011 0.000010 0.000009 0.000007 0.000006 0.000004 0.000003 0.000003 0.000003 0.000005 0.000007 0.000007 0.000007 0.000006 0.000006 0.000005 0.000005 0.000006 
5343.756140 5343.998023 5344.294453 5344.620011 5344.779975 5343.093904 5342.875489 5344.004023 5344.485336 5344.286320 5343.948216 5343.512736 5342.699563 5342.751800 5344.495770 5346.921849 5347.890561 5346.549342 5344.045934 5341.865810 5343.470916 5346.284577 5345.517545 5344.856085 5345.423637 5345.954751 5344.857214 5343.447916 5343.332736 5345.092315 5346.753541 
0.000445 0.000490 0.000393 0.000222 0.000083 0.000030 0.000023 0.000022 0.000021 0.000019 0.000015 0.000012 0.000010 0.000010 0.000009 0.000008 0.000006 0.000005 0.000005 0.000006 0.000007 0.000008 0.000007 0.000005 0.000004 0.000004 0.000003 0.000003 0.000004 0.000004 0.000004 
5402.383007 5401.982379 5401.477213 5400.824002 5400.219896 5402.919881 5403.249648 5402.842282 5402.392738 5401.894253 5401.474994 5401.506815 5402.138884 5402.677446 5403.186200 5403.792877 5404.240301 5404.471780 5404.175023 5402.939758 5402.049826 5401.989089 5401.422995 5400.449483 5398.551531 5398.294310 5399.959978 5401.933808 5402.624577 5402.629196 5401.913185 
0.000591 0.000673 0.000562 0.000338 0.000138 0.000042 0.000026 0.000024 0.000022 0.000020 0.000016 0.000013 0.000012 0.000012 0.000011 0.000009 0.000007 0.000007 0.000007 0.000006 0.000005 0.000005 0.000005 0.000005 0.000005 0.000006 0.000007 0.000006 0.000005 0.000006 0.000007 
5736.129479 5736.007594 5735.804527 5735.453993 5734.868167 5735.157686 5736.310307 5736.018619 5735.573007 5734.703226 5734.206114 5734.612377 5733.233317 5731.125525 5731.547563 5734.229398 5735.642291 5734.420920 5734.795982 5736.533211 5737.480122 5738.029806 5738.896109 5739.527648 5739.892221 5739.879146 5739.417777 5739.175232 5738.255747 5735.780605 5734.429274 
0.000486 0.000554 0.000464 0.000280 0.000113 0.000034 0.000023 0.000022 0.000020 0.000017 0.000013 0.000011 0.000010 0.000011 0.000011 0.000010 0.000009 0.000008 0.000007 0.000007 0.000006 0.000005 0.000005 0.000005 0.000004 0.000004 0.000005 0.000006 0.000006 0.000007 0.000009 
5798.765769 5798.672754 5798.590911 5798.567387 5798.992409 5801.579536 5801.184506 5799.387164 5799.127580 5799.154390 5799.283274 5799.495730 5799.713906 5799.913263 5800.032616 5799.893938 5799.126488 5797.030991 5794.666005 5794.229731 5795.433354 5796.295444 5797.591100 5800.970259 5803.452346 5801.416313 5801.589182 5801.703645 5799.598916 5795.518353 5794.252310 
0.000435 0.000491 0.000411 0.000254 0.000115 0.000044 0.000024 0.000020 0.000019 0.000016 0.000013 0.000011 0.000009 0.000008 0.000007 0.000006 0.000005 0.000005 0.000005 0.000005 0.000004 0.000004 0.000005 0.000005 0.000005 0.000005 0.000005 0.000005 0.000006 0.000005 0.000005 
5855.724190 5855.411122 5854.976479 5854.418202 5853.900068 5854.039703 5855.152470 5855.224572 5855.053081 5855.447942 5856.091738 5856.258285 5855.335493 5853.823396 5853.272223 5853.878674 5854.335258 5854.388024 5855.213392 5856.340550 5857.779224 5859.410755 5860.507228 5861.492774 5861.009963 5857.879847 5853.823734 5851.796932 5851.758376 5851.386082 5851.484266 
