29.000000 66.000000 0.015986
0.000920 0.002468 0.002081 0.001755 0.000990 0.001270 0.000823 0.000630 0.001116 0.000506 0.000661 0.000322 0.000221 0.000472 0.000214 0.000175 0.000198 0.000063 0.000115 0.000135 0.000068 0.000062 0.000071 0.000058 0.000045 0.000054 0.000043 0.000049 0.000145 
5.377846 9.839727 9.646931 6.363074 11.358119 5.613412 8.924928 11.740439 5.014395 11.534207 5.047834 7.982681 11.043024 4.476691 10.197411 9.198570 4.155214 11.194373 7.892633 4.522165 9.862291 11.817317 6.283831 8.805436 9.520928 3.755016 6.603290 9.514974 7.566322 
0.000701 0.002026 0.001707 0.001438 0.001253 0.001046 0.000913 0.000832 0.000777 0.000646 0.000503 0.000401 0.000349 0.000324 0.000278 0.000222 0.000162 0.000117 0.000092 0.000098 0.000110 0.000107 0.000088 0.000065 0.000048 0.000037 0.000034 0.000048 0.000141 
33.606866 33.762036 33.890324 33.883353 34.018302 33.917069 33.830749 33.992506 34.041742 34.419100 34.732375 35.003666 35.439192 35.347571 35.254277 34.914285 34.967502 34.467021 33.608328 34.472450 35.632663 35.826536 35.373259 34.844606 34.490692 33.944738 32.021885 34.739820 35.489588 
0.000934 0.002465 0.002165 0.001903 0.001742 0.001496 0.001319 0.001199 0.001059 0.000868 0.000661 0.000549 0.000548 0.000562 0.000529 0.000443 0.000338 0.000259 0.000240 0.000293 0.000375 0.000415 0.000395 0.000334 0.000267 0.000211 0.000202 0.000245 0.000373 
53.485345 53.092128 52.966265 52.959711 52.890378 52.897349 53.019361 53.187210 53.363384 53.665319 53.834591 53.264531 52.633960 52.975227 54.113139 55.351285 56.413573 57.186820 57.136166 55.710076 54.800879 54.966412 55.790284 56.710672 57.248563 57.674997 56.325615 53.413017 51.653576 
0.011304 0.012342 0.009837 0.005981 0.003478 0.002594 0.002234 0.002049 0.001871 0.001587 0.001215 0.000904 0.000788 0.000774 0.000733 0.000654 0.000553 0.000438 0.000341 0.000327 0.000374 0.000371 0.000304 0.000234 0.000199 0.000174 0.000151 0.000154 0.000240 
103.073680 103.097277 103.141463 103.117179 102.400757 101.196682 100.788180 100.671870 100.237407 99.861217 99.685306 99.994074 100.763826 101.134076 101.060639 100.495631 99.895073 100.208557 100.937715 100.819311 100.583356 100.131274 98.844732 98.144154 99.342698 99.450884 98.660120 99.785091 102.442098 
0.235235 0.695167 0.585408 0.492978 0.437585 0.371653 0.326232 0.303014 0.275874 0.229050 0.174263 0.135228 0.112626 0.103426 0.092817 0.075688 0.055715 0.039366 0.031531 0.029407 0.030420 0.029411 0.025735 0.020369 0.015277 0.012676 0.011959 0.012325 0.011792 
144.281425 144.072179 144.052628 143.961672 143.564648 143.375305 143.704655 144.676567 145.481262 145.583007 144.981035 144.650104 144.954540 146.216514 147.237426 147.640859 147.373614 146.515847 146.341015 147.009053 148.231911 148.689052 148.530980 147.748166 146.442339 145.944563 146.337900 147.440825 147.982847 
0.038241 0.054149 0.048172 0.046694 0.040793 0.031090 0.026171 0.024282 0.026024 0.026261 0.026114 0.025089 0.022182 0.018235 0.014474 0.011181 0.008578 0.007414 0.007184 0.007206 0.007099 0.006837 0.006232 0.005328 0.004436 0.003678 0.002987 0.002535 0.002255 
179.460165 180.414415 181.429194 182.082410 182.010128 180.373570 179.444897 179.817453 181.601567 182.399353 182.841001 182.926854 182.521404 181.927086 181.658999 181.184145 180.277531 180.199424 180.868422 181.650173 182.040177 182.388029 182.447915 182.180105 181.773425 181.260015 180.574008 180.098943 179.664584 
0.013514 0.043970 0.037136 0.031364 0.026489 0.025596 0.021364 0.017514 0.012571 0.009730 0.010303 0.011930 0.008924 0.005455 0.004404 0.004865 0.004111 0.003307 0.002697 0.001775 0.001558 0.002051 0.001897 0.000974 0.000707 0.000840 0.000802 0.000664 0.000607 
195.857333 199.547854 201.815168 198.916967 196.801580 196.645307 197.089224 197.278089 198.775066 200.559686 198.600030 196.266275 197.201302 200.183044 200.043829 196.982903 197.511836 198.006098 197.485433 200.033358 200.185306 196.109252 195.404420 199.106546 200.362735 196.940249 197.331283 198.761054 198.352922 
0.027427 0.054802 0.044893 0.042294 0.035350 0.028355 0.021649 0.017626 0.015485 0.013424 0.010291 0.007423 0.005468 0.004089 0.003013 0.002426 0.002097 0.001846 0.001524 0.001221 0.000951 0.000698 0.000481 0.000343 0.000245 0.000192 0.000168 0.000169 0.000176 
227.967674 226.914012 225.885159 226.135737 227.560815 228.053450 227.506458 227.663219 228.844567 229.774534 229.223958 228.437393 228.043743 228.209162 227.392424 227.398327 228.619160 229.023342 228.741144 228.875815 229.314864 228.672167 227.252181 226.474620 226.963125 226.012364 226.573526 227.385144 224.462251 
0.011241 0.014265 0.012388 0.010436 0.009705 0.009592 0.006750 0.005364 0.005941 0.005756 0.004201 0.002737 0.002040 0.001766 0.001201 0.000776 0.000586 0.000368 0.000221 0.000215 0.000289 0.000277 0.000177 0.000113 0.000085 0.000058 0.000044 0.000053 0.000095 
242.257697 243.309848 245.581466 246.677820 245.946772 243.756628 243.393533 243.194134 242.658322 242.919816 244.270501 245.901866 245.973269 244.403558 244.304760 243.374673 241.655719 241.946750 245.741848 246.347814 243.973956 243.830290 245.621979 246.467566 245.249626 244.153791 241.942735 242.018006 243.051768 
0.018320 0.050988 0.038198 0.037035 0.026712 0.014699 0.008740 0.007547 0.007007 0.006028 0.004310 0.002452 0.001490 0.001197 0.000770 0.000443 0.000386 0.000376 0.000328 0.000235 0.000170 0.000163 0.000155 0.000112 0.000068 0.000054 0.000056 0.000055 0.000076 
265.522107 264.125270 262.910681 262.135929 261.587560 261.775322 263.468858 264.463768 265.756499 264.928376 264.118222 264.685622 263.081675 259.265435 259.025381 261.286837 263.263312 263.496674 263.008524 262.897426 261.980059 258.789545 257.528755 257.905141 259.980683 260.932965 260.450757 261.417854 261.660199 
0.011726 0.009354 0.007704 0.008089 0.009919 0.009609 0.008269 0.005323 0.002535 0.001842 0.002021 0.002178 0.001727 0.001134 0.000712 0.000543 0.000459 0.000399 0.000326 0.000261 0.000202 0.000137 0.000083 0.000063 0.000068 0.000073 0.000068 0.000054 0.000051 
286.120894 288.675801 289.140652 284.553023 282.097708 281.982221 283.330321 284.301121 285.375332 285.928870 285.552845 285.259931 285.901230 286.405556 285.119625 283.623414 283.437619 284.957886 286.691755 287.061745 286.192946 284.654185 282.554360 282.928522 285.687576 286.601379 286.510165 286.053551 285.592832 
0.015151 0.016241 0.013986 0.010783 0.008644 0.007106 0.005717 0.003721 0.002137 0.001431 0.001094 0.000854 0.000691 0.000619 0.000430 0.000247 0.000186 0.000157 0.000128 0.000118 0.000108 0.000089 0.000078 0.000072 0.000062 0.000045 0.000039 0.000052 0.000079 
297.569404 297.319432 297.290120 298.206944 299.203658 299.039427 297.926693 297.870544 298.973951 298.585824 295.771312 294.224374 294.213939 295.813851 296.804671 297.357100 296.252931 294.841081 294.085894 294.634208 295.050381 294.915828 295.691550 296.601676 296.572620 295.638735 295.025853 295.639486 296.826837 
0.018890 0.017429 0.012459 0.011151 0.012248 0.008813 0.003046 0.001132 0.001249 0.001042 0.000723 0.000534 0.000412 0.000347 0.000271 0.000181 0.000136 0.000128 0.000121 0.000106 0.000085 0.000059 0.000044 0.000036 0.000035 0.000032 0.000027 0.000032 0.000046 
309.204257 310.226236 311.924532 311.801652 309.695263 308.860096 308.661516 311.023570 308.444778 306.293733 306.566934 307.915932 307.494211 306.925481 307.840192 309.953178 310.491225 310.167329 310.668202 310.455229 309.818234 309.033857 306.787056 305.890858 306.998797 306.705080 305.323487 305.762461 306.411362 
0.034676 0.064620 0.046431 0.036793 0.023465 0.012712 0.006215 0.002935 0.001535 0.001061 0.000718 0.000407 0.000191 0.000156 0.000190 0.000210 0.000225 0.000234 0.000216 0.000166 0.000120 0.000097 0.000083 0.000066 0.000051 0.000039 0.000027 0.000021 0.000021 
321.897052 321.869218 321.692979 321.303096 320.690477 320.112918 319.802106 319.853558 320.952599 322.929357 322.816574 321.653081 320.228565 320.781333 321.639999 320.761706 319.979132 320.117754 320.232897 319.628326 319.120381 319.737696 320.765682 321.138532 321.261267 321.309011 321.358138 322.453219 323.430369 
0.037773 0.047017 0.042380 0.026931 0.011358 0.005978 0.004404 0.002998 0.002043 0.001518 0.001045 0.000610 0.000352 0.000255 0.000216 0.000183 0.000175 0.000191 0.000193 0.000156 0.000117 0.000091 0.000067 0.000045 0.000031 0.000028 0.000031 0.000038 0.000052 
334.995721 334.743985 334.630718 335.013324 337.907424 339.232911 336.985660 337.331877 337.190216 335.017667 333.518750 334.063026 336.367257 337.043294 336.843969 337.871516 338.372460 337.491462 336.471523 337.273174 338.561369 338.845624 339.372743 340.374887 338.197217 335.801759 337.304366 338.290225 338.507609 
0.011101 0.011954 0.009173 0.004832 0.002252 0.001464 0.001069 0.000609 0.000500 0.000424 0.000308 0.000231 0.000196 0.000177 0.000158 0.000139 0.000117 0.000087 0.000061 0.000056 0.000059 0.000061 0.000070 0.000073 0.000067 0.000061 0.000058 0.000056 0.000056 
353.825511 353.487737 353.327400 354.490044 358.208228 359.610785 357.725474 359.312713 356.783676 355.285151 355.532738 355.469996 355.349308 355.855380 356.988650 357.813616 357.812420 357.841989 359.074419 358.734334 358.826554 359.394926 358.420135 358.006364 358.639069 359.292277 359.417893 359.605779 358.646410 
0.003765 0.003630 0.002318 0.001416 0.001063 0.000833 0.000522 0.000393 0.000320 0.000250 0.000191 0.000146 0.000124 0.000117 0.000111 0.000094 0.000069 0.000046 0.000034 0.000031 0.000036 0.000043 0.000041 0.000030 0.000017 0.000014 0.000020 0.000025 0.000022 
369.586617 370.230758 372.148363 372.851310 371.101043 368.505743 367.922264 369.263236 370.235882 370.717669 370.898383 371.086456 371.224236 371.238276 371.056095 370.680220 370.248845 369.911891 370.269058 371.126410 370.752129 369.973049 369.462594 369.222443 369.775919 369.662923 368.346080 368.749562 369.837364 
0.002071 0.002611 0.002427 0.001905 0.001334 0.000802 0.000444 0.000345 0.000332 0.000291 0.000222 0.000159 0.000130 0.000121 0.000110 0.000092 0.000072 0.000055 0.000045 0.000041 0.000038 0.000035 0.000032 0.000027 0.000021 0.000018 0.000017 0.000017 0.000020 
402.422233 403.199097 404.400751 404.690262 403.361816 400.670835 399.875981 401.507535 401.877958 401.216636 400.731616 400.523966 400.727321 401.027867 401.164646 401.060805 400.707321 400.356016 400.496721 400.770899 400.721613 400.680849 400.878628 401.093460 401.126724 400.815231 400.141968 399.068766 398.586234 
0.002384 0.015072 0.011087 0.008155 0.007062 0.004704 0.002623 0.001413 0.000796 0.000460 0.000302 0.000256 0.000244 0.000305 0.000309 0.000244 0.000150 0.000077 0.000060 0.000075 0.000087 0.000082 0.000065 0.000043 0.000025 0.000018 0.000021 0.000026 0.000032 
444.690840 446.864182 448.250911 448.943780 449.393172 449.843065 449.844952 448.778380 446.273216 445.594045 448.643212 449.249709 448.678505 446.408705 445.539541 445.283128 445.507021 446.608585 446.243013 445.220820 445.420100 446.028530 446.692698 447.650399 449.339994 448.512148 446.386675 446.856224 448.451371 
0.003170 0.013458 0.009948 0.007353 0.005538 0.003000 0.001298 0.000742 0.000568 0.000414 0.000311 0.000267 0.000243 0.000211 0.000161 0.000115 0.000078 0.000058 0.000058 0.000065 0.000066 0.000063 0.000058 0.000049 0.000038 0.000029 0.000024 0.000022 0.000026 
469.851722 467.708388 465.647039 464.048008 463.204187 463.972741 468.701787 469.199058 464.594696 464.086180 466.887596 469.917700 470.938394 470.894889 471.449406 471.005971 469.214366 469.259850 471.213814 473.317323 473.975842 474.030324 474.021965 473.821584 472.423969 469.667636 468.312328 469.099763 470.700271 
0.001207 0.002807 0.002231 0.002144 0.001724 0.001179 0.000700 0.000440 0.000348 0.000270 0.000197 0.000150 0.000123 0.000112 0.000109 0.000098 0.000076 0.000056 0.000048 0.000047 0.000052 0.000055 0.000048 0.000035 0.000022 0.000019 0.000021 0.000022 0.000021 
486.865058 485.785062 486.560841 489.342766 492.497816 493.474996 492.432929 492.357613 491.938942 491.373248 490.326277 489.179997 489.421313 489.635454 489.016390 488.550892 488.243107 487.641047 487.099005 486.880997 486.805506 486.826208 486.817681 486.821575 487.448855 489.192212 490.047373 490.681842 492.070378 
0.006643 0.014596 0.010287 0.008123 0.004638 0.001953 0.000879 0.000484 0.000299 0.000211 0.000162 0.000125 0.000103 0.000093 0.000083 0.000070 0.000053 0.000038 0.000029 0.000027 0.000028 0.000027 0.000024 0.000020 0.000015 0.000013 0.000012 0.000013 0.000013 
552.537078 553.418606 554.115047 554.640486 555.030003 555.133495 555.223048 555.053749 554.712904 554.527435 554.244806 554.126207 554.103192 554.044320 554.027724 553.998384 553.961008 553.901230 553.727639 553.709131 553.824122 553.837131 553.627910 553.166558 552.802018 552.966729 552.987585 552.388771 552.072384 
0.010031 0.026924 0.018753 0.016092 0.010292 0.005088 0.002312 0.001132 0.000590 0.000328 0.000193 0.000127 0.000106 0.000102 0.000102 0.000091 0.000072 0.000058 0.000052 0.000050 0.000046 0.000041 0.000038 0.000038 0.000038 0.000036 0.000035 0.000036 0.000037 
590.430566 590.726480 590.620233 590.252063 589.676490 589.354059 589.777996 590.212490 589.782963 589.535482 591.275925 593.257155 593.111214 592.820528 593.050926 593.534933 594.394781 595.394648 595.828349 596.016141 596.334644 596.529638 596.777495 597.042326 597.351854 597.924903 598.226589 598.097485 597.536916 
0.033357 0.076052 0.051448 0.042659 0.027657 0.014547 0.006707 0.002945 0.001296 0.000587 0.000330 0.000241 0.000209 0.000171 0.000142 0.000125 0.000112 0.000099 0.000082 0.000059 0.000047 0.000045 0.000048 0.000047 0.000042 0.000033 0.000024 0.000018 0.000016 
633.386466 632.820399 632.496735 632.351008 632.315759 632.216159 631.988411 631.938472 632.139885 632.596228 633.741569 634.671169 634.954558 635.952386 637.789814 638.181167 636.351339 634.732621 634.369256 634.592793 635.095727 635.374963 634.607652 633.477546 632.695027 632.204959 631.989079 632.668145 633.943553 
0.006817 0.012453 0.008907 0.007382 0.004672 0.002262 0.001025 0.000530 0.000338 0.000245 0.000188 0.000154 0.000129 0.000109 0.000096 0.000080 0.000060 0.000042 0.000032 0.000030 0.000031 0.000030 0.000026 0.000022 0.000018 0.000016 0.000016 0.000016 0.000015 
680.400039 681.865930 682.430864 682.002356 681.108064 680.146283 679.916884 680.364755 679.764949 679.885531 680.002255 679.089608 678.146850 678.778403 680.147832 680.826647 680.972418 680.545191 679.593229 679.923687 680.579352 680.657365 680.430972 679.951461 679.092910 677.812276 677.605028 678.577017 679.369717 
0.007688 0.009852 0.009390 0.006648 0.003724 0.001903 0.001034 0.000486 0.000323 0.000279 0.000255 0.000220 0.000175 0.000136 0.000114 0.000098 0.000081 0.000065 0.000052 0.000045 0.000042 0.000041 0.000040 0.000039 0.000036 0.000032 0.000030 0.000032 0.000034 
727.638158 727.927743 727.262603 726.233697 726.463246 728.888126 730.941694 729.316174 725.071169 724.567194 725.976120 726.825430 726.808782 726.029417 726.097053 726.951923 727.024962 726.001812 724.047823 722.569252 722.504214 722.707765 722.504351 721.844548 721.499806 721.863791 721.422041 720.721929 721.011661 
0.011994 0.015673 0.014873 0.010254 0.005187 0.002434 0.001257 0.000628 0.000337 0.000240 0.000173 0.000128 0.000111 0.000106 0.000097 0.000081 0.000065 0.000054 0.000049 0.000045 0.000041 0.000035 0.000028 0.000022 0.000018 0.000018 0.000020 0.000023 0.000024 
801.074051 799.180017 797.280010 795.367635 794.371735 794.265587 793.739451 791.781374 791.592561 789.541689 787.675205 787.077343 786.105482 785.120106 785.039458 785.241138 784.550571 782.895823 780.898032 780.462496 781.430732 783.042644 784.711371 786.156038 787.262364 786.752114 784.960282 783.526643 782.291674 
0.008318 0.009620 0.008195 0.005094 0.002268 0.000802 0.000364 0.000258 0.000226 0.000179 0.000138 0.000107 0.000089 0.000079 0.000070 0.000060 0.000050 0.000045 0.000043 0.000042 0.000040 0.000040 0.000040 0.000039 0.000038 0.000036 0.000034 0.000033 0.000032 
836.231229 835.653473 835.122375 834.466190 833.725039 836.056475 842.536445 845.206120 845.185365 846.222916 846.438530 846.007724 845.910322 846.460523 846.788702 846.287462 844.766685 842.982021 842.535023 843.231057 843.833297 843.579883 842.859841 842.007837 841.260074 841.230409 841.507028 841.581916 842.281999 
0.001793 0.002022 0.001920 0.001495 0.000956 0.000585 0.000378 0.000242 0.000189 0.000153 0.000116 0.000089 0.000075 0.000069 0.000062 0.000051 0.000038 0.000027 0.000022 0.000022 0.000023 0.000022 0.000019 0.000015 0.000012 0.000010 0.000009 0.000009 0.000012 
882.129784 882.235616 882.127443 881.703189 881.451120 881.561338 881.503870 881.165768 881.190704 881.523219 881.894976 882.114541 882.016916 882.030620 882.323280 882.826476 883.126276 882.447656 881.617596 882.671881 883.399326 883.151008 882.462261 881.729973 881.067417 880.695952 880.588656 881.774663 883.405899 
0.005151 0.006215 0.005633 0.003756 0.001721 0.000663 0.000366 0.000280 0.000212 0.000169 0.000131 0.000100 0.000082 0.000073 0.000064 0.000052 0.000040 0.000031 0.000027 0.000027 0.000026 0.000024 0.000021 0.000018 0.000016 0.000015 0.000013 0.000013 0.000013 
924.877115 925.260793 925.279068 924.773491 922.978354 921.031351 920.764519 922.227064 920.084864 919.330303 919.734562 919.864775 919.169414 918.187598 917.511488 917.077141 916.930442 917.816041 919.035189 918.234055 916.257980 914.946483 915.322004 916.701199 917.162722 916.154077 914.316440 912.670162 912.193129 
0.007340 0.008896 0.008167 0.005583 0.002764 0.001096 0.000527 0.000310 0.000194 0.000148 0.000113 0.000087 0.000074 0.000068 0.000061 0.000051 0.000041 0.000032 0.000029 0.000029 0.000030 0.000031 0.000030 0.000026 0.000023 0.000021 0.000022 0.000024 0.000025 
972.045410 971.046893 969.134429 966.724346 964.702735 967.098959 972.332902 971.633863 966.967497 965.444661 965.628503 965.725433 965.481420 965.296437 965.539981 965.712123 965.305825 964.331542 963.634625 963.888485 963.489567 962.050775 961.467656 961.999654 962.473926 962.142509 961.478724 961.804317 963.544369 
0.007112 0.008926 0.008160 0.005465 0.002660 0.001012 0.000370 0.000204 0.000164 0.000132 0.000099 0.000075 0.000064 0.000060 0.000055 0.000046 0.000036 0.000026 0.000022 0.000021 0.000021 0.000021 0.000019 0.000015 0.000013 0.000011 0.000010 0.000011 0.000012 
1016.599091 1017.983889 1018.888346 1019.192599 1018.589560 1018.911241 1021.045876 1018.149176 1016.926068 1017.044143 1017.221839 1017.258973 1017.564928 1017.961626 1018.336123 1018.756244 1019.214497 1019.591951 1019.490681 1019.133003 1019.203123 1019.659367 1020.020359 1019.969719 1019.993777 1021.099165 1022.186132 1021.294034 1019.532546 
0.007936 0.010110 0.009382 0.006319 0.002958 0.000920 0.000300 0.000212 0.000188 0.000157 0.000120 0.000093 0.000080 0.000076 0.000071 0.000061 0.000047 0.000037 0.000032 0.000032 0.000032 0.000030 0.000028 0.000026 0.000025 0.000024 0.000025 0.000027 0.000026 
1056.793688 1056.624451 1057.423152 1059.380226 1062.925176 1066.233816 1061.537683 1061.021135 1060.131334 1060.096856 1060.427342 1060.651837 1060.774034 1061.448989 1062.661288 1064.155029 1066.162920 1068.904531 1070.992316 1071.516898 1071.224446 1070.890676 1071.439306 1073.541344 1076.120819 1077.517577 1077.730571 1077.757572 1077.191648 
0.002071 0.004060 0.003009 0.002734 0.001978 0.001112 0.000528 0.000272 0.000183 0.000139 0.000101 0.000075 0.000063 0.000059 0.000053 0.000044 0.000033 0.000025 0.000022 0.000021 0.000020 0.000018 0.000015 0.000013 0.000012 0.000011 0.000010 0.000012 0.000016 
1101.942368 1103.482214 1103.176838 1101.922275 1101.555346 1102.671878 1102.729990 1101.564929 1104.165353 1105.303112 1105.502534 1105.999013 1106.249752 1105.933165 1105.531820 1105.392215 1105.689594 1105.574528 1103.961531 1103.075035 1103.523326 1104.784865 1106.504942 1105.222726 1100.466355 1099.359204 1101.129724 1099.255698 1097.391948 
0.002317 0.002718 0.002449 0.001779 0.001098 0.000571 0.000253 0.000153 0.000135 0.000111 0.000085 0.000065 0.000055 0.000051 0.000046 0.000038 0.000028 0.000021 0.000018 0.000018 0.000018 0.000017 0.000015 0.000012 0.000009 0.000009 0.000010 0.000012 0.000013 
1159.223435 1158.995661 1157.660919 1154.538569 1150.844180 1148.939632 1149.419614 1150.529654 1150.855091 1150.894759 1151.076095 1151.248384 1151.350647 1151.388913 1151.390417 1151.297951 1150.891058 1149.789569 1148.390005 1148.241719 1148.831765 1149.337374 1149.834030 1150.683232 1151.431862 1150.250254 1148.400623 1147.166185 1146.200052 
0.004460 0.005042 0.004237 0.002706 0.001424 0.000705 0.000354 0.000202 0.000143 0.000112 0.000084 0.000064 0.000055 0.000051 0.000046 0.000039 0.000029 0.000021 0.000018 0.000018 0.000019 0.000020 0.000019 0.000016 0.000013 0.000012 0.000012 0.000013 0.000013 
1182.792559 1182.711025 1183.380173 1185.613332 1189.221215 1192.156273 1190.658604 1186.928897 1184.892244 1184.321576 1184.097776 1184.209098 1184.673508 1185.051199 1185.280202 1185.571904 1185.953451 1186.194310 1186.065011 1186.355523 1187.769462 1189.643867 1191.332837 1192.472380 1192.782721 1193.148079 1193.851565 1192.277533 1187.562826 
0.002812 0.003378 0.003140 0.002385 0.001626 0.000976 0.000520 0.000254 0.000152 0.000111 0.000082 0.000063 0.000053 0.000048 0.000042 0.000035 0.000025 0.000018 0.000014 0.000014 0.000014 0.000013 0.000012 0.000010 0.000009 0.000008 0.000008 0.000008 0.000009 
1238.514137 1238.936624 1240.485456 1243.431799 1245.447859 1245.301100 1243.285645 1243.093860 1243.921913 1244.160097 1244.146860 1243.961417 1243.667803 1243.445990 1243.383425 1243.395778 1243.431346 1243.634129 1244.260737 1244.333885 1243.595274 1243.230821 1243.797973 1244.849953 1245.893981 1244.628092 1240.673999 1239.364513 1242.848604 
0.000857 0.001467 0.001128 0.000932 0.000575 0.000250 0.000130 0.000116 0.000103 0.000085 0.000065 0.000049 0.000042 0.000038 0.000034 0.000029 0.000022 0.000017 0.000014 0.000014 0.000015 0.000016 0.000016 0.000016 0.000014 0.000012 0.000011 0.000012 0.000012 
1270.492753 1272.353567 1272.528456 1271.334903 1270.187357 1270.658686 1271.016546 1269.989361 1270.367209 1270.424797 1270.417412 1270.390569 1270.327353 1270.255287 1270.157244 1269.936666 1269.528598 1268.932227 1268.457665 1268.427163 1268.386499 1267.907966 1267.161787 1266.712370 1266.605143 1266.754766 1267.479507 1267.438587 1266.550549 
0.003259 0.003951 0.003502 0.002265 0.001093 0.000521 0.000328 0.000245 0.000195 0.000156 0.000119 0.000091 0.000077 0.000071 0.000064 0.000054 0.000042 0.000032 0.000027 0.000028 0.000029 0.000030 0.000028 0.000026 0.000023 0.000022 0.000022 0.000022 0.000022 
1324.729784 1324.286923 1324.371423 1325.536473 1328.706918 1329.363879 1323.374989 1322.289441 1323.927480 1324.926298 1325.334479 1325.535136 1325.543235 1325.773994 1326.078303 1325.865799 1324.754465 1323.237849 1322.873044 1323.682379 1324.331709 1324.257146 1323.463827 1322.553393 1322.322456 1322.823097 1323.329729 1323.605299 1325.172777 
0.000459 0.000815 0.000647 0.000494 0.000270 0.000122 0.000096 0.000092 0.000084 0.000069 0.000053 0.000041 0.000035 0.000032 0.000029 0.000024 0.000020 0.000016 0.000013 0.000012 0.000012 0.000011 0.000010 0.000010 0.000009 0.000008 0.000008 0.000009 0.000010 
1381.501826 1380.912552 1380.511458 1380.466306 1381.071276 1382.058359 1380.667197 1380.737040 1380.849539 1380.833846 1380.801602 1380.819079 1380.872299 1380.956538 1381.116633 1381.315970 1381.557752 1381.770280 1381.597600 1381.133976 1380.749213 1380.324468 1380.284060 1381.129136 1382.133057 1382.071443 1381.379231 1381.745894 1382.748004 
0.001022 0.001152 0.001000 0.000684 0.000387 0.000212 0.000148 0.000131 0.000118 0.000097 0.000074 0.000056 0.000048 0.000045 0.000041 0.000034 0.000026 0.000020 0.000018 0.000018 0.000019 0.000019 0.000018 0.000016 0.000013 0.000012 0.000012 0.000013 0.000013 
1426.496217 1424.446577 1422.098394 1419.891558 1418.768372 1420.257977 1424.145689 1425.420337 1424.892202 1424.568391 1424.530853 1424.582083 1424.674252 1424.723296 1424.709865 1424.873667 1425.976301 1428.752082 1431.148998 1431.250177 1430.435181 1429.833886 1430.314588 1432.178519 1434.652388 1436.451187 1436.451977 1435.411885 1433.108978 
0.001154 0.001338 0.001221 0.000897 0.000543 0.000290 0.000187 0.000148 0.000122 0.000099 0.000076 0.000058 0.000049 0.000046 0.000041 0.000034 0.000025 0.000019 0.000016 0.000016 0.000016 0.000016 0.000014 0.000012 0.000011 0.000011 0.000011 0.000011 0.000012 
1463.335393 1465.557733 1468.028436 1469.931621 1469.867735 1466.086529 1461.248209 1461.982275 1463.484756 1463.979145 1463.995149 1464.026754 1463.907889 1463.665182 1463.561733 1463.475023 1462.865366 1461.011364 1458.907839 1458.648470 1459.346514 1459.864952 1460.076656 1459.147847 1456.463326 1455.123584 1455.508839 1455.572085 1456.923854 
0.001051 0.001202 0.001106 0.000859 0.000547 0.000276 0.000136 0.000112 0.000101 0.000084 0.000064 0.000049 0.000041 0.000040 0.000037 0.000032 0.000025 0.000020 0.000018 0.000017 0.000017 0.000016 0.000013 0.000012 0.000011 0.000012 0.000013 0.000013 0.000012 
1547.932008 1546.589220 1544.352812 1542.569413 1541.961091 1543.062942 1545.355615 1546.733016 1546.596364 1546.392687 1546.179982 1545.839845 1545.890611 1546.590317 1547.416570 1548.247481 1549.349909 1550.955692 1552.378240 1552.838547 1552.581831 1552.210167 1552.297165 1553.602861 1555.744123 1557.024168 1556.985292 1556.478067 1554.545205 
0.002445 0.002965 0.002605 0.001639 0.000722 0.000291 0.000187 0.000151 0.000130 0.000107 0.000082 0.000062 0.000053 0.000049 0.000044 0.000037 0.000028 0.000020 0.000016 0.000016 0.000017 0.000017 0.000014 0.000012 0.000010 0.000009 0.000009 0.000010 0.000011 
1633.179811 1633.340122 1633.129749 1632.460779 1631.274516 1631.335673 1633.611066 1632.466087 1630.447568 1629.411058 1628.852305 1628.666473 1628.646832 1628.506751 1628.267569 1627.990464 1627.798622 1627.995590 1629.049255 1629.914268 1629.633506 1628.990938 1628.550534 1628.842437 1630.768444 1634.100010 1636.074006 1635.576608 1635.310697 
0.001068 0.001340 0.001233 0.000852 0.000476 0.000237 0.000141 0.000108 0.000091 0.000075 0.000058 0.000044 0.000038 0.000036 0.000033 0.000028 0.000022 0.000018 0.000018 0.000019 0.000019 0.000019 0.000017 0.000016 0.000016 0.000016 0.000015 0.000013 0.000012 
1672.108463 1671.495116 1671.806049 1673.503576 1675.668433 1675.792465 1671.995925 1672.669371 1673.692616 1674.020858 1674.143875 1674.271051 1674.517910 1674.838872 1675.137337 1675.437934 1675.950748 1677.116596 1678.647102 1679.519974 1679.617385 1679.446783 1679.386147 1679.436707 1679.743438 1680.350701 1680.827451 1679.522468 1676.488686 
0.000924 0.000975 0.000763 0.000455 0.000247 0.000146 0.000120 0.000106 0.000084 0.000062 0.000045 0.000033 0.000027 0.000026 0.000023 0.000019 0.000014 0.000011 0.000010 0.000009 0.000009 0.000008 0.000007 0.000005 0.000004 0.000005 0.000006 0.000006 0.000005 
1705.794629 1706.038179 1705.763765 1704.173170 1703.069104 1705.141238 1706.740548 1705.940761 1705.399310 1704.789515 1704.344135 1704.002893 1703.753558 1703.722917 1703.786364 1703.781407 1703.650006 1703.383894 1703.370137 1704.037997 1704.355775 1703.867507 1703.387126 1702.984278 1702.871808 1703.523976 1703.906987 1704.613460 1706.025496 
0.002181 0.002443 0.002097 0.001425 0.000826 0.000383 0.000155 0.000102 0.000092 0.000076 0.000059 0.000046 0.000039 0.000036 0.000033 0.000027 0.000021 0.000015 0.000012 0.000012 0.000013 0.000012 0.000012 0.000010 0.000009 0.000007 0.000007 0.000007 0.000007 
1755.546590 1755.559371 1754.264527 1751.485561 1749.255790 1749.902821 1754.495339 1752.833731 1752.256910 1752.098558 1751.979533 1751.783428 1751.575302 1751.442842 1751.308917 1751.169830 1751.145132 1751.341174 1751.725839 1752.592998 1753.388280 1753.035748 1751.527234 1750.132051 1750.061217 1750.418671 1749.926339 1749.577680 1750.170103 
0.001574 0.001663 0.001309 0.000814 0.000456 0.000252 0.000150 0.000123 0.000110 0.000091 0.000070 0.000054 0.000046 0.000043 0.000039 0.000033 0.000026 0.000021 0.000018 0.000017 0.000018 0.000018 0.000018 0.000016 0.000014 0.000013 0.000014 0.000015 0.000016 
1811.567756 1811.855587 1811.385215 1809.496230 1807.458727 1809.681141 1814.608200 1815.285568 1815.063995 1814.760929 1814.428665 1814.117650 1814.207044 1814.634641 1814.763128 1814.188260 1812.813592 1811.190396 1810.128427 1809.425714 1808.795269 1808.338760 1808.022815 1807.812453 1808.083357 1808.567444 1808.030096 1806.273588 1804.992385 
0.002217 0.002334 0.001771 0.000946 0.000354 0.000160 0.000122 0.000109 0.000099 0.000082 0.000063 0.000048 0.000041 0.000039 0.000035 0.000029 0.000022 0.000016 0.000013 0.000013 0.000013 0.000012 0.000011 0.000009 0.000008 0.000007 0.000008 0.000008 0.000009 
1895.553203 1895.641741 1895.611718 1895.048385 1891.941614 1884.657701 1886.100220 1887.836095 1887.949294 1887.640313 1887.275927 1887.134578 1887.348850 1887.346389 1886.722173 1885.733099 1885.055278 1885.392331 1886.446871 1886.846064 1886.819152 1886.580546 1886.147077 1885.041968 1883.160557 1881.498201 1880.836610 1881.587664 1882.732976 
0.002098 0.002130 0.001554 0.000803 0.000318 0.000142 0.000080 0.000068 0.000062 0.000052 0.000040 0.000031 0.000027 0.000025 0.000022 0.000018 0.000015 0.000012 0.000010 0.000009 0.000009 0.000009 0.000009 0.000007 0.000005 0.000006 0.000007 0.000007 0.000007 
1933.066858 1932.984835 1932.802418 1932.354466 1931.418139 1931.033948 1931.293636 1932.194126 1932.391108 1932.358411 1932.247298 1932.115651 1932.115178 1932.187368 1932.141116 1931.892993 1931.389259 1930.861685 1931.042812 1931.768211 1931.835681 1931.252737 1930.793700 1930.486073 1929.798883 1928.750541 1928.536209 1929.027432 1930.227580 
0.004532 0.004759 0.003560 0.001817 0.000616 0.000234 0.000140 0.000111 0.000097 0.000079 0.000061 0.000047 0.000040 0.000037 0.000033 0.000028 0.000021 0.000015 0.000012 0.000012 0.000012 0.000013 0.000012 0.000011 0.000010 0.000009 0.000009 0.000009 0.000009 
1967.738216 1968.096735 1968.457678 1968.708873 1968.152019 1967.273560 1968.510069 1966.650540 1966.324385 1966.473099 1966.650323 1966.817469 1966.880282 1967.071065 1967.536589 1968.068441 1968.291330 1967.756323 1966.771381 1966.791725 1967.213513 1967.293371 1967.174214 1967.246306 1967.473142 1967.793074 1967.606805 1966.866886 1966.789268 
0.001875 0.001933 0.001409 0.000704 0.000310 0.000171 0.000101 0.000081 0.000074 0.000062 0.000048 0.000037 0.000033 0.000032 0.000029 0.000025 0.000020 0.000016 0.000014 0.000012 0.000012 0.000012 0.000012 0.000011 0.000010 0.000011 0.000012 0.000012 0.000013 
2033.244760 2033.380321 2033.479822 2033.391976 2032.830283 2033.261881 2033.864173 2034.950590 2035.105101 2035.027715 2035.038088 2035.228852 2035.658575 2036.211054 2036.741531 2037.311106 2038.249623 2039.551091 2039.993551 2038.829329 2037.512230 2038.024397 2039.555080 2040.690249 2040.785185 2040.641636 2040.557062 2039.383444 2037.220575 
0.001988 0.002280 0.001961 0.001269 0.000631 0.000245 0.000107 0.000093 0.000085 0.000071 0.000055 0.000043 0.000037 0.000034 0.000031 0.000026 0.000020 0.000014 0.000012 0.000011 0.000011 0.000010 0.000009 0.000009 0.000008 0.000008 0.000008 0.000008 0.000008 
2090.899914 2091.544995 2091.287483 2089.899871 2086.189786 2082.505498 2086.513400 2087.531403 2087.486108 2087.783357 2088.124512 2088.430579 2088.628957 2088.687986 2088.653517 2088.577253 2088.538249 2088.568432 2088.676218 2088.706400 2088.468950 2088.590847 2090.093971 2092.194629 2092.789273 2091.802583 2091.573373 2091.878819 2089.327118 
0.001652 0.001862 0.001497 0.000835 0.000317 0.000149 0.000123 0.000112 0.000102 0.000085 0.000065 0.000050 0.000042 0.000039 0.000035 0.000029 0.000023 0.000017 0.000014 0.000013 0.000014 0.000014 0.000013 0.000012 0.000010 0.000009 0.000010 0.000010 0.000010 
2139.738010 2141.181995 2142.753048 2144.636909 2146.056827 2144.464630 2145.653542 2146.303249 2146.846592 2147.184682 2147.267166 2147.252980 2147.381753 2147.548711 2147.657746 2147.898926 2148.430143 2148.609887 2147.417874 2147.105068 2148.626235 2150.256698 2151.606235 2152.359082 2151.121468 2149.221236 2149.810440 2151.019444 2149.296253 
0.001085 0.001245 0.001033 0.000618 0.000291 0.000154 0.000108 0.000088 0.000078 0.000066 0.000051 0.000040 0.000034 0.000031 0.000029 0.000025 0.000021 0.000017 0.000014 0.000013 0.000014 0.000014 0.000014 0.000012 0.000011 0.000010 0.000009 0.000008 0.000008 
2292.322893 2291.685856 2290.951203 2289.833021 2287.225607 2285.936223 2287.685947 2288.894524 2288.760815 2288.539512 2288.340176 2288.282055 2288.299978 2288.140418 2288.028903 2287.971448 2287.773512 2287.684565 2287.736482 2286.726698 2285.604723 2286.231992 2288.136224 2289.061940 2287.542145 2285.369442 2285.351708 2286.658328 2286.365255 
0.002098 0.002289 0.001807 0.001009 0.000385 0.000148 0.000109 0.000101 0.000092 0.000077 0.000059 0.000046 0.000039 0.000036 0.000032 0.000027 0.000021 0.000016 0.000014 0.000013 0.000014 0.000014 0.000014 0.000013 0.000011 0.000009 0.000007 0.000007 0.000007 
2353.218023 2352.714156 2352.424006 2352.431741 2353.496529 2356.948191 2356.632361 2356.236922 2356.461004 2356.710127 2357.024616 2357.269156 2357.367864 2357.572973 2357.631226 2357.351584 2357.113044 2357.270875 2356.617648 2354.455495 2353.165143 2353.505922 2354.939718 2356.615374 2357.060320 2355.839478 2355.868767 2358.226494 2358.241854 
0.001294 0.001342 0.001018 0.000554 0.000220 0.000108 0.000089 0.000083 0.000076 0.000064 0.000049 0.000038 0.000032 0.000030 0.000027 0.000023 0.000018 0.000013 0.000011 0.000010 0.000011 0.000011 0.000011 0.000011 0.000011 0.000010 0.000008 0.000008 0.000008 
2424.815290 2424.609018 2424.293374 2423.782121 2423.214526 2424.341573 2424.997085 2425.049257 2425.083073 2425.202849 2425.385889 2425.546575 2425.574892 2425.529664 2425.304374 2424.618099 2423.517059 2422.914812 2423.253948 2423.239297 2423.304113 2422.921993 2420.257255 2416.859565 2415.002872 2414.210684 2415.128092 2418.752073 2422.529897 
0.001027 0.001040 0.000769 0.000411 0.000175 0.000097 0.000079 0.000073 0.000066 0.000055 0.000043 0.000033 0.000029 0.000026 0.000023 0.000020 0.000017 0.000013 0.000011 0.000010 0.000010 0.000010 0.000009 0.000008 0.000008 0.000008 0.000008 0.000007 0.000006 
2486.213661 2486.319754 2486.458339 2486.704018 2486.726437 2485.333016 2485.278068 2485.569045 2485.439529 2485.262526 2485.169133 2485.118086 2484.940998 2484.740821 2484.796113 2485.329483 2486.427924 2487.695399 2487.715002 2485.975942 2485.120481 2485.065320 2484.793505 2484.893042 2486.638670 2488.463086 2488.112460 2486.762179 2485.548563 
0.001713 0.001776 0.001332 0.000706 0.000262 0.000110 0.000085 0.000079 0.000072 0.000061 0.000047 0.000037 0.000032 0.000030 0.000027 0.000021 0.000016 0.000012 0.000011 0.000011 0.000011 0.000011 0.000011 0.000010 0.000009 0.000008 0.000006 0.000006 0.000007 
2700.408860 2700.564098 2700.733433 2700.784875 2699.744940 2696.799393 2696.924782 2696.899929 2696.886889 2696.873470 2696.923547 2697.097435 2697.052600 2696.607770 2696.294606 2696.379906 2696.213450 2694.733145 2693.512973 2693.730801 2693.741534 2693.501021 2694.414260 2696.022521 2696.904313 2697.681524 2699.383744 2700.648319 2699.914686 
0.002506 0.002639 0.002003 0.001066 0.000387 0.000142 0.000100 0.000093 0.000085 0.000071 0.000055 0.000042 0.000036 0.000034 0.000031 0.000026 0.000021 0.000016 0.000014 0.000014 0.000014 0.000013 0.000012 0.000011 0.000010 0.000009 0.000009 0.000009 0.000008 
2763.221948 2763.482776 2763.417614 2762.582315 2759.838215 2759.816710 2762.109370 2762.440838 2762.849263 2763.200565 2763.329952 2763.291017 2763.564199 2764.003199 2764.282137 2764.787821 2765.448824 2764.893297 2761.746828 2758.615175 2757.922204 2759.798531 2763.282156 2765.229168 2765.372181 2765.277553 2764.128119 2763.779854 2766.213370 
0.001169 0.001186 0.000853 0.000417 0.000148 0.000088 0.000075 0.000070 0.000064 0.000054 0.000042 0.000032 0.000028 0.000026 0.000023 0.000019 0.000014 0.000011 0.000010 0.000010 0.000011 0.000011 0.000010 0.000009 0.000007 0.000006 0.000005 0.000006 0.000006 
2819.277451 2819.408477 2819.629462 2819.946690 2819.526832 2820.306848 2821.678635 2822.003891 2822.024186 2821.952307 2821.721432 2821.144319 2820.456690 2820.281483 2820.435460 2820.690805 2821.381844 2822.638242 2823.952206 2824.788932 2824.092379 2821.704316 2818.032389 2815.058350 2814.451951 2816.206981 2818.628897 2819.785765 2820.686746 
0.000636 0.000710 0.000583 0.000347 0.000147 0.000063 0.000051 0.000047 0.000043 0.000036 0.000027 0.000021 0.000018 0.000017 0.000016 0.000013 0.000010 0.000007 0.000007 0.000008 0.000009 0.000008 0.000006 0.000004 0.000004 0.000003 0.000003 0.000003 0.000003 
2927.151424 2927.008608 2926.906891 2926.918938 2927.295406 2927.768149 2927.295941 2927.309287 2927.364703 2927.448344 2927.611741 2927.817337 2927.751728 2927.391490 2927.224035 2927.537049 2928.151448 2927.925283 2927.157329 2927.654348 2928.009728 2927.976399 2927.739215 2927.007352 2926.065784 2926.012012 2927.504153 2929.831649 2931.291149 
0.000716 0.000706 0.000501 0.000257 0.000113 0.000063 0.000049 0.000045 0.000040 0.000034 0.000026 0.000020 0.000017 0.000015 0.000014 0.000012 0.000009 0.000007 0.000007 0.000007 0.000006 0.000005 0.000005 0.000004 0.000003 0.000003 0.000003 0.000004 0.000005 
3194.026860 3193.593231 3192.760620 3191.363916 3191.527314 3194.604919 3194.535313 3194.030979 3193.698958 3193.394907 3193.147459 3193.082377 3193.190863 3193.234148 3193.086174 3192.787189 3192.676423 3193.032778 3192.997290 3192.749592 3192.920624 3193.224075 3193.421800 3193.799291 3194.736763 3195.625526 3195.270921 3193.876533 3192.565517 
0.001568 0.001615 0.001185 0.000600 0.000228 0.000114 0.000081 0.000072 0.000066 0.000055 0.000042 0.000032 0.000028 0.000026 0.000024 0.000020 0.000015 0.000012 0.000011 0.000013 0.000014 0.000013 0.000011 0.000009 0.000009 0.000009 0.000008 0.000007 0.000007 
3254.019218 3254.215715 3254.579955 3255.334885 3256.263244 3256.192785 3257.551655 3257.951434 3257.962986 3257.949865 3258.046441 3258.128674 3257.652193 3256.938648 3256.733879 3257.126661 3257.492180 3257.139955 3258.625345 3261.235740 3261.910841 3261.084832 3259.791648 3257.993698 3254.857860 3251.664270 3250.582849 3253.701904 3259.512155 
0.001222 0.001222 0.000870 0.000422 0.000141 0.000073 0.000061 0.000057 0.000052 0.000043 0.000033 0.000026 0.000023 0.000021 0.000020 0.000017 0.000013 0.000010 0.000009 0.000009 0.000009 0.000009 0.000009 0.000009 0.000008 0.000008 0.000008 0.000007 0.000006 
3779.255839 3778.688257 3777.777356 3775.974212 3772.651564 3775.927190 3777.428064 3777.373299 3777.151287 3776.877815 3776.595212 3776.378777 3776.197182 3776.210822 3776.735064 3777.560852 3778.030437 3778.014907 3778.977186 3780.037800 3780.061972 3779.294338 3777.895710 3777.359233 3778.672337 3780.296166 3779.908130 3777.934170 3776.745579 
0.001101 0.001161 0.000883 0.000467 0.000162 0.000064 0.000053 0.000049 0.000045 0.000038 0.000030 0.000023 0.000020 0.000019 0.000017 0.000014 0.000011 0.000009 0.000009 0.000009 0.000009 0.000009 0.000008 0.000007 0.000006 0.000006 0.000006 0.000007 0.000008 
3828.938131 3829.491815 3830.179309 3831.057938 3831.845276 3830.608473 3831.002925 3830.970045 3830.994263 3831.143908 3831.286272 3831.291783 3831.679902 3832.479480 3832.877367 3832.445801 3831.962045 3832.989668 3834.460922 3834.309185 3833.804884 3834.736905 3837.105158 3839.091213 3839.650196 3838.170920 3835.922485 3835.760932 3835.508564 
