0.047959 10.136873
0.063946 3.822258
0.063946 9.207483
0.031973 9.794696
0.063946 10.543055
0.031973 7.386991
0.031973 9.725897
0.047959 18.969377
0.047959 19.359299
0.031973 16.849116
0.047959 21.520847
0.047959 19.342640
0.047959 12.489851
0.047959 18.215170
0.063946 20.447932
0.047959 13.057539
0.079932 13.994360
0.047959 21.692327
0.031973 25.087736
0.047959 25.438155
0.031973 20.829624
0.047959 21.234251
0.047959 20.973669
0.063946 16.408758
0.047959 24.927580
0.031973 23.469019
0.047959 17.831230
0.031973 21.398133
0.031973 20.458181
0.031973 20.061415
0.031973 20.367916
0.031973 21.253564
0.015986 17.726592
0.031973 19.084901
0.031973 17.249624
0.031973 16.678534
0.031973 18.760365
0.031973 18.344726
0.031973 16.958506
0.031973 16.422711
0.031973 15.460128
0.031973 15.224433
0.031973 15.641253
0.031973 15.512977
0.031973 15.737289
0.015986 14.595482
0.031973 19.314124
0.047959 15.688773
0.031973 18.485091
0.031973 19.536540
0.031973 20.232198
0.047959 17.262614
0.047959 14.381718
0.031973 15.737122
0.031973 16.498853
0.031973 14.581221
0.031973 16.798343
0.031973 16.746819
0.031973 16.197501
0.031973 17.882566
0.031973 15.097295
0.015986 13.481227
0.031973 14.466616
0.031973 17.036951
0.015986 17.641668
0.031973 16.727732
0.031973 16.374360
0.015986 15.280949
0.015986 18.109418
0.015986 16.759934
0.031973 16.258854
0.031973 15.006344
0.031973 16.522283
0.031973 17.552309
0.031973 14.425004
0.031973 15.908994
0.015986 15.852892
0.015986 17.705471
0.031973 17.972923
0.031973 12.542631
0.031973 16.066687
0.015986 14.552697
0.015986 15.318627
0.031973 15.482869
0.031973 14.017383
0.031973 14.194398
0.031973 14.074360
0.015986 14.672095
0.015986 13.876218
0.015986 12.495973
0.015986 15.849851
0.031973 15.940733
0.031973 13.576909
0.031973 15.669234
0.015986 14.619244
0.031973 15.890193
0.031973 15.350816
0.031973 16.069353
0.031973 15.123381
0.031973 16.349573
0.031973 14.272224
0.031973 14.499822
0.031973 13.267913
0.031973 16.262438
0.031973 13.264351
