19 24
46 62
65 71
72 77
79 91
94 106
108 115
123 130
139 152
159 164
168 184
185 195
202 210
215 223
237 244
251 257
259 279
292 305
313 325
326 341
342 352
353 363
369 382
385 396
402 418
423 426
431 435
436 451
452 468
469 483
488 508
509 522
528 537
538 550
551 565
566 575
576 591
592 602
606 617
625 644
650 659
683 687
688 706
709 721
722 735
737 748
750 762
768 781
783 800
803 816
817 833
834 851
852 868
875 888
890 905
908 921
923 942
953 958
966 976
981 993
1000 1017
1109 1134
1135 1150
1190 1199
1204 1214
1220 1230
1237 1243
1250 1259
1266 1271
1278 1290
1294 1307
1310 1321
1329 1337
1352 1365
1369 1377
1399 1406
1416 1420
1433 1444
1453 1457
1466 1474
1497 1503
1791 1803
1910 1917
