0.063946 10.511181
0.063946 4.822222
0.063946 2.916818
0.063946 8.536897
0.031973 10.066635
0.031973 13.656774
0.063946 10.457401
0.031973 6.644405
0.031973 7.607386
0.047959 12.123036
0.079932 12.720359
0.047959 18.159840
0.047959 19.467558
0.047959 17.175526
0.047959 21.542154
0.047959 12.809964
0.063946 17.390587
0.047959 16.913056
0.079932 20.226435
0.031973 12.766971
0.047959 18.339043
0.047959 23.777243
0.047959 25.287176
0.015986 17.225242
0.047959 23.025733
0.047959 20.046140
0.047959 19.752217
0.047959 24.971622
0.031973 20.999733
0.047959 16.032598
0.031973 22.074783
0.015986 16.931014
0.031973 21.705288
0.047959 20.251189
0.047959 18.129171
0.031973 21.561116
0.031973 23.602030
0.031973 24.172483
0.031973 19.563751
0.047959 19.344359
0.031973 18.252283
0.031973 16.777633
0.031973 17.127045
0.031973 17.725867
0.031973 16.696387
0.031973 15.646875
0.031973 16.877651
0.031973 19.017827
0.015986 16.343595
0.031973 17.770804
0.063946 14.251173
0.031973 19.735825
0.031973 20.108208
0.031973 20.090500
0.031973 17.615500
0.031973 14.860551
0.031973 15.816377
0.031973 15.045901
0.031973 17.166264
0.031973 15.837286
0.031973 12.217610
0.031973 14.750331
0.031973 14.339658
0.031973 15.720188
0.031973 14.110671
0.031973 13.970721
0.031973 16.440050
0.031973 16.718150
0.031973 14.904123
0.031973 18.565060
0.031973 16.209662
0.015986 16.167410
0.031973 13.828364
0.031973 15.146694
0.031973 16.866642
0.031973 15.208118
0.031973 16.263612
0.015986 15.132610
0.031973 17.129031
0.031973 17.527880
0.031973 19.359790
0.031973 17.595349
0.031973 14.273483
0.031973 17.320375
0.031973 14.303782
0.031973 17.330913
0.031973 18.728043
0.031973 16.757150
0.031973 14.407066
0.031973 16.395727
0.031973 18.716798
0.015986 15.227740
0.031973 14.944578
0.031973 15.469428
0.031973 13.211219
0.031973 14.671284
0.031973 14.994611
0.031973 15.293312
0.031973 15.294121
0.031973 15.239653
0.031973 15.839506
0.031973 13.806154
0.031973 15.882210
0.031973 15.457348
0.031973 14.057102
0.031973 15.576285
0.031973 15.997795
0.031973 14.095089
0.031973 14.275903
0.031973 17.124812
0.031973 14.941517
0.031973 15.122689
0.031973 14.126987
0.031973 14.068888
0.031973 11.899050
