4 9
15 20
21 26
27 30
33 37
39 45
47 62
65 72
73 77
78 83
84 87
92 96
97 101
105 109
119 127
134 139
140 144
149 154
165 177
178 187
195 205
209 222
228 244
245 248
249 257
269 281
286 293
295 303
304 307
314 317
325 332
333 336
337 348
349 353
354 358
359 366
370 373
374 384
389 404
408 418
423 447
448 460
461 466
471 483
484 502
511 524
526 539
540 551
552 558
570 587
588 592
594 612
616 625
632 638
646 655
662 679
685 692
700 706
712 725
733 737
752 758
765 773
774 786
787 793
795 816
822 827
834 838
840 846
847 854
858 870
880 890
891 899
910 917
924 937
946 962
968 983
988 1007
1008 1024
1025 1037
1042 1051
1058 1071
1084 1095
1104 1114
1122 1158
1165 1177
1198 1212
1223 1233
1245 1273
1326 1334
1335 1353
1363 1373
1376 1394
1396 1419
1420 1445
1452 1458
1467 1482
1493 1510
1516 1532
1533 1555
1568 1577
1583 1602
1608 1615
1625 1641
1649 1659
1667 1681
1700 1716
1727 1731
1747 1762
1775 1787
1796 1814
1841 1852
1890 1904
1915 1923
1938 1951
2016 2020
