30.000000 73.000000 0.015986
0.000339 0.001373 0.001132 0.000933 0.000883 0.000731 0.000620 0.000546 0.000471 0.000429 0.000343 0.000252 0.000202 0.000176 0.000151 0.000136 0.000112 0.000062 0.000043 0.000058 0.000051 0.000049 0.000046 0.000035 0.000029 0.000026 0.000020 0.000029 0.000061 0.000114 
21.937421 21.831038 21.566810 21.488396 21.534391 21.474916 21.787940 21.892274 21.793776 21.635174 21.384253 21.340101 21.623866 22.048974 21.540905 21.410344 21.294134 22.149960 23.068451 21.256561 21.248221 21.659671 21.550194 22.031664 21.083147 21.548676 22.606464 21.586228 21.186108 21.439580 
0.000633 0.001844 0.001592 0.001374 0.001270 0.001102 0.000989 0.000936 0.000859 0.000713 0.000544 0.000419 0.000371 0.000363 0.000356 0.000320 0.000258 0.000192 0.000131 0.000113 0.000135 0.000181 0.000222 0.000226 0.000203 0.000175 0.000139 0.000123 0.000167 0.000251 
44.738510 44.395871 44.022685 43.974131 43.774455 44.078795 44.626889 44.781429 45.013922 44.813862 44.474446 43.927483 43.335917 43.631581 45.437947 47.456970 48.862950 49.128710 47.463278 44.985712 44.723310 47.189600 49.637765 51.159301 52.085216 52.035980 50.796284 46.918007 44.137047 43.724177 
0.003579 0.004191 0.003697 0.002736 0.002070 0.001728 0.001497 0.001355 0.001278 0.001143 0.000908 0.000646 0.000495 0.000456 0.000419 0.000360 0.000309 0.000263 0.000201 0.000159 0.000165 0.000179 0.000177 0.000158 0.000121 0.000078 0.000058 0.000070 0.000153 0.000288 
91.603935 91.516275 90.990307 89.439910 87.770633 87.751046 87.973790 87.883895 88.063496 88.319004 88.334391 87.898850 87.504638 87.695437 87.903577 88.393531 89.677985 91.080112 91.830733 91.592224 91.614683 92.299520 92.635441 92.262398 91.309714 89.143749 85.756784 83.984005 85.895505 87.486455 
0.008321 0.009689 0.008097 0.004939 0.002564 0.001787 0.001567 0.001463 0.001338 0.001153 0.000920 0.000704 0.000600 0.000570 0.000527 0.000474 0.000422 0.000358 0.000309 0.000318 0.000348 0.000330 0.000282 0.000237 0.000194 0.000158 0.000143 0.000135 0.000162 0.000244 
106.867542 106.891466 106.902628 106.822299 106.099474 104.997102 104.809538 104.780250 104.759487 104.802001 104.789566 104.643751 104.554209 104.587759 104.246961 103.748251 103.512568 102.746446 101.638741 102.358052 103.387007 103.180890 102.500984 102.345380 102.395899 102.404662 103.097841 102.277041 101.722560 103.286182 
0.147462 0.518584 0.437407 0.368938 0.340750 0.291251 0.254193 0.231630 0.212547 0.180474 0.140599 0.108113 0.088927 0.079314 0.071373 0.059179 0.044452 0.031410 0.024212 0.021719 0.021852 0.021276 0.018925 0.015305 0.011543 0.009347 0.008614 0.008761 0.008554 0.007397 
143.687027 143.626430 143.762433 143.817466 143.566007 143.262282 143.531022 144.287563 145.170418 145.426056 145.012469 144.539068 144.735059 145.712409 146.793785 147.316761 147.231994 146.462757 146.152860 146.727740 147.933638 148.560086 148.521729 147.849032 146.551792 145.897517 146.155195 147.137280 147.780452 147.958771 
0.027546 0.042317 0.037675 0.037088 0.033548 0.026592 0.021097 0.019209 0.020003 0.020182 0.020409 0.020530 0.018629 0.015197 0.012045 0.009398 0.007064 0.005870 0.005567 0.005622 0.005557 0.005447 0.005097 0.004396 0.003651 0.003023 0.002437 0.001986 0.001713 0.001513 
180.504377 181.006939 181.189340 181.386077 181.781802 181.219868 180.030933 180.289187 181.551904 182.118098 182.718223 183.381228 183.153670 182.208203 181.738304 181.556862 180.660613 180.253269 180.812938 181.594970 181.938072 182.495978 182.792313 182.391048 181.894501 181.527627 181.013322 180.246435 179.703770 179.340697 
0.008381 0.028149 0.023861 0.020226 0.017145 0.014533 0.013640 0.011240 0.008045 0.006570 0.006414 0.007414 0.006239 0.003861 0.002902 0.002794 0.002805 0.002372 0.001794 0.001191 0.001032 0.001178 0.001205 0.000779 0.000523 0.000474 0.000554 0.000494 0.000454 0.000416 
196.546497 197.606119 200.141219 200.614539 198.783869 197.680338 197.547490 197.896912 199.394322 199.974371 199.417948 197.473377 197.531415 199.528386 199.949607 198.791484 197.747176 197.823102 198.272084 199.974956 199.935519 198.056938 197.029581 198.576678 200.071693 199.660963 197.623325 197.959218 197.998930 197.538072 
0.023015 0.045297 0.037090 0.034828 0.029172 0.023996 0.018554 0.014669 0.012422 0.011229 0.008953 0.006475 0.004703 0.003633 0.002637 0.002118 0.001704 0.001514 0.001225 0.000995 0.000786 0.000603 0.000423 0.000315 0.000262 0.000218 0.000152 0.000117 0.000120 0.000179 
227.644610 227.021258 225.870456 225.660651 226.808206 227.916990 227.301716 227.373888 227.996849 229.252191 229.260803 228.237729 227.534345 226.920765 226.805264 226.539173 227.575802 227.600926 228.281934 228.159489 228.076492 226.049623 225.451150 226.948587 226.759361 223.440044 223.509780 225.150523 223.616751 217.785077 
0.009856 0.012193 0.011484 0.009973 0.009120 0.008801 0.006488 0.004680 0.004920 0.005109 0.004142 0.002729 0.001977 0.001649 0.001180 0.000715 0.000494 0.000340 0.000168 0.000154 0.000174 0.000211 0.000166 0.000119 0.000093 0.000060 0.000031 0.000029 0.000038 0.000068 
242.196418 242.655595 244.431317 246.102399 246.027282 244.123776 243.312127 243.192069 242.692732 242.857653 243.828309 245.652357 246.021418 244.801033 244.376325 244.034942 241.783460 241.287327 244.353382 246.222366 245.485202 243.924063 244.907991 245.518790 244.238557 243.463159 243.036035 242.390957 242.952044 243.162103 
0.021983 0.080007 0.059451 0.044177 0.036891 0.023246 0.013401 0.009244 0.008234 0.007140 0.005816 0.003900 0.002274 0.001491 0.001065 0.000616 0.000480 0.000454 0.000382 0.000303 0.000248 0.000215 0.000188 0.000137 0.000099 0.000090 0.000089 0.000078 0.000080 0.000107 
268.687051 267.912605 266.664121 265.573681 265.045312 265.171089 267.120915 267.197027 267.334260 266.652610 265.458459 265.532572 262.889454 257.976969 257.364725 260.743689 267.300968 267.290262 264.839863 263.546772 263.383440 261.591093 258.899489 258.853409 262.129087 264.737612 266.531614 268.053630 267.229971 265.263787 
0.021573 0.026850 0.025105 0.017901 0.011064 0.007623 0.006001 0.003975 0.002288 0.001649 0.001406 0.001084 0.000807 0.000621 0.000434 0.000221 0.000123 0.000125 0.000130 0.000100 0.000066 0.000051 0.000048 0.000059 0.000068 0.000061 0.000043 0.000032 0.000042 0.000062 
300.550853 300.571239 300.145342 299.301149 298.823295 298.494024 297.859683 297.580112 299.422989 299.862841 298.275592 295.590090 294.791941 295.822287 297.879273 299.436632 297.156286 295.642109 294.593435 294.475137 297.096068 299.350092 299.544169 297.677104 296.241870 295.372875 295.233810 297.095938 299.819229 299.746166 
0.019932 0.024187 0.020704 0.012134 0.005345 0.002548 0.001464 0.000535 0.000483 0.000530 0.000631 0.000523 0.000307 0.000205 0.000208 0.000226 0.000208 0.000171 0.000132 0.000102 0.000084 0.000067 0.000044 0.000027 0.000026 0.000030 0.000027 0.000021 0.000020 0.000030 
313.662364 313.771619 314.055377 314.928969 315.998405 315.061367 311.599050 313.050940 313.281420 314.011265 313.010621 312.376820 311.019796 310.182821 311.361594 312.880328 314.062194 315.002816 315.700485 315.869293 315.129793 314.313087 313.927011 314.014984 314.237791 314.082711 313.747223 312.169606 310.631555 312.087784 
0.026161 0.033521 0.031253 0.021137 0.010196 0.004932 0.003111 0.002221 0.001615 0.001239 0.000933 0.000622 0.000376 0.000261 0.000219 0.000188 0.000165 0.000172 0.000179 0.000150 0.000117 0.000103 0.000088 0.000071 0.000063 0.000060 0.000061 0.000068 0.000082 0.000100 
333.024927 332.898373 333.065371 333.742243 335.825738 338.482590 338.620803 338.216423 337.605019 335.469929 333.729686 335.105175 341.432297 345.200319 342.398439 341.047070 339.985215 337.923351 337.852002 341.063371 345.526683 346.805050 346.723803 348.212480 350.322264 353.489178 356.215182 355.206079 351.671430 347.333355 
0.002351 0.002450 0.002137 0.001885 0.001641 0.001125 0.000610 0.000396 0.000337 0.000277 0.000215 0.000171 0.000157 0.000145 0.000120 0.000091 0.000069 0.000050 0.000042 0.000047 0.000048 0.000039 0.000030 0.000028 0.000027 0.000024 0.000022 0.000021 0.000031 0.000055 
372.750447 373.649689 374.916096 375.586176 375.620104 376.124218 377.198044 375.570916 374.932405 375.459840 375.819009 376.065300 375.621919 375.258691 375.706088 376.666863 376.775440 376.503215 375.090879 373.478702 373.491879 375.084875 376.921744 374.906566 372.360049 370.953706 371.010844 372.674677 374.051117 373.766338 
0.001857 0.005167 0.003935 0.003780 0.002786 0.001712 0.001016 0.000700 0.000434 0.000293 0.000227 0.000189 0.000156 0.000132 0.000114 0.000093 0.000069 0.000050 0.000041 0.000038 0.000037 0.000035 0.000032 0.000030 0.000027 0.000022 0.000019 0.000020 0.000029 0.000046 
419.354663 418.445814 416.597915 414.603285 412.880226 413.664879 416.879625 418.338188 414.401048 409.912342 410.881657 414.309080 414.040848 411.677994 410.557055 410.815411 410.962043 410.735456 410.467631 410.419167 410.481923 410.698133 411.403115 412.187487 411.994261 411.114022 410.988868 411.156543 410.999189 410.535012 
0.001963 0.002824 0.002782 0.001920 0.001061 0.000750 0.000757 0.000806 0.000750 0.000614 0.000470 0.000355 0.000266 0.000195 0.000136 0.000096 0.000072 0.000060 0.000051 0.000042 0.000031 0.000022 0.000018 0.000020 0.000023 0.000021 0.000015 0.000011 0.000011 0.000020 
432.423502 432.190963 431.841314 431.255544 431.169404 431.881281 432.156339 432.243625 432.839067 433.371862 433.235571 432.804426 432.966147 433.686250 434.283729 434.271808 434.291645 434.425532 434.229220 433.929381 433.303741 431.860321 431.179829 432.588641 433.006233 433.158651 433.471201 433.062908 433.441309 433.447041 
0.006561 0.014305 0.010422 0.008660 0.005832 0.003882 0.002744 0.002003 0.001325 0.000733 0.000350 0.000246 0.000233 0.000228 0.000206 0.000166 0.000114 0.000066 0.000052 0.000050 0.000055 0.000053 0.000045 0.000035 0.000025 0.000020 0.000017 0.000018 0.000029 0.000044 
458.153964 457.539834 456.880646 455.872298 454.194820 453.312729 453.276028 453.283165 451.838495 451.041046 454.063255 458.643693 460.061595 457.675304 454.134438 452.371335 453.306813 458.896293 461.145462 460.102070 455.371185 453.267194 453.023636 455.360516 461.231952 464.856314 462.825233 457.047499 453.490648 454.347856 
0.001171 0.001915 0.001501 0.001305 0.000869 0.000451 0.000253 0.000206 0.000163 0.000131 0.000112 0.000106 0.000090 0.000074 0.000068 0.000061 0.000044 0.000031 0.000025 0.000030 0.000035 0.000036 0.000032 0.000025 0.000021 0.000021 0.000021 0.000017 0.000011 0.000010 
480.993681 480.560336 480.896374 481.932298 483.488989 484.946104 483.515911 482.082719 483.128661 483.994760 483.920302 483.078448 482.324868 482.025050 482.417538 482.971936 483.710642 484.096670 483.860718 482.422245 481.922622 481.836062 481.552861 480.608358 480.178191 481.291489 482.650958 483.383041 483.721852 483.986649 
0.004574 0.005579 0.005372 0.004171 0.002593 0.001327 0.000671 0.000408 0.000285 0.000218 0.000165 0.000127 0.000110 0.000100 0.000086 0.000069 0.000055 0.000044 0.000038 0.000035 0.000033 0.000031 0.000027 0.000022 0.000017 0.000015 0.000015 0.000014 0.000018 0.000028 
542.986953 543.617003 545.307494 547.666281 550.055310 551.720111 551.615215 548.201323 544.276307 542.166536 542.044061 542.478915 542.392962 542.576034 543.191296 543.633806 543.699310 543.627219 542.919184 541.988324 542.517506 544.022999 544.937835 545.170348 545.268763 545.079371 544.256304 542.373325 540.518854 541.127729 
0.011711 0.029716 0.020318 0.017968 0.012107 0.006236 0.002675 0.001187 0.000570 0.000316 0.000183 0.000120 0.000097 0.000088 0.000078 0.000066 0.000055 0.000046 0.000036 0.000031 0.000033 0.000034 0.000032 0.000027 0.000023 0.000021 0.000022 0.000023 0.000027 0.000036 
584.367861 585.491614 586.472084 587.360927 588.271561 589.147433 589.378310 589.085232 588.777805 586.507242 583.165709 581.135040 581.515099 582.298321 582.181344 582.208395 583.594087 584.858890 584.435041 585.094742 587.567644 589.329277 590.356065 591.259747 592.492407 593.274891 593.274520 592.858222 590.801900 588.138987 
0.025147 0.052588 0.035991 0.028613 0.017452 0.008343 0.003539 0.001486 0.000648 0.000323 0.000225 0.000210 0.000187 0.000142 0.000116 0.000108 0.000099 0.000083 0.000064 0.000047 0.000039 0.000041 0.000044 0.000041 0.000035 0.000027 0.000019 0.000017 0.000021 0.000034 
633.057158 631.858681 630.998477 630.565542 630.621867 630.876133 630.808897 631.022963 632.397409 633.092054 633.870959 635.057936 634.803669 634.591872 636.235404 637.076441 635.783536 634.235357 633.688080 634.227655 634.635255 635.230174 634.850509 633.159780 631.820311 631.559319 630.709519 629.043551 629.482344 631.462461 
0.011070 0.013574 0.013047 0.010115 0.006381 0.003363 0.001643 0.000792 0.000420 0.000265 0.000178 0.000135 0.000115 0.000098 0.000085 0.000074 0.000062 0.000049 0.000038 0.000030 0.000025 0.000023 0.000022 0.000021 0.000018 0.000015 0.000014 0.000015 0.000019 0.000030 
677.469638 679.325162 681.347843 682.569982 682.162635 680.302174 679.436315 679.813149 679.348054 678.421303 677.413353 676.477170 675.496004 676.357657 679.267759 681.590646 682.476019 681.423192 678.201970 676.282263 677.565581 678.965460 679.252402 679.750738 680.240326 679.689280 677.712390 676.562887 677.128300 678.462815 
0.006953 0.012861 0.009266 0.007115 0.004092 0.001857 0.000789 0.000412 0.000297 0.000271 0.000243 0.000198 0.000152 0.000118 0.000095 0.000079 0.000063 0.000049 0.000044 0.000046 0.000046 0.000042 0.000040 0.000041 0.000041 0.000040 0.000038 0.000037 0.000038 0.000041 
728.130558 728.868238 729.250670 729.588578 730.393473 730.868321 730.678857 731.896411 730.867559 729.789014 730.084480 730.854895 731.945557 731.579505 729.536260 728.008100 727.225038 726.200610 725.346653 725.153185 725.222107 725.458698 726.092867 725.916628 724.384081 723.123049 722.863276 722.494415 721.964292 721.464813 
0.005917 0.012331 0.008673 0.007335 0.004914 0.002648 0.001281 0.000623 0.000315 0.000190 0.000141 0.000108 0.000091 0.000081 0.000071 0.000058 0.000044 0.000031 0.000025 0.000024 0.000025 0.000025 0.000024 0.000023 0.000022 0.000020 0.000017 0.000016 0.000018 0.000024 
801.844874 798.724259 796.641631 796.449907 797.819218 800.144791 800.752828 800.401889 798.224654 795.712733 794.782717 794.071729 793.947232 794.425324 795.385167 796.213349 796.480086 796.088523 794.132523 792.923688 793.353310 793.580805 792.890453 791.156979 789.093821 788.289410 789.234435 791.044434 791.793519 792.914596 
0.005481 0.006515 0.006003 0.004323 0.002554 0.001341 0.000700 0.000362 0.000218 0.000162 0.000120 0.000090 0.000075 0.000068 0.000061 0.000051 0.000040 0.000030 0.000025 0.000024 0.000022 0.000022 0.000021 0.000020 0.000017 0.000015 0.000015 0.000017 0.000020 0.000030 
871.832178 873.531792 874.989682 876.691755 878.273394 880.440323 880.118935 877.562187 874.935917 872.946658 871.895178 871.491091 871.484555 871.563370 871.681865 871.402133 869.999774 867.519471 866.696291 868.926038 871.444188 871.675870 869.994504 869.306140 870.249623 867.860252 864.582598 863.746835 868.119886 869.165146 
0.004097 0.005149 0.004978 0.003694 0.002064 0.000939 0.000464 0.000278 0.000178 0.000129 0.000101 0.000079 0.000063 0.000053 0.000048 0.000041 0.000032 0.000024 0.000021 0.000021 0.000021 0.000020 0.000018 0.000014 0.000011 0.000010 0.000009 0.000008 0.000010 0.000015 
924.262581 924.775049 925.344269 925.861734 925.981320 925.773303 925.711708 926.297457 924.917550 923.658588 923.639103 923.572782 922.937618 922.184344 921.797980 921.524596 920.943654 920.067857 920.274598 921.060285 920.796502 919.738203 918.915804 919.329283 921.071380 922.033908 922.099300 923.313544 924.740998 923.673543 
0.007236 0.008963 0.008420 0.005978 0.003079 0.001159 0.000475 0.000268 0.000160 0.000120 0.000096 0.000076 0.000062 0.000055 0.000050 0.000042 0.000034 0.000028 0.000026 0.000025 0.000024 0.000024 0.000025 0.000025 0.000025 0.000025 0.000025 0.000023 0.000022 0.000021 
969.812990 969.257703 968.268443 966.897259 965.392802 967.079794 972.201505 972.357308 966.773257 965.502415 966.247669 967.172399 967.420772 966.520961 965.623612 965.102881 964.405868 964.174195 965.045372 965.144471 964.496309 963.648833 962.525546 961.637330 961.377616 961.335781 961.375784 961.482841 961.514820 961.131608 
0.009136 0.010831 0.009629 0.006443 0.003139 0.001030 0.000290 0.000165 0.000134 0.000111 0.000087 0.000068 0.000056 0.000050 0.000044 0.000036 0.000028 0.000020 0.000017 0.000016 0.000016 0.000016 0.000015 0.000013 0.000011 0.000009 0.000008 0.000008 0.000010 0.000015 
1017.678633 1016.518033 1015.381768 1014.414055 1013.719278 1014.701916 1017.433388 1019.923624 1020.234772 1021.317556 1021.069260 1020.584928 1020.229000 1020.174728 1020.242989 1020.346160 1020.819383 1022.223019 1024.208962 1024.523495 1023.420407 1022.766642 1023.670273 1025.885081 1027.628598 1026.384282 1022.655870 1020.478544 1019.709258 1019.446416 
0.007381 0.008203 0.006741 0.004166 0.001924 0.000683 0.000236 0.000161 0.000138 0.000114 0.000089 0.000070 0.000058 0.000052 0.000047 0.000040 0.000035 0.000032 0.000031 0.000029 0.000027 0.000025 0.000023 0.000023 0.000023 0.000023 0.000023 0.000023 0.000023 0.000025 
1062.827493 1063.419445 1063.834784 1063.699999 1063.451433 1062.919833 1058.822474 1059.434938 1060.259367 1060.637646 1060.797365 1061.207366 1061.991150 1062.427177 1062.667761 1063.915404 1067.059873 1070.854713 1072.989939 1073.711453 1073.899980 1073.835239 1073.812194 1074.113421 1074.925528 1076.021013 1077.042619 1077.615231 1076.426666 1072.848273 
0.003338 0.003689 0.002996 0.001837 0.000934 0.000473 0.000250 0.000144 0.000093 0.000066 0.000049 0.000040 0.000034 0.000030 0.000026 0.000023 0.000019 0.000016 0.000014 0.000013 0.000012 0.000012 0.000011 0.000009 0.000008 0.000007 0.000008 0.000009 0.000009 0.000012 
1095.686999 1095.984932 1096.342385 1096.607735 1096.227597 1095.625102 1096.270000 1096.448483 1095.884044 1095.695798 1095.640466 1095.449625 1095.410193 1095.632378 1095.805665 1095.625626 1095.188886 1094.993368 1095.490993 1096.326619 1096.475702 1096.255052 1096.498408 1096.722308 1096.515341 1096.972511 1096.824629 1096.347377 1096.481463 1095.665439 
0.003524 0.003989 0.003281 0.001928 0.000794 0.000310 0.000167 0.000116 0.000097 0.000083 0.000065 0.000049 0.000041 0.000037 0.000033 0.000028 0.000021 0.000016 0.000012 0.000011 0.000011 0.000011 0.000010 0.000008 0.000007 0.000005 0.000005 0.000006 0.000010 0.000016 
1114.699076 1114.322443 1114.104050 1114.395341 1116.180153 1116.647200 1114.190786 1117.041785 1118.350052 1117.841596 1117.495741 1117.351309 1117.376002 1117.374402 1117.280437 1117.214511 1117.181143 1117.389089 1118.089486 1117.832553 1116.984857 1117.028250 1118.047759 1119.371395 1119.686208 1118.515209 1117.866872 1115.355119 1113.565660 1114.736446 
0.001334 0.001290 0.000898 0.000502 0.000315 0.000222 0.000150 0.000122 0.000109 0.000092 0.000071 0.000054 0.000044 0.000040 0.000036 0.000031 0.000025 0.000020 0.000017 0.000016 0.000015 0.000014 0.000013 0.000011 0.000009 0.000008 0.000008 0.000008 0.000011 0.000017 
1147.360123 1147.055658 1147.304860 1149.250153 1151.861596 1152.378774 1153.246986 1152.826804 1152.249282 1151.930296 1151.813859 1151.773691 1151.705030 1151.665228 1151.797451 1152.237971 1153.009590 1153.865880 1154.403499 1154.234063 1153.274474 1152.546872 1152.509504 1151.928001 1150.292500 1150.150035 1151.782049 1152.902572 1152.657384 1152.514189 
0.001239 0.001424 0.001265 0.000908 0.000548 0.000285 0.000145 0.000099 0.000080 0.000066 0.000052 0.000040 0.000035 0.000032 0.000028 0.000024 0.000018 0.000013 0.000010 0.000010 0.000011 0.000012 0.000012 0.000011 0.000009 0.000008 0.000008 0.000010 0.000014 0.000018 
1190.093377 1189.840657 1189.505952 1189.375773 1190.042890 1191.779236 1192.888573 1191.164472 1190.123234 1189.749813 1189.600784 1189.659996 1189.944711 1190.153683 1190.160125 1190.178577 1190.451548 1190.922482 1191.101855 1191.260929 1192.048715 1192.871650 1193.615957 1194.439881 1194.981067 1194.722441 1194.993130 1194.876410 1192.813059 1190.809207 
0.001901 0.002082 0.001681 0.001055 0.000566 0.000283 0.000147 0.000120 0.000106 0.000089 0.000070 0.000054 0.000045 0.000041 0.000038 0.000033 0.000026 0.000019 0.000016 0.000015 0.000015 0.000015 0.000013 0.000012 0.000012 0.000013 0.000013 0.000013 0.000013 0.000013 
1220.606106 1220.801949 1220.756953 1219.562944 1218.256274 1218.314014 1221.421414 1220.268545 1220.061406 1220.048384 1219.724493 1219.321190 1219.144115 1219.030066 1218.500556 1217.588237 1216.620746 1216.057360 1216.069748 1215.813249 1215.405777 1215.428324 1215.850517 1215.236097 1212.792861 1211.156496 1210.773248 1211.416226 1214.733360 1220.405863 
0.001445 0.001617 0.001354 0.000903 0.000514 0.000281 0.000149 0.000108 0.000098 0.000084 0.000067 0.000052 0.000043 0.000040 0.000036 0.000030 0.000023 0.000017 0.000014 0.000014 0.000016 0.000017 0.000018 0.000017 0.000015 0.000013 0.000012 0.000012 0.000012 0.000014 
1266.226309 1266.754082 1267.718784 1268.298613 1267.560173 1264.399811 1264.858113 1267.500090 1267.435034 1267.531907 1267.707928 1267.678743 1267.215857 1266.863536 1266.946080 1267.179926 1267.244492 1267.302312 1267.950058 1268.365340 1268.362722 1268.985306 1269.899068 1270.236034 1269.764439 1268.993941 1268.559514 1268.664470 1270.115352 1271.678695 
0.001327 0.001592 0.001419 0.000956 0.000511 0.000299 0.000206 0.000161 0.000128 0.000101 0.000079 0.000061 0.000052 0.000049 0.000046 0.000041 0.000034 0.000028 0.000025 0.000024 0.000023 0.000022 0.000022 0.000021 0.000020 0.000019 0.000019 0.000021 0.000022 0.000026 
1311.875079 1313.367442 1314.379450 1314.708019 1315.100906 1316.135843 1314.787285 1311.702377 1311.410980 1312.275542 1312.951982 1313.696155 1314.391511 1314.809406 1315.467121 1316.547523 1317.436893 1317.795407 1317.949952 1318.231611 1318.492694 1318.593496 1318.787878 1319.521281 1320.155730 1320.387064 1320.702413 1321.046464 1320.590707 1318.799017 
0.000921 0.001187 0.001168 0.000888 0.000515 0.000234 0.000130 0.000115 0.000105 0.000090 0.000071 0.000055 0.000045 0.000041 0.000038 0.000032 0.000025 0.000019 0.000015 0.000014 0.000015 0.000015 0.000014 0.000012 0.000011 0.000011 0.000011 0.000013 0.000015 0.000019 
1385.398876 1382.620004 1379.804263 1377.574450 1376.607762 1378.577913 1381.828133 1381.970814 1381.903654 1381.784059 1381.529398 1381.125103 1380.825010 1380.651182 1380.395922 1380.274410 1380.562670 1380.843443 1380.592979 1380.837107 1381.149453 1381.564614 1382.788292 1383.768712 1383.382156 1383.221838 1384.091044 1384.840084 1385.586219 1385.424635 
0.000688 0.001069 0.000839 0.000770 0.000593 0.000352 0.000166 0.000088 0.000066 0.000053 0.000040 0.000031 0.000026 0.000024 0.000023 0.000021 0.000019 0.000017 0.000017 0.000017 0.000016 0.000015 0.000015 0.000016 0.000016 0.000014 0.000012 0.000010 0.000009 0.000007 
1442.338773 1441.234032 1441.586403 1443.732547 1445.892069 1447.034869 1447.221473 1446.934303 1446.184322 1445.603177 1445.430488 1445.341228 1445.160127 1444.936390 1444.759100 1444.543187 1443.978313 1442.997059 1442.255988 1442.027244 1441.865342 1441.626018 1441.780396 1442.151885 1442.358870 1442.207881 1441.673303 1441.714649 1443.269588 1445.421837 
0.001106 0.001309 0.001225 0.000951 0.000622 0.000340 0.000169 0.000113 0.000098 0.000081 0.000062 0.000047 0.000039 0.000035 0.000032 0.000027 0.000022 0.000017 0.000014 0.000013 0.000012 0.000011 0.000010 0.000009 0.000009 0.000008 0.000008 0.000009 0.000012 0.000015 
1473.549692 1472.956211 1471.526496 1469.697872 1469.346194 1473.349595 1480.248887 1477.520160 1474.727965 1474.870751 1475.197997 1475.219877 1475.200649 1475.331119 1475.458615 1475.139758 1473.971484 1472.503347 1472.557239 1473.646275 1473.790422 1473.112837 1472.516730 1471.883883 1470.128013 1468.918706 1472.518462 1479.081330 1481.216194 1479.281822 
0.000542 0.000922 0.000718 0.000648 0.000450 0.000219 0.000091 0.000078 0.000072 0.000060 0.000046 0.000036 0.000030 0.000028 0.000025 0.000022 0.000017 0.000013 0.000010 0.000009 0.000009 0.000009 0.000009 0.000007 0.000007 0.000007 0.000008 0.000008 0.000008 0.000009 
1516.701219 1516.574876 1516.099787 1515.493334 1515.060751 1514.860786 1514.709391 1514.424391 1514.633204 1515.137630 1515.484393 1515.656508 1515.624700 1515.483228 1515.357140 1515.302037 1515.374547 1515.490486 1515.479038 1515.780868 1516.012632 1515.533277 1515.257497 1515.431020 1514.739118 1513.175879 1512.409581 1512.529042 1515.469575 1519.040607 
0.000939 0.000955 0.000705 0.000415 0.000241 0.000153 0.000093 0.000079 0.000073 0.000063 0.000050 0.000039 0.000032 0.000030 0.000029 0.000026 0.000022 0.000019 0.000016 0.000016 0.000017 0.000017 0.000017 0.000016 0.000015 0.000015 0.000017 0.000019 0.000019 0.000020 
1568.709173 1568.736581 1568.894466 1569.031245 1568.740317 1568.258788 1567.715942 1566.979440 1566.882229 1566.986093 1567.185849 1567.394398 1567.401748 1567.180810 1566.928345 1566.586049 1565.885658 1564.619465 1563.258026 1562.717763 1562.856246 1563.046398 1563.288221 1563.697255 1563.924776 1564.362559 1564.912653 1564.980777 1564.320611 1564.434344 
0.002282 0.002481 0.001944 0.001071 0.000403 0.000149 0.000092 0.000078 0.000071 0.000061 0.000047 0.000036 0.000030 0.000028 0.000025 0.000021 0.000016 0.000012 0.000009 0.000009 0.000009 0.000009 0.000008 0.000007 0.000007 0.000007 0.000007 0.000007 0.000008 0.000012 
1623.453943 1623.935716 1624.526536 1625.338603 1626.177088 1623.735699 1621.348657 1620.695170 1620.419612 1620.347300 1620.339278 1620.294021 1620.284096 1620.348567 1620.370536 1620.259279 1619.911883 1619.486000 1619.978964 1621.346086 1621.611562 1620.967996 1620.229459 1620.988385 1622.912923 1623.697338 1623.569632 1622.269438 1619.127182 1618.273379 
0.002632 0.002845 0.002209 0.001217 0.000528 0.000241 0.000119 0.000074 0.000065 0.000056 0.000045 0.000036 0.000030 0.000027 0.000024 0.000022 0.000019 0.000017 0.000016 0.000015 0.000014 0.000014 0.000013 0.000014 0.000015 0.000015 0.000015 0.000014 0.000013 0.000012 
1668.835743 1668.342181 1667.549810 1666.196996 1666.252808 1667.743439 1667.762597 1668.197098 1669.883211 1670.405849 1670.806292 1671.275250 1671.742717 1672.056741 1672.421297 1673.012245 1674.040658 1675.577375 1676.652154 1676.782644 1676.735192 1676.921587 1677.525275 1677.962858 1678.181026 1678.635724 1678.983696 1678.448155 1676.075047 1671.492771 
0.001755 0.001916 0.001580 0.001053 0.000659 0.000373 0.000182 0.000098 0.000076 0.000062 0.000048 0.000036 0.000030 0.000027 0.000024 0.000020 0.000015 0.000011 0.000009 0.000008 0.000009 0.000009 0.000008 0.000007 0.000005 0.000004 0.000006 0.000008 0.000009 0.000010 
1715.227743 1715.534593 1716.688571 1719.041781 1720.643875 1720.845694 1718.326284 1715.402704 1716.738769 1717.508062 1717.894751 1718.116170 1718.186144 1718.129675 1717.841333 1717.467935 1717.260383 1717.364058 1718.259687 1719.029048 1718.854354 1718.396775 1717.905614 1717.574930 1718.429560 1720.394459 1719.952451 1719.371553 1719.414726 1719.141762 
0.000909 0.000947 0.000790 0.000579 0.000379 0.000206 0.000104 0.000079 0.000070 0.000058 0.000045 0.000035 0.000029 0.000026 0.000023 0.000019 0.000015 0.000012 0.000010 0.000008 0.000008 0.000008 0.000008 0.000007 0.000006 0.000005 0.000005 0.000005 0.000006 0.000008 
1762.641505 1763.380024 1764.372732 1764.985445 1764.328441 1762.283161 1760.426588 1760.860648 1761.271340 1761.246542 1760.943363 1760.468420 1760.187056 1760.300989 1760.451027 1760.332385 1759.944633 1760.043011 1761.523778 1763.207834 1762.695243 1760.518004 1758.567908 1757.829599 1758.446983 1759.558428 1760.034277 1759.135351 1759.679732 1761.921318 
0.001741 0.001884 0.001495 0.000857 0.000370 0.000159 0.000105 0.000092 0.000084 0.000071 0.000056 0.000043 0.000036 0.000033 0.000031 0.000028 0.000024 0.000019 0.000016 0.000015 0.000015 0.000015 0.000013 0.000013 0.000014 0.000015 0.000015 0.000015 0.000016 0.000018 
1807.701440 1808.032708 1807.490292 1805.642365 1801.065116 1800.112022 1803.829298 1803.042266 1802.876895 1802.959137 1803.068705 1803.138165 1803.275220 1803.337515 1803.286402 1803.580818 1803.987413 1803.351257 1801.785673 1801.931525 1804.183379 1806.375060 1806.305451 1804.193583 1803.267555 1802.578570 1801.045400 1800.121278 1800.538604 1801.515770 
0.000983 0.001029 0.000814 0.000512 0.000295 0.000159 0.000092 0.000073 0.000064 0.000054 0.000042 0.000033 0.000028 0.000025 0.000022 0.000019 0.000015 0.000011 0.000009 0.000009 0.000009 0.000010 0.000009 0.000008 0.000006 0.000005 0.000005 0.000006 0.000008 0.000011 
1855.864305 1855.944035 1857.381368 1860.671521 1864.379089 1864.293438 1860.438349 1858.508446 1858.236914 1858.152220 1858.089780 1858.035792 1857.864151 1857.709980 1857.616441 1857.327221 1856.972948 1857.489409 1858.844030 1859.122882 1858.777303 1858.400120 1857.866285 1857.598693 1857.606208 1856.834004 1856.887527 1857.524365 1857.034390 1856.697959 
0.000644 0.000706 0.000633 0.000483 0.000330 0.000186 0.000087 0.000054 0.000048 0.000041 0.000033 0.000025 0.000021 0.000019 0.000017 0.000014 0.000011 0.000008 0.000007 0.000006 0.000007 0.000008 0.000008 0.000007 0.000005 0.000004 0.000005 0.000005 0.000006 0.000007 
1886.215890 1887.284721 1887.248064 1885.979098 1883.671992 1882.531046 1882.946429 1883.711442 1883.998823 1884.119589 1884.149347 1884.119781 1884.090650 1884.117439 1884.168281 1884.116137 1883.873692 1883.419370 1882.718589 1882.090099 1882.155168 1882.728625 1883.160886 1883.051725 1882.003449 1880.716158 1880.849493 1882.335686 1885.179397 1886.267791 
0.000668 0.000849 0.000793 0.000565 0.000327 0.000175 0.000094 0.000061 0.000050 0.000042 0.000033 0.000026 0.000022 0.000019 0.000018 0.000015 0.000013 0.000011 0.000011 0.000010 0.000009 0.000008 0.000008 0.000008 0.000008 0.000009 0.000010 0.000010 0.000009 0.000007 
1920.971786 1921.263917 1921.563046 1922.051867 1922.885997 1923.552462 1923.475551 1922.871490 1922.111346 1921.785491 1921.716137 1921.779290 1921.887831 1921.879557 1921.830424 1921.882469 1922.028831 1922.034238 1921.890908 1921.893249 1921.950340 1921.558635 1921.124788 1921.992116 1923.297287 1923.307765 1922.150386 1921.295381 1921.344175 1922.380627 
0.001398 0.001743 0.001561 0.001005 0.000459 0.000172 0.000089 0.000070 0.000062 0.000053 0.000041 0.000032 0.000027 0.000025 0.000022 0.000018 0.000014 0.000011 0.000010 0.000010 0.000010 0.000010 0.000009 0.000008 0.000007 0.000006 0.000006 0.000007 0.000008 0.000009 
1956.624735 1956.691097 1956.980868 1957.272626 1956.596313 1953.273814 1952.556373 1951.373421 1950.241380 1949.933727 1949.694243 1949.405646 1949.266082 1949.168687 1949.097617 1949.147730 1949.061529 1948.172857 1946.928626 1946.238891 1945.519868 1944.540471 1943.454622 1942.767157 1942.938272 1945.014422 1948.016566 1948.543038 1949.704520 1951.288887 
0.002625 0.002961 0.002377 0.001305 0.000433 0.000129 0.000076 0.000059 0.000052 0.000044 0.000035 0.000026 0.000021 0.000019 0.000018 0.000016 0.000012 0.000009 0.000008 0.000007 0.000007 0.000008 0.000009 0.000008 0.000007 0.000007 0.000007 0.000008 0.000008 0.000008 
1996.844499 1996.499006 1996.004609 1995.120729 1993.222510 1994.716160 1997.659061 1996.533419 1997.219770 1997.436477 1997.441467 1997.488039 1997.396092 1997.178821 1997.179498 1997.500720 1998.023135 1998.554852 1998.569925 1997.850328 1996.707595 1995.594524 1994.510757 1993.342930 1993.634402 1996.412317 1997.848617 1997.039462 1995.556934 1995.227168 
0.001838 0.001991 0.001532 0.000803 0.000270 0.000111 0.000071 0.000057 0.000051 0.000044 0.000034 0.000027 0.000025 0.000026 0.000025 0.000021 0.000017 0.000014 0.000014 0.000014 0.000015 0.000013 0.000011 0.000010 0.000011 0.000011 0.000011 0.000010 0.000011 0.000013 
2032.278157 2032.059438 2031.711585 2031.067290 2030.449569 2032.485054 2033.012573 2034.019023 2034.493425 2034.617925 2035.004428 2035.521987 2035.702771 2035.784516 2036.362260 2037.411758 2038.442915 2039.176827 2039.404256 2038.521225 2038.054528 2038.489031 2038.964022 2038.856137 2038.509265 2038.414412 2039.289755 2040.241894 2039.768590 2037.402809 
0.001219 0.001300 0.001022 0.000606 0.000296 0.000143 0.000075 0.000059 0.000051 0.000042 0.000033 0.000025 0.000022 0.000020 0.000018 0.000015 0.000011 0.000009 0.000010 0.000010 0.000009 0.000008 0.000007 0.000007 0.000008 0.000008 0.000008 0.000007 0.000007 0.000009 
2053.320773 2052.913811 2052.937367 2054.332835 2057.905286 2058.893718 2056.713754 2056.023372 2056.060252 2056.332914 2056.596466 2056.853682 2056.441546 2055.366839 2054.721944 2054.753977 2055.088878 2054.341825 2052.804090 2051.777088 2051.399987 2053.029055 2057.155182 2058.384283 2055.077292 2051.803666 2051.381823 2052.640259 2053.898241 2055.241869 
0.000662 0.000729 0.000694 0.000589 0.000407 0.000205 0.000081 0.000058 0.000052 0.000044 0.000035 0.000027 0.000023 0.000021 0.000018 0.000015 0.000011 0.000009 0.000007 0.000006 0.000006 0.000006 0.000006 0.000006 0.000006 0.000005 0.000005 0.000005 0.000006 0.000009 
2078.972924 2080.748333 2083.328196 2084.894947 2084.633454 2083.368147 2082.264149 2081.967572 2081.756325 2081.538366 2081.389573 2081.380296 2081.410912 2081.330272 2081.164434 2080.958390 2080.850004 2080.978817 2081.129134 2080.920598 2080.691949 2080.540851 2080.123387 2079.770221 2080.316373 2081.310234 2080.992187 2080.347117 2081.458461 2081.920848 
0.000855 0.000955 0.000826 0.000570 0.000324 0.000150 0.000074 0.000060 0.000054 0.000045 0.000036 0.000028 0.000023 0.000021 0.000019 0.000016 0.000012 0.000010 0.000008 0.000008 0.000007 0.000007 0.000007 0.000008 0.000008 0.000007 0.000006 0.000006 0.000006 0.000007 
2116.046650 2114.852671 2112.248115 2108.556182 2106.004384 2106.658318 2110.342561 2112.259405 2112.753648 2112.937615 2112.931124 2112.912169 2113.172425 2113.417370 2113.433004 2113.530726 2113.843017 2114.063435 2113.993969 2113.829058 2113.376874 2113.145948 2113.595460 2113.474329 2112.517849 2111.387835 2110.729273 2111.443640 2113.099264 2114.451334 
0.001944 0.002142 0.001711 0.000981 0.000419 0.000182 0.000107 0.000083 0.000074 0.000063 0.000049 0.000038 0.000032 0.000029 0.000026 0.000023 0.000019 0.000016 0.000015 0.000015 0.000015 0.000013 0.000012 0.000011 0.000011 0.000011 0.000011 0.000010 0.000011 0.000013 
2170.733221 2170.627915 2170.573330 2170.546540 2170.498792 2171.952076 2174.169136 2173.607465 2173.216492 2173.016298 2172.862658 2172.773778 2172.733817 2172.722772 2172.402665 2171.124574 2169.020519 2167.608846 2168.082397 2169.398068 2170.717352 2171.932574 2172.173951 2171.147498 2168.878828 2166.122107 2165.422895 2168.109540 2175.838429 2181.772436 
0.000891 0.000959 0.000758 0.000469 0.000262 0.000158 0.000094 0.000068 0.000060 0.000051 0.000041 0.000031 0.000026 0.000023 0.000021 0.000018 0.000015 0.000013 0.000011 0.000009 0.000010 0.000010 0.000010 0.000008 0.000007 0.000005 0.000005 0.000005 0.000006 0.000010 
2223.659570 2224.435941 2224.970187 2223.296604 2219.343230 2218.038432 2222.576800 2226.129287 2226.158267 2226.061265 2226.124294 2226.074829 2225.588539 2225.213389 2225.463385 2226.419195 2227.772177 2228.446668 2227.898048 2226.294950 2224.822692 2224.070571 2223.496963 2223.771099 2226.014231 2229.807401 2231.828485 2232.327038 2230.335902 2226.950292 
0.000508 0.000557 0.000444 0.000260 0.000121 0.000064 0.000046 0.000042 0.000038 0.000033 0.000026 0.000020 0.000017 0.000015 0.000014 0.000012 0.000009 0.000006 0.000005 0.000005 0.000006 0.000006 0.000005 0.000004 0.000004 0.000004 0.000005 0.000005 0.000004 0.000004 
2375.002272 2374.951760 2374.875611 2374.682251 2374.138037 2373.789354 2374.057219 2373.956707 2373.879554 2373.895661 2373.917808 2373.953515 2374.018030 2374.110874 2374.196468 2374.130728 2373.877727 2373.750927 2374.104718 2374.091454 2373.567945 2373.168816 2373.303872 2374.088531 2375.208752 2375.733807 2375.241718 2373.969411 2371.864167 2371.460038 
0.002543 0.002807 0.002210 0.001196 0.000409 0.000146 0.000116 0.000106 0.000097 0.000082 0.000065 0.000050 0.000043 0.000039 0.000035 0.000030 0.000025 0.000020 0.000017 0.000015 0.000014 0.000014 0.000014 0.000013 0.000012 0.000012 0.000013 0.000014 0.000016 0.000018 
2442.320170 2441.754241 2441.153651 2440.405289 2439.672134 2443.199750 2444.999007 2445.466331 2445.957591 2446.231934 2446.039967 2445.470695 2444.647810 2443.531792 2442.530390 2442.495570 2444.195715 2447.294182 2449.960989 2451.798792 2454.272903 2457.318759 2458.688879 2454.761754 2443.483165 2434.590203 2435.162622 2442.147399 2448.619048 2450.410885 
0.000469 0.000484 0.000357 0.000185 0.000078 0.000051 0.000042 0.000039 0.000035 0.000029 0.000023 0.000018 0.000015 0.000014 0.000012 0.000010 0.000008 0.000006 0.000006 0.000006 0.000006 0.000006 0.000005 0.000004 0.000004 0.000004 0.000005 0.000004 0.000004 0.000005 
2608.446761 2608.354426 2608.182235 2607.847914 2607.593351 2608.112228 2608.127296 2608.175760 2608.259179 2608.308019 2608.273631 2608.174733 2608.171599 2608.243936 2608.157725 2607.707985 2607.007519 2607.033341 2608.481535 2609.442285 2608.952451 2607.535492 2606.664400 2608.295926 2611.091050 2611.076642 2609.451964 2607.683432 2606.283858 2607.943867 
0.001066 0.001196 0.000965 0.000547 0.000212 0.000087 0.000069 0.000062 0.000057 0.000049 0.000039 0.000030 0.000026 0.000023 0.000020 0.000017 0.000014 0.000012 0.000010 0.000009 0.000008 0.000007 0.000007 0.000008 0.000008 0.000008 0.000007 0.000007 0.000008 0.000010 
2654.486733 2654.703562 2654.874366 2655.082208 2655.913804 2657.822387 2657.286776 2656.858747 2656.689740 2656.644495 2656.564687 2656.224859 2655.739894 2655.723141 2656.093785 2656.334573 2656.650699 2657.067176 2656.287400 2654.353118 2653.193729 2653.299277 2653.464099 2653.553037 2654.244661 2655.201331 2655.529323 2656.078308 2658.184580 2659.545420 
0.001775 0.002078 0.001749 0.001034 0.000401 0.000131 0.000093 0.000084 0.000078 0.000068 0.000054 0.000042 0.000035 0.000032 0.000029 0.000024 0.000020 0.000016 0.000014 0.000013 0.000013 0.000013 0.000014 0.000013 0.000012 0.000011 0.000011 0.000011 0.000011 0.000013 
2754.822505 2751.855668 2748.914110 2745.682272 2742.492684 2745.642924 2746.450914 2745.436999 2745.050704 2745.511861 2746.544495 2746.999064 2746.223585 2745.658157 2745.922158 2745.960134 2743.555214 2737.788797 2734.789303 2739.010622 2746.582984 2752.070540 2752.511969 2749.599858 2746.639187 2745.492130 2743.728152 2742.673989 2744.989307 2745.847534 
0.000776 0.000812 0.000602 0.000306 0.000120 0.000068 0.000052 0.000046 0.000043 0.000037 0.000029 0.000022 0.000018 0.000017 0.000015 0.000012 0.000009 0.000007 0.000007 0.000008 0.000009 0.000008 0.000007 0.000005 0.000004 0.000004 0.000004 0.000005 0.000006 0.000008 
2809.981014 2810.020534 2810.040019 2809.980931 2809.022990 2809.970180 2810.841578 2811.268477 2811.301965 2811.193597 2810.969069 2810.786363 2810.801571 2810.870330 2810.950535 2811.091318 2811.333753 2811.557707 2811.656327 2812.459146 2813.243418 2813.582814 2813.124714 2811.500348 2809.936137 2809.516082 2812.060797 2814.935817 2814.292025 2812.666742 
0.000388 0.000450 0.000383 0.000235 0.000102 0.000044 0.000035 0.000032 0.000030 0.000025 0.000020 0.000015 0.000013 0.000012 0.000010 0.000008 0.000006 0.000005 0.000005 0.000005 0.000005 0.000004 0.000004 0.000004 0.000006 0.000008 0.000008 0.000007 0.000007 0.000007 
2948.724079 2948.715596 2948.655740 2948.406451 2947.461987 2946.501264 2948.312139 2948.644738 2948.585977 2948.480682 2948.223429 2947.799190 2947.535865 2947.528555 2947.489151 2947.331515 2946.931745 2946.315385 2945.937694 2945.830271 2946.300837 2947.547321 2948.938371 2949.327939 2948.855814 2947.861831 2946.047558 2945.152666 2946.502947 2948.886601 
0.001108 0.001211 0.000950 0.000519 0.000192 0.000088 0.000072 0.000066 0.000060 0.000051 0.000040 0.000031 0.000027 0.000026 0.000024 0.000019 0.000015 0.000011 0.000010 0.000010 0.000011 0.000011 0.000011 0.000010 0.000008 0.000006 0.000006 0.000007 0.000008 0.000010 
3024.683287 3023.973828 3023.162732 3022.305131 3022.603400 3025.101075 3024.051499 3023.532336 3023.263625 3023.392730 3023.648272 3023.034401 3021.655802 3021.606480 3022.691523 3023.746564 3023.731909 3022.834625 3022.665569 3023.779851 3023.290396 3021.098226 3019.248614 3019.948812 3022.152655 3021.298410 3016.498850 3016.326324 3021.457264 3026.306412 
0.001556 0.001652 0.001252 0.000655 0.000235 0.000107 0.000079 0.000071 0.000066 0.000056 0.000045 0.000035 0.000029 0.000027 0.000024 0.000021 0.000016 0.000012 0.000011 0.000012 0.000013 0.000012 0.000012 0.000011 0.000012 0.000012 0.000012 0.000011 0.000010 0.000012 
3253.868164 3253.201607 3252.457229 3251.548143 3251.499446 3254.674944 3256.282969 3256.742596 3256.183824 3255.706316 3255.659160 3256.171702 3256.921723 3257.158121 3256.774380 3256.419734 3256.935553 3258.281755 3258.849787 3258.402577 3256.927241 3254.186464 3253.577393 3259.633922 3269.583263 3275.038106 3275.153989 3271.710476 3263.201367 3252.441396 
0.000613 0.000646 0.000492 0.000265 0.000104 0.000051 0.000040 0.000037 0.000035 0.000030 0.000023 0.000018 0.000015 0.000014 0.000013 0.000011 0.000009 0.000007 0.000006 0.000005 0.000005 0.000005 0.000005 0.000005 0.000004 0.000004 0.000004 0.000004 0.000005 0.000007 
3388.767162 3388.494607 3388.005497 3387.001190 3385.270993 3387.037821 3388.732406 3388.839897 3388.767520 3388.753738 3388.881137 3389.085486 3389.174872 3389.088100 3388.902399 3388.991213 3389.618108 3390.306350 3390.430219 3390.385502 3389.820701 3388.459968 3386.792667 3385.313453 3384.638785 3385.104705 3385.053341 3385.903355 3388.364603 3389.528150 
0.000805 0.000860 0.000669 0.000373 0.000150 0.000065 0.000047 0.000042 0.000039 0.000034 0.000028 0.000022 0.000019 0.000017 0.000015 0.000012 0.000009 0.000007 0.000006 0.000006 0.000007 0.000008 0.000007 0.000006 0.000005 0.000004 0.000004 0.000004 0.000005 0.000006 
3446.547627 3446.419579 3446.276962 3446.112648 3446.025158 3446.673907 3447.090871 3447.068131 3447.000318 3446.721517 3446.383891 3446.392364 3446.823658 3447.702689 3448.720338 3449.187951 3448.644709 3447.348542 3446.986967 3446.745739 3445.206525 3443.807351 3442.939511 3442.575040 3442.125113 3442.131093 3446.095115 3447.581237 3443.766971 3439.318819 
0.001200 0.001251 0.000935 0.000490 0.000194 0.000094 0.000065 0.000057 0.000052 0.000045 0.000036 0.000028 0.000025 0.000023 0.000022 0.000019 0.000016 0.000013 0.000011 0.000010 0.000011 0.000011 0.000010 0.000008 0.000007 0.000007 0.000007 0.000007 0.000008 0.000010 
3513.420519 3512.819417 3511.807801 3510.056700 3509.272532 3513.212757 3513.535920 3513.080425 3512.621327 3512.308417 3512.431801 3512.740590 3512.714967 3512.339095 3511.096924 3508.634609 3505.838355 3504.982269 3509.432782 3517.637853 3520.102935 3518.860419 3517.077564 3516.025227 3514.081295 3509.943381 3507.734548 3508.976150 3509.391225 3508.065872 
0.001200 0.001367 0.001140 0.000689 0.000296 0.000108 0.000060 0.000053 0.000049 0.000042 0.000033 0.000026 0.000022 0.000021 0.000019 0.000015 0.000012 0.000010 0.000009 0.000009 0.000010 0.000010 0.000009 0.000008 0.000008 0.000008 0.000008 0.000008 0.000008 0.000008 
3589.288779 3591.268815 3593.601100 3596.275627 3598.216232 3594.590826 3590.824573 3590.438934 3590.629011 3590.517280 3589.984525 3589.199354 3589.125593 3589.846566 3590.448134 3590.579500 3590.178547 3590.343907 3593.481309 3597.592440 3597.517097 3593.713472 3589.443271 3586.424146 3585.056545 3585.595764 3589.296539 3593.939452 3595.557864 3593.501623 
0.001116 0.001346 0.001177 0.000733 0.000305 0.000098 0.000063 0.000057 0.000053 0.000046 0.000036 0.000028 0.000023 0.000022 0.000021 0.000018 0.000015 0.000011 0.000009 0.000008 0.000008 0.000007 0.000007 0.000007 0.000008 0.000008 0.000007 0.000006 0.000006 0.000006 
3703.637849 3700.819980 3697.997617 3694.961951 3691.792387 3695.283513 3699.513405 3698.369042 3698.029233 3697.976860 3697.807077 3697.485716 3697.964331 3699.648102 3700.852496 3701.374832 3701.917114 3700.658261 3695.454836 3693.919824 3697.590991 3700.405456 3699.798236 3695.809914 3692.793019 3692.700689 3694.112595 3694.290953 3693.011961 3692.254390 
0.000704 0.000803 0.000663 0.000389 0.000155 0.000059 0.000044 0.000040 0.000037 0.000032 0.000025 0.000020 0.000018 0.000017 0.000014 0.000012 0.000010 0.000009 0.000008 0.000008 0.000008 0.000008 0.000006 0.000005 0.000005 0.000005 0.000006 0.000006 0.000006 0.000006 
3767.693817 3768.262897 3768.657828 3768.650233 3767.282730 3765.484003 3768.194508 3768.247742 3768.293388 3768.596601 3769.056546 3769.892699 3770.546440 3770.234088 3769.045590 3766.979334 3764.756082 3763.976303 3765.543869 3768.177588 3769.864019 3770.341289 3770.435627 3771.845804 3773.699464 3771.225039 3767.406598 3766.431664 3767.589357 3768.918407 
0.000473 0.000584 0.000524 0.000339 0.000152 0.000053 0.000032 0.000030 0.000028 0.000024 0.000019 0.000015 0.000012 0.000011 0.000010 0.000009 0.000008 0.000007 0.000006 0.000005 0.000005 0.000004 0.000004 0.000004 0.000005 0.000006 0.000006 0.000006 0.000006 0.000005 
3889.732852 3889.457794 3889.163963 3888.818539 3888.424944 3888.704297 3889.773936 3889.599860 3889.249469 3888.958377 3888.911752 3889.240070 3889.604727 3889.595519 3889.623157 3889.794682 3889.318302 3887.849134 3886.597021 3886.431523 3888.459652 3891.235475 3892.348845 3891.309559 3889.724439 3889.807357 3890.264735 3890.224768 3890.753359 3892.172722 
