29.000000 79.000000 0.015986
0.000477 0.000732 0.001062 0.001113 0.000968 0.000832 0.000674 0.000618 0.000592 0.000501 0.000368 0.000279 0.000220 0.000200 0.000186 0.000154 0.000113 0.000060 0.000065 0.000070 0.000057 0.000060 0.000051 0.000041 0.000038 0.000023 0.000025 0.000040 0.000085 
15.924087 16.431948 15.959279 16.326666 16.383180 16.093372 16.450854 15.936742 15.975355 16.431833 16.577791 16.142893 16.188648 15.657292 16.066777 16.885434 15.916478 14.747096 16.104826 16.196254 16.572773 16.246791 16.082228 16.189557 16.115515 16.828170 15.745798 16.131269 16.180590 
0.000595 0.000990 0.001290 0.001353 0.001226 0.001019 0.000892 0.000827 0.000764 0.000663 0.000520 0.000418 0.000352 0.000316 0.000262 0.000219 0.000168 0.000142 0.000119 0.000105 0.000092 0.000082 0.000070 0.000071 0.000077 0.000080 0.000078 0.000082 0.000123 
32.506124 32.612325 32.678919 32.609001 32.596467 32.602403 32.311787 32.642075 32.745321 32.774105 33.162212 33.181276 33.347000 33.034371 32.781287 32.069012 33.277549 34.558902 35.457026 34.523972 34.125524 32.923828 33.041531 34.859747 36.911624 37.743662 37.748548 36.612421 34.025028 
0.000576 0.000900 0.001138 0.001154 0.001060 0.000914 0.000837 0.000845 0.000790 0.000674 0.000525 0.000400 0.000312 0.000262 0.000247 0.000267 0.000272 0.000238 0.000179 0.000123 0.000089 0.000078 0.000101 0.000160 0.000204 0.000205 0.000165 0.000103 0.000082 
52.829922 52.727263 52.620072 52.487341 52.467210 52.380281 52.453054 52.662036 52.880922 53.290482 53.694023 53.677799 52.994785 52.489444 52.441535 52.614109 52.694916 52.843063 53.298967 53.714042 52.442619 50.212325 50.694531 51.914464 52.337271 52.625144 52.721348 51.136527 49.481285 
0.004833 0.005307 0.004481 0.003333 0.002702 0.002371 0.002112 0.001944 0.001777 0.001516 0.001167 0.000863 0.000710 0.000648 0.000587 0.000504 0.000413 0.000324 0.000267 0.000270 0.000299 0.000314 0.000318 0.000333 0.000354 0.000348 0.000307 0.000252 0.000245 
97.444409 97.172464 96.061361 93.882117 92.691894 93.031911 93.333563 93.275596 93.153688 92.932270 92.497067 91.976728 91.781526 92.025893 92.603168 93.027208 93.292142 93.584896 94.362005 95.323702 96.097113 97.056447 97.964252 98.298165 98.190713 98.377307 99.156354 99.876202 98.612339 
0.191227 0.317817 0.412622 0.436805 0.395699 0.339915 0.299010 0.276109 0.249900 0.207307 0.158442 0.123238 0.102514 0.093140 0.082814 0.067201 0.049414 0.035036 0.027871 0.025918 0.026553 0.025587 0.022434 0.017896 0.013586 0.011258 0.010610 0.010848 0.010378 
143.881758 143.792106 143.867549 143.809204 143.440411 143.285292 143.639857 144.573971 145.346288 145.445062 144.885299 144.590762 144.909004 146.104412 147.089099 147.493581 147.253114 146.459109 146.273776 146.964777 148.159091 148.607502 148.438871 147.647223 146.376445 145.877613 146.294426 147.354476 147.887551 
0.029512 0.035566 0.039502 0.041251 0.037398 0.029127 0.024094 0.022395 0.023703 0.023720 0.024042 0.023735 0.020886 0.016908 0.013310 0.010382 0.007821 0.006678 0.006518 0.006525 0.006475 0.006323 0.005806 0.004920 0.004058 0.003339 0.002649 0.002195 0.001930 
180.118096 181.449146 181.617999 181.655550 182.077880 180.977580 179.880399 180.488496 181.674048 182.288822 182.958918 183.421874 182.984286 182.059100 181.751868 181.542169 180.510462 180.308882 181.005125 181.642771 181.968375 182.578923 182.727320 182.287127 181.901679 181.532606 180.896273 180.192290 179.523096 
0.008428 0.009182 0.010666 0.013252 0.017788 0.018624 0.016381 0.013142 0.009605 0.008218 0.008325 0.008986 0.007025 0.004571 0.003568 0.003557 0.003338 0.002742 0.001994 0.001380 0.001268 0.001478 0.001339 0.000793 0.000581 0.000589 0.000607 0.000512 0.000471 
197.070607 200.055192 202.080898 201.658294 198.907612 197.897431 197.760588 198.399476 200.244873 200.567310 199.378036 197.799040 198.425813 200.309165 200.260697 198.521530 198.012943 198.308694 199.092143 200.595733 200.200689 198.012218 197.578019 200.084930 200.904894 199.080794 197.729284 198.297194 198.487494 
0.024927 0.035808 0.040543 0.037933 0.032047 0.026031 0.019992 0.015941 0.013992 0.012360 0.009632 0.006948 0.005147 0.003965 0.002896 0.002320 0.001901 0.001670 0.001328 0.001082 0.000861 0.000688 0.000506 0.000387 0.000308 0.000255 0.000189 0.000153 0.000168 
227.482617 226.305599 225.328620 225.750950 227.289127 228.094662 227.314379 227.613574 228.395114 229.468900 229.128622 228.267082 227.298258 226.955591 226.894328 226.874045 228.166091 227.631978 227.900533 228.025596 228.417685 226.817989 226.239778 227.007358 226.999717 225.321400 226.499483 224.356123 218.776594 
0.009802 0.012958 0.013391 0.013203 0.011871 0.009902 0.006614 0.005152 0.005722 0.005804 0.004553 0.003141 0.002343 0.001934 0.001291 0.000773 0.000573 0.000406 0.000277 0.000271 0.000289 0.000270 0.000184 0.000125 0.000090 0.000064 0.000065 0.000071 0.000075 
242.124144 243.814872 247.087817 248.254634 247.382500 244.418082 243.239649 243.129828 242.856457 243.479513 245.112961 246.914490 247.076833 245.620588 245.426315 244.348574 241.877275 241.860865 245.342137 246.787741 245.681532 245.146869 246.909228 247.583480 246.407207 247.169193 246.705270 247.395857 247.786921 
0.020644 0.031604 0.041046 0.042323 0.033280 0.019605 0.011843 0.009292 0.008296 0.007032 0.005383 0.003237 0.001735 0.001268 0.000867 0.000505 0.000480 0.000465 0.000389 0.000285 0.000211 0.000169 0.000143 0.000102 0.000081 0.000084 0.000085 0.000070 0.000077 
268.073681 266.654816 265.358432 264.808394 264.661118 264.726784 266.358190 266.858947 267.326657 266.566137 266.361660 267.477785 264.778452 260.240743 260.069381 263.206442 266.689307 266.460628 264.651902 264.943301 266.638266 264.254778 260.551600 260.760097 262.575311 262.632663 262.400989 264.095670 265.524664 
0.006905 0.005765 0.006685 0.010192 0.010633 0.009493 0.007577 0.004626 0.002394 0.001842 0.001996 0.001990 0.001503 0.001000 0.000694 0.000538 0.000426 0.000324 0.000238 0.000189 0.000161 0.000123 0.000081 0.000049 0.000033 0.000023 0.000022 0.000038 0.000056 
285.340807 287.549784 287.071911 283.215356 281.796351 281.933871 282.968005 284.073988 285.459444 285.701403 284.588522 284.218055 284.973411 285.641711 285.237700 283.954657 283.546146 284.337329 285.569773 285.675205 284.619662 284.109307 284.717338 286.242281 286.234013 284.083450 283.938529 284.202742 283.659488 
0.015103 0.017966 0.016530 0.011802 0.008173 0.006604 0.005920 0.003837 0.001947 0.001326 0.001289 0.001152 0.000898 0.000663 0.000371 0.000150 0.000109 0.000126 0.000138 0.000120 0.000086 0.000053 0.000036 0.000040 0.000050 0.000057 0.000058 0.000052 0.000036 
295.460782 295.582776 295.843484 296.912455 297.768384 297.281286 295.530067 295.719583 297.806560 297.551717 294.334595 292.339715 292.001394 293.028072 294.690243 297.540263 296.786849 293.604988 292.558323 292.711607 293.224451 294.665507 296.161233 294.622637 294.339536 294.710929 294.840905 294.870149 295.398050 
0.019152 0.020538 0.015483 0.009588 0.006090 0.004031 0.001337 0.000443 0.000433 0.000587 0.000703 0.000554 0.000307 0.000219 0.000232 0.000241 0.000214 0.000177 0.000145 0.000121 0.000098 0.000073 0.000048 0.000028 0.000023 0.000023 0.000020 0.000019 0.000026 
313.975523 314.426394 315.523262 316.497813 316.071142 313.873857 313.452646 312.231445 311.933886 313.218024 312.964068 312.396910 310.766306 310.304794 311.766308 313.231377 314.498855 315.389986 315.592700 315.231503 314.723237 314.315396 313.903669 313.676102 313.981959 313.687712 312.691515 311.641292 311.965244 
0.020349 0.025516 0.023796 0.016750 0.009363 0.005333 0.003562 0.002574 0.001802 0.001175 0.000732 0.000453 0.000289 0.000191 0.000157 0.000143 0.000130 0.000129 0.000131 0.000121 0.000102 0.000081 0.000058 0.000041 0.000034 0.000028 0.000024 0.000025 0.000029 
339.132729 338.967470 338.809465 338.654838 338.759624 339.168863 339.020990 338.332486 337.772834 337.008768 336.711586 338.027196 341.113818 342.555960 341.408932 340.503917 339.404458 338.477729 338.441160 338.713284 339.818532 341.670597 342.194247 340.510929 339.347197 339.814521 342.212085 342.963273 341.103009 
0.001855 0.001914 0.002143 0.002335 0.002072 0.001321 0.000665 0.000474 0.000407 0.000322 0.000242 0.000187 0.000162 0.000147 0.000126 0.000102 0.000076 0.000054 0.000047 0.000053 0.000054 0.000047 0.000040 0.000034 0.000027 0.000020 0.000020 0.000026 0.000046 
371.969121 374.429897 375.960203 376.371838 375.931678 376.285232 376.936067 375.190652 374.871100 375.294153 375.717490 376.085342 375.995252 375.797925 376.062372 376.329098 376.114567 375.320797 373.511146 372.958363 373.679210 374.748855 374.742676 373.401988 372.601507 373.054721 372.634237 370.860775 371.113384 
0.000422 0.000654 0.001198 0.001604 0.001493 0.000991 0.000521 0.000334 0.000283 0.000233 0.000183 0.000143 0.000120 0.000104 0.000087 0.000069 0.000051 0.000039 0.000033 0.000032 0.000033 0.000032 0.000027 0.000021 0.000016 0.000013 0.000013 0.000013 0.000020 
392.318278 393.848619 393.942924 393.234659 392.497548 391.417221 390.308864 392.161855 393.562187 393.466280 393.068151 392.802505 392.883255 393.140947 393.129195 392.875413 392.689926 392.822591 392.834993 392.453485 392.358122 392.715025 393.121183 393.198730 392.973137 393.039093 393.445154 393.889251 393.470061 
0.002578 0.004054 0.004874 0.004484 0.003130 0.001795 0.001036 0.000741 0.000476 0.000325 0.000249 0.000211 0.000178 0.000152 0.000130 0.000106 0.000078 0.000056 0.000045 0.000045 0.000047 0.000047 0.000042 0.000034 0.000027 0.000023 0.000021 0.000023 0.000036 
417.571047 417.218050 416.139598 414.861712 413.618196 414.285360 416.755982 417.889344 414.213822 410.963567 412.313069 415.161014 414.166209 412.006980 411.374508 411.804064 412.165534 412.974819 414.287862 414.574331 413.807892 413.012617 412.711913 413.132106 414.337857 415.438488 415.192830 414.019785 413.373036 
0.001666 0.002270 0.002194 0.001724 0.001285 0.001000 0.000878 0.000899 0.000833 0.000686 0.000535 0.000417 0.000321 0.000234 0.000156 0.000109 0.000089 0.000082 0.000068 0.000046 0.000029 0.000024 0.000021 0.000019 0.000021 0.000023 0.000022 0.000021 0.000024 
431.852609 431.275120 430.450453 430.124941 431.622025 433.056789 432.940452 432.542614 432.999566 433.398699 433.175817 432.819231 433.058365 433.708379 434.348821 434.394056 434.442005 434.007962 433.701252 433.740019 433.487076 432.188536 432.029215 432.972755 433.284753 433.251025 433.355391 432.702310 431.227450 
0.007208 0.010115 0.010682 0.008891 0.006200 0.004336 0.003067 0.002208 0.001459 0.000795 0.000349 0.000241 0.000265 0.000318 0.000308 0.000247 0.000166 0.000103 0.000082 0.000084 0.000089 0.000082 0.000066 0.000048 0.000032 0.000026 0.000026 0.000027 0.000035 
457.675727 457.580083 457.280538 456.000190 453.494840 452.328013 452.456650 452.334070 449.189587 446.657941 449.082364 454.081801 451.900878 447.478319 445.399173 444.782565 444.679230 444.511964 444.991866 445.612799 446.111905 446.494217 446.960127 447.837801 449.987178 451.648999 449.841976 449.986699 453.187441 
0.001688 0.001949 0.001839 0.001423 0.000898 0.000535 0.000323 0.000250 0.000217 0.000171 0.000134 0.000118 0.000098 0.000080 0.000070 0.000058 0.000040 0.000028 0.000032 0.000040 0.000044 0.000042 0.000036 0.000026 0.000019 0.000019 0.000020 0.000018 0.000015 
481.503017 480.978031 481.210959 482.698178 485.721599 486.595418 483.549183 482.356118 484.062119 484.845467 484.641357 483.833651 483.480150 483.726390 483.860130 483.962649 484.661308 485.260906 483.207995 482.121559 482.005738 482.445724 483.224489 484.175829 484.317451 482.876450 482.523044 483.985965 487.139026 
0.000379 0.000463 0.000738 0.000990 0.001061 0.000880 0.000614 0.000423 0.000301 0.000210 0.000143 0.000104 0.000089 0.000082 0.000073 0.000060 0.000044 0.000030 0.000023 0.000022 0.000022 0.000022 0.000021 0.000017 0.000012 0.000010 0.000009 0.000011 0.000017 
494.759599 498.407874 500.296658 499.525571 498.306715 497.664792 497.699820 498.082042 498.105032 497.956040 497.953180 497.893342 497.764283 497.688372 497.719612 497.792894 497.848454 497.868631 497.853346 497.894991 497.902192 497.778682 497.616241 497.471115 497.335258 497.537154 497.478847 496.136527 496.317235 
0.005036 0.006362 0.006511 0.005289 0.003297 0.001634 0.000797 0.000492 0.000356 0.000270 0.000199 0.000150 0.000130 0.000120 0.000106 0.000087 0.000066 0.000049 0.000041 0.000040 0.000040 0.000037 0.000032 0.000027 0.000023 0.000019 0.000018 0.000020 0.000027 
542.479731 544.891305 548.002660 550.355065 551.995544 552.779279 552.324215 548.070338 543.509486 541.087354 540.989721 541.274089 540.647615 540.161895 540.222174 540.768876 541.831333 542.853663 541.972197 540.056660 539.748499 540.650369 541.508747 541.571806 541.433574 540.794671 539.828761 540.544449 542.767699 
0.013080 0.019724 0.022154 0.018753 0.011986 0.005945 0.002558 0.001127 0.000555 0.000320 0.000202 0.000143 0.000118 0.000109 0.000098 0.000079 0.000059 0.000047 0.000041 0.000036 0.000034 0.000034 0.000034 0.000033 0.000031 0.000029 0.000029 0.000031 0.000038 
585.470064 586.441070 587.182191 587.926908 588.817328 589.521930 589.422002 588.938422 587.659886 585.434176 583.871414 583.336061 583.170050 583.844678 584.341940 583.961874 583.053085 583.091154 584.824706 585.727148 585.945317 587.032826 588.981782 591.044538 592.852118 593.706037 593.606943 593.510121 591.776375 
0.030607 0.040982 0.041653 0.032574 0.019642 0.009344 0.003978 0.001680 0.000736 0.000374 0.000268 0.000252 0.000216 0.000165 0.000138 0.000128 0.000113 0.000095 0.000074 0.000056 0.000047 0.000050 0.000051 0.000045 0.000037 0.000031 0.000024 0.000021 0.000024 
633.265070 632.098542 631.406754 631.117000 631.067975 630.955759 630.922861 631.365039 633.113650 634.791767 636.599018 637.682302 637.408544 638.208590 640.108692 639.776628 637.390190 635.922266 636.839488 638.880445 639.238766 638.537683 637.592194 635.764296 633.864549 633.894861 636.841213 641.299767 643.073073 
0.012363 0.015298 0.015021 0.011748 0.007280 0.003738 0.001792 0.000862 0.000467 0.000293 0.000194 0.000148 0.000126 0.000110 0.000098 0.000085 0.000068 0.000052 0.000040 0.000032 0.000028 0.000027 0.000025 0.000021 0.000018 0.000016 0.000015 0.000015 0.000017 
678.649842 680.398577 682.005166 682.647380 681.891222 680.137796 679.697972 680.125581 679.892650 679.535550 680.392430 681.096964 679.710109 679.356559 680.795398 682.242945 682.445879 680.996133 678.550197 678.722785 681.272293 682.057693 681.851400 681.203345 679.530708 677.149860 675.866167 677.166889 680.878762 
0.009239 0.011963 0.011681 0.008560 0.004731 0.002167 0.000956 0.000509 0.000374 0.000351 0.000310 0.000246 0.000182 0.000137 0.000111 0.000091 0.000069 0.000051 0.000046 0.000047 0.000045 0.000040 0.000038 0.000038 0.000037 0.000035 0.000032 0.000032 0.000037 
726.884151 727.384772 727.607718 728.111397 729.104249 730.093414 729.414218 730.952991 729.423055 729.085626 729.301830 729.618454 730.034066 728.978175 726.356886 724.988931 725.185990 727.103452 729.147167 728.839752 727.150502 724.280023 722.218636 722.456713 722.791745 722.132768 721.505419 722.360405 725.368418 
0.011072 0.014109 0.013700 0.010493 0.006482 0.003444 0.001648 0.000757 0.000325 0.000187 0.000130 0.000095 0.000080 0.000073 0.000065 0.000053 0.000040 0.000029 0.000023 0.000022 0.000022 0.000022 0.000021 0.000018 0.000013 0.000010 0.000010 0.000011 0.000017 
805.693782 803.261892 801.027328 799.876817 800.548570 802.023184 801.984414 800.951223 802.024440 804.163165 804.265297 804.982078 805.149923 804.838646 804.571251 804.480364 804.652448 805.048548 805.325805 805.513363 805.804431 805.441125 804.118703 802.964534 802.448610 801.647374 801.939762 805.307046 806.221439 
0.008340 0.009307 0.008039 0.005474 0.003159 0.001681 0.000907 0.000444 0.000253 0.000179 0.000130 0.000100 0.000087 0.000081 0.000071 0.000056 0.000041 0.000030 0.000023 0.000022 0.000023 0.000022 0.000020 0.000017 0.000014 0.000013 0.000013 0.000013 0.000020 
874.255022 875.256483 876.321127 877.603246 879.048025 880.911747 880.081424 877.982737 875.449851 874.360722 873.960142 874.010938 874.400217 874.679774 874.574566 874.512112 874.663956 874.064821 872.844289 873.019810 874.159067 874.680722 873.972275 872.896874 874.957183 880.929867 883.209783 878.367244 869.176355 
0.007951 0.009599 0.008909 0.006261 0.003206 0.001366 0.000669 0.000397 0.000234 0.000157 0.000121 0.000096 0.000077 0.000067 0.000062 0.000053 0.000041 0.000029 0.000023 0.000022 0.000022 0.000021 0.000019 0.000016 0.000014 0.000012 0.000011 0.000011 0.000015 
927.688017 928.007919 928.875835 929.852175 930.301069 929.291088 928.791641 929.551279 931.373227 932.489954 932.109383 931.744265 931.982750 932.178941 931.704511 931.224092 931.260698 931.206594 929.649638 929.506215 931.403249 933.314668 934.162705 934.060821 933.809687 933.593160 932.829314 931.070259 929.342014 
0.008345 0.010072 0.009355 0.006582 0.003338 0.001247 0.000550 0.000296 0.000174 0.000132 0.000103 0.000081 0.000068 0.000061 0.000056 0.000047 0.000039 0.000033 0.000030 0.000026 0.000024 0.000023 0.000023 0.000021 0.000020 0.000021 0.000022 0.000022 0.000022 
971.086184 970.635335 969.481068 967.886554 966.471243 968.665072 972.623937 971.082596 967.037108 966.627055 967.033318 967.361425 966.822062 965.935871 965.431164 965.091032 964.517756 964.163035 964.394408 964.701986 965.123815 964.790775 963.575199 962.880042 962.550756 962.090853 961.983736 961.638031 960.676487 
0.008775 0.009802 0.008477 0.005746 0.003041 0.001213 0.000488 0.000277 0.000202 0.000156 0.000120 0.000095 0.000081 0.000073 0.000064 0.000052 0.000039 0.000029 0.000024 0.000023 0.000023 0.000023 0.000021 0.000019 0.000017 0.000015 0.000014 0.000015 0.000018 
1016.983463 1016.717215 1015.404899 1012.838051 1008.941013 1005.518081 1004.983583 1010.008297 1015.745914 1019.139421 1020.001402 1019.590908 1019.008848 1019.017614 1019.207794 1019.475738 1019.899565 1020.395005 1020.396620 1019.530057 1018.980853 1019.347552 1020.147971 1020.992071 1021.778821 1021.726525 1020.973810 1020.287994 1019.372979 
0.002807 0.002741 0.002043 0.001237 0.000647 0.000291 0.000174 0.000155 0.000139 0.000114 0.000087 0.000068 0.000058 0.000054 0.000048 0.000042 0.000036 0.000029 0.000024 0.000022 0.000023 0.000024 0.000023 0.000022 0.000022 0.000022 0.000021 0.000022 0.000023 
1065.868729 1066.843301 1068.213633 1069.855061 1070.991915 1070.422661 1066.179080 1065.501387 1065.347911 1065.384212 1065.631428 1066.170902 1066.726702 1066.991963 1067.466786 1068.868221 1071.004678 1072.933376 1073.992927 1073.963348 1073.765108 1074.242885 1075.470801 1076.719578 1077.408914 1077.958330 1078.117839 1077.590411 1076.519039 
0.001801 0.001778 0.001401 0.000934 0.000578 0.000300 0.000161 0.000124 0.000104 0.000085 0.000066 0.000052 0.000044 0.000041 0.000037 0.000032 0.000025 0.000019 0.000016 0.000014 0.000015 0.000016 0.000016 0.000015 0.000013 0.000010 0.000010 0.000011 0.000015 
1094.713890 1096.274182 1097.264286 1096.896154 1094.417167 1093.699190 1094.901636 1093.708206 1093.074345 1092.861907 1092.693237 1092.455345 1092.165001 1091.959492 1091.710967 1091.234253 1090.437324 1089.426322 1088.972168 1089.496759 1089.768736 1089.270108 1088.403813 1087.524193 1086.960514 1086.801618 1086.879033 1086.721044 1087.574405 
0.001813 0.001954 0.001597 0.000984 0.000458 0.000199 0.000141 0.000126 0.000113 0.000094 0.000073 0.000056 0.000047 0.000043 0.000038 0.000031 0.000024 0.000018 0.000014 0.000013 0.000013 0.000013 0.000012 0.000011 0.000009 0.000007 0.000006 0.000007 0.000010 
1113.004173 1112.369024 1112.539584 1114.044076 1117.913710 1119.435556 1117.339891 1118.172102 1118.148391 1117.899211 1117.694155 1117.553657 1117.503433 1117.464992 1117.377451 1117.321678 1117.380750 1117.476542 1117.557361 1117.614677 1117.362131 1116.932199 1116.850776 1117.636337 1119.412238 1121.382449 1121.278803 1119.230040 1117.876960 
0.000695 0.000672 0.000585 0.000504 0.000386 0.000233 0.000135 0.000110 0.000099 0.000083 0.000064 0.000049 0.000041 0.000038 0.000034 0.000029 0.000023 0.000018 0.000015 0.000013 0.000013 0.000013 0.000013 0.000012 0.000010 0.000009 0.000010 0.000012 0.000015 
1142.046748 1142.062404 1141.903963 1141.611708 1141.964832 1142.455653 1142.653362 1142.585857 1142.399728 1142.133386 1141.850397 1141.607322 1141.517821 1141.503214 1141.375733 1141.125339 1141.058323 1141.633187 1142.494627 1142.627474 1142.112837 1142.103930 1142.656816 1142.781320 1141.843396 1141.194430 1141.617522 1141.467981 1141.370817 
0.001503 0.001623 0.001482 0.001161 0.000782 0.000411 0.000201 0.000150 0.000128 0.000105 0.000081 0.000063 0.000053 0.000049 0.000045 0.000038 0.000030 0.000023 0.000020 0.000020 0.000020 0.000020 0.000020 0.000020 0.000019 0.000020 0.000020 0.000019 0.000016 
1186.554148 1186.184383 1186.704297 1187.822029 1188.910320 1188.639574 1186.180895 1185.476735 1185.751609 1185.936480 1186.230278 1186.476998 1186.762886 1187.276359 1187.983844 1188.940941 1190.270476 1191.820830 1192.696741 1192.421066 1192.198089 1192.802010 1193.916228 1195.160347 1196.631817 1197.672107 1197.688183 1197.169756 1195.498075 
0.001547 0.001627 0.001474 0.001336 0.001106 0.000750 0.000410 0.000213 0.000138 0.000104 0.000078 0.000060 0.000051 0.000046 0.000042 0.000035 0.000027 0.000021 0.000018 0.000018 0.000018 0.000019 0.000019 0.000017 0.000015 0.000013 0.000014 0.000015 0.000017 
1244.497363 1245.102317 1247.393357 1248.861352 1248.606004 1247.068780 1245.448560 1245.067692 1246.742822 1247.065378 1246.916969 1246.938171 1246.927983 1246.778342 1246.744908 1247.034469 1247.671756 1248.602147 1249.984733 1251.295832 1252.019251 1252.542857 1253.144722 1253.840124 1254.984222 1256.619199 1257.650609 1258.229996 1257.031174 
0.001410 0.001456 0.001155 0.000739 0.000455 0.000292 0.000185 0.000128 0.000097 0.000075 0.000057 0.000043 0.000036 0.000033 0.000029 0.000024 0.000018 0.000013 0.000011 0.000010 0.000010 0.000010 0.000010 0.000008 0.000007 0.000006 0.000006 0.000007 0.000011 
1296.091257 1297.001727 1297.132762 1295.472811 1291.370931 1290.338162 1292.501192 1294.701323 1294.270723 1293.262031 1292.684855 1292.430823 1292.390981 1292.330969 1292.225490 1292.181494 1292.436857 1293.225618 1293.820299 1293.427351 1293.077701 1292.880796 1292.304462 1291.408563 1290.847196 1291.554491 1294.522972 1296.917250 1296.578208 
0.002549 0.002930 0.002468 0.001515 0.000679 0.000260 0.000160 0.000142 0.000127 0.000106 0.000082 0.000064 0.000055 0.000052 0.000048 0.000041 0.000032 0.000025 0.000022 0.000023 0.000024 0.000024 0.000024 0.000022 0.000021 0.000021 0.000020 0.000019 0.000018 
1326.508643 1327.378019 1328.594134 1330.392374 1332.282273 1332.254660 1331.382624 1331.656857 1331.627919 1331.848218 1331.860424 1331.478102 1331.024319 1330.546301 1329.907984 1329.212761 1328.568306 1327.553909 1326.227839 1325.394445 1325.171973 1325.256094 1325.511386 1325.435928 1324.504964 1323.400806 1322.750029 1322.141436 1322.271538 
0.000752 0.000890 0.000782 0.000529 0.000292 0.000173 0.000129 0.000113 0.000101 0.000084 0.000065 0.000051 0.000044 0.000040 0.000034 0.000028 0.000022 0.000017 0.000016 0.000017 0.000018 0.000017 0.000015 0.000011 0.000009 0.000009 0.000009 0.000010 0.000012 
1389.036016 1387.417921 1385.756363 1384.878232 1386.107583 1390.257795 1389.817302 1388.285298 1387.718763 1387.577559 1387.541276 1387.552996 1387.857030 1388.299364 1388.398985 1388.055989 1387.508251 1386.695583 1385.357328 1384.462500 1384.374607 1384.740715 1385.338193 1385.795533 1385.236583 1384.227422 1384.544406 1386.335672 1388.580326 
0.000841 0.001041 0.001134 0.001080 0.000815 0.000463 0.000210 0.000118 0.000095 0.000078 0.000061 0.000047 0.000041 0.000038 0.000034 0.000029 0.000023 0.000019 0.000017 0.000016 0.000017 0.000017 0.000017 0.000016 0.000015 0.000015 0.000015 0.000015 0.000015 
1439.322569 1440.270130 1442.646673 1445.343652 1447.004161 1447.846458 1447.240986 1444.525483 1443.394301 1442.980970 1442.817014 1442.750606 1442.587926 1442.339399 1442.271265 1442.266927 1442.271673 1442.925793 1443.948065 1443.833988 1442.755199 1441.656229 1440.911024 1441.027618 1441.685679 1442.233533 1442.640222 1442.368609 1441.209614 
0.000533 0.000680 0.000743 0.000659 0.000449 0.000227 0.000095 0.000061 0.000056 0.000047 0.000035 0.000027 0.000022 0.000021 0.000018 0.000015 0.000011 0.000008 0.000006 0.000007 0.000008 0.000008 0.000007 0.000006 0.000006 0.000006 0.000005 0.000004 0.000004 
1464.405862 1464.326350 1463.619454 1462.787074 1462.138529 1462.055075 1463.859205 1464.492063 1463.331282 1463.262040 1463.497113 1463.688728 1463.782350 1463.858844 1463.984184 1464.120414 1464.064740 1463.495691 1462.754607 1463.210344 1463.558422 1463.460174 1463.145878 1463.199887 1463.857111 1464.212769 1463.616060 1461.718517 1459.944823 
0.000602 0.000744 0.000773 0.000688 0.000518 0.000324 0.000174 0.000101 0.000076 0.000062 0.000048 0.000036 0.000031 0.000029 0.000026 0.000022 0.000016 0.000012 0.000011 0.000011 0.000012 0.000012 0.000011 0.000009 0.000009 0.000010 0.000011 0.000011 0.000012 
1493.263291 1493.951469 1495.531306 1497.028947 1497.550983 1497.200909 1497.042649 1497.494966 1497.124820 1496.858228 1496.792009 1496.728212 1496.674010 1496.710179 1496.845109 1497.083419 1497.507493 1498.223271 1498.836873 1499.119782 1499.285324 1499.301543 1499.251705 1499.242780 1499.309427 1499.480347 1500.071814 1501.069512 1501.030360 
0.000445 0.000636 0.000741 0.000668 0.000455 0.000229 0.000108 0.000086 0.000077 0.000064 0.000049 0.000037 0.000032 0.000029 0.000025 0.000021 0.000016 0.000012 0.000010 0.000009 0.000009 0.000009 0.000008 0.000007 0.000005 0.000004 0.000004 0.000005 0.000007 
1540.563010 1537.956057 1535.514824 1534.083277 1533.656845 1534.385935 1535.338736 1534.227577 1534.093114 1534.152737 1534.146179 1534.078929 1534.093856 1534.248119 1534.350413 1534.228720 1533.864893 1533.633661 1533.916437 1534.081812 1534.160671 1534.404927 1534.544775 1534.513585 1534.752571 1535.267243 1534.685088 1533.457068 1533.394137 
0.001040 0.001047 0.000794 0.000496 0.000291 0.000172 0.000118 0.000107 0.000096 0.000081 0.000063 0.000050 0.000043 0.000040 0.000038 0.000033 0.000027 0.000021 0.000019 0.000020 0.000021 0.000022 0.000021 0.000018 0.000015 0.000014 0.000014 0.000014 0.000016 
1568.076503 1568.117699 1568.711256 1569.200018 1568.627984 1567.649819 1567.666818 1567.513900 1567.761442 1567.825314 1567.728172 1567.558417 1567.488129 1567.361437 1567.073066 1566.774755 1566.376314 1565.600993 1564.660278 1563.812182 1563.411549 1563.747540 1564.092759 1563.845321 1563.400401 1562.942450 1562.600753 1564.095774 1568.132295 
0.003047 0.003125 0.002282 0.001136 0.000373 0.000158 0.000115 0.000102 0.000092 0.000076 0.000058 0.000045 0.000038 0.000035 0.000031 0.000026 0.000020 0.000014 0.000012 0.000012 0.000013 0.000014 0.000013 0.000012 0.000011 0.000011 0.000010 0.000010 0.000013 
1636.974476 1636.571873 1635.929621 1634.849542 1634.146982 1636.188830 1634.912039 1635.030036 1634.877597 1634.674878 1634.492954 1634.335320 1634.282482 1634.201525 1633.916477 1633.449061 1632.998261 1632.999039 1633.428329 1633.092973 1632.637509 1632.553112 1631.812245 1630.038304 1628.391287 1627.525061 1626.605551 1626.784610 1630.017104 
0.002659 0.002674 0.001945 0.001074 0.000540 0.000288 0.000142 0.000095 0.000082 0.000068 0.000053 0.000041 0.000035 0.000031 0.000028 0.000024 0.000020 0.000016 0.000014 0.000014 0.000014 0.000015 0.000015 0.000016 0.000017 0.000016 0.000015 0.000014 0.000014 
1666.852462 1666.212936 1665.486595 1666.070013 1667.562628 1669.695096 1667.421498 1667.709649 1668.638506 1668.752614 1668.825292 1668.884193 1668.922551 1669.035530 1669.389699 1670.144349 1671.359999 1672.929846 1674.360251 1674.908582 1674.841325 1674.820989 1675.562712 1676.962026 1678.128718 1678.808850 1678.904374 1678.048836 1675.007921 
0.001527 0.001689 0.001478 0.001071 0.000678 0.000359 0.000180 0.000107 0.000084 0.000067 0.000050 0.000038 0.000032 0.000029 0.000025 0.000021 0.000016 0.000012 0.000011 0.000011 0.000010 0.000010 0.000010 0.000009 0.000007 0.000006 0.000006 0.000006 0.000007 
1714.486138 1715.527330 1717.976275 1721.183294 1722.070699 1720.551948 1716.743283 1716.298699 1718.161871 1718.870244 1719.253546 1719.487770 1719.542170 1719.452105 1719.405163 1719.492205 1719.591409 1719.263430 1718.658555 1718.637737 1718.490210 1718.135432 1718.618043 1719.213406 1719.098340 1720.603173 1722.192951 1720.451513 1719.709286 
0.001527 0.001651 0.001365 0.000864 0.000427 0.000195 0.000124 0.000104 0.000092 0.000076 0.000059 0.000047 0.000041 0.000037 0.000033 0.000027 0.000021 0.000016 0.000014 0.000014 0.000014 0.000014 0.000013 0.000013 0.000012 0.000011 0.000010 0.000010 0.000013 
1760.453645 1760.578101 1761.332758 1763.395473 1766.382967 1764.691268 1759.113055 1758.991286 1759.127335 1759.170879 1758.965267 1758.257921 1757.487666 1757.325906 1757.594418 1757.995464 1758.210256 1758.169372 1758.049571 1756.914103 1755.357592 1754.235038 1752.975223 1750.961722 1748.670246 1747.166955 1747.019444 1749.149639 1753.505003 
0.001830 0.001833 0.001344 0.000715 0.000299 0.000155 0.000121 0.000109 0.000099 0.000083 0.000064 0.000050 0.000043 0.000040 0.000037 0.000032 0.000026 0.000022 0.000019 0.000018 0.000018 0.000018 0.000018 0.000017 0.000015 0.000015 0.000016 0.000017 0.000017 
1814.440443 1813.856098 1812.675129 1810.745405 1809.958896 1812.680305 1812.332783 1812.431131 1812.586788 1812.628123 1812.486469 1812.033209 1811.817619 1812.086201 1812.056494 1811.102179 1809.487465 1808.372440 1808.140914 1808.192191 1808.364481 1807.848279 1806.217352 1804.600146 1804.280628 1804.947777 1805.180660 1805.251432 1806.089489 
0.001310 0.001318 0.001023 0.000655 0.000368 0.000192 0.000112 0.000092 0.000082 0.000068 0.000052 0.000040 0.000034 0.000031 0.000028 0.000023 0.000018 0.000013 0.000011 0.000011 0.000012 0.000011 0.000011 0.000012 0.000012 0.000011 0.000011 0.000011 0.000010 
1856.786026 1857.488028 1859.170204 1860.847262 1862.668360 1861.740053 1859.084614 1858.287855 1858.677936 1858.888820 1859.013567 1859.155919 1859.220831 1859.218747 1859.322887 1859.595456 1859.844556 1859.919872 1860.125100 1860.055626 1859.502305 1859.174705 1860.201823 1861.926751 1862.493900 1862.005025 1861.684038 1862.158256 1861.754489 
0.001085 0.001137 0.000921 0.000610 0.000361 0.000213 0.000134 0.000104 0.000091 0.000075 0.000058 0.000045 0.000038 0.000035 0.000032 0.000027 0.000022 0.000017 0.000015 0.000015 0.000015 0.000015 0.000015 0.000014 0.000013 0.000012 0.000012 0.000013 0.000014 
1905.018200 1907.339068 1909.985129 1911.634890 1910.284699 1907.060568 1906.421181 1905.858098 1904.729592 1904.047945 1903.705067 1903.794710 1904.204281 1904.695167 1905.184749 1905.734017 1906.554706 1907.756356 1909.247100 1910.811296 1911.935655 1912.705492 1913.539759 1915.268071 1917.833026 1919.185804 1917.945537 1916.226554 1915.374641 
0.002149 0.002229 0.001675 0.000901 0.000380 0.000195 0.000134 0.000108 0.000093 0.000076 0.000058 0.000045 0.000038 0.000035 0.000031 0.000026 0.000020 0.000015 0.000013 0.000013 0.000013 0.000013 0.000012 0.000011 0.000010 0.000010 0.000010 0.000010 0.000012 
1985.994467 1985.076711 1983.765564 1982.120869 1980.796107 1981.385531 1978.081916 1977.795272 1979.100439 1979.809010 1980.289310 1980.638178 1980.695180 1980.514504 1980.278101 1980.170023 1980.497473 1981.460763 1982.154958 1982.055706 1981.122660 1979.183488 1977.384654 1977.186019 1979.102471 1981.275406 1981.931249 1980.946138 1980.424192 
0.002535 0.002538 0.001845 0.000970 0.000419 0.000201 0.000136 0.000113 0.000100 0.000083 0.000065 0.000051 0.000044 0.000040 0.000036 0.000030 0.000024 0.000020 0.000018 0.000018 0.000019 0.000019 0.000018 0.000016 0.000015 0.000016 0.000016 0.000014 0.000013 
2036.527640 2037.879546 2040.588069 2045.894772 2050.290268 2042.972171 2037.800055 2039.382427 2039.840200 2039.785215 2039.762259 2039.827045 2039.840896 2039.911343 2040.128202 2040.183766 2040.049441 2040.142783 2040.398049 2041.210997 2043.212900 2045.085542 2045.118557 2042.856153 2040.571508 2040.592312 2041.777973 2042.083613 2041.090244 
0.000878 0.000840 0.000598 0.000338 0.000185 0.000106 0.000070 0.000060 0.000054 0.000045 0.000035 0.000027 0.000023 0.000022 0.000020 0.000017 0.000013 0.000009 0.000008 0.000008 0.000008 0.000008 0.000007 0.000007 0.000007 0.000007 0.000007 0.000007 0.000008 
2110.835355 2110.821909 2110.131943 2107.969507 2106.172890 2107.197071 2108.197825 2108.604538 2108.814909 2108.914243 2108.933423 2109.013204 2109.178137 2109.246644 2109.197843 2109.067580 2108.761139 2108.066194 2107.997091 2109.038568 2109.403226 2108.836095 2108.102950 2107.380358 2106.355178 2105.542939 2105.347405 2105.720492 2107.591698 
0.002514 0.002513 0.001804 0.000928 0.000383 0.000197 0.000116 0.000090 0.000078 0.000065 0.000049 0.000038 0.000033 0.000031 0.000027 0.000021 0.000016 0.000012 0.000011 0.000011 0.000011 0.000011 0.000010 0.000009 0.000008 0.000009 0.000009 0.000010 0.000010 
2169.561521 2169.850998 2170.151554 2169.239629 2165.763146 2164.135898 2168.829385 2169.629111 2169.237639 2169.161261 2169.094706 2169.020706 2168.854141 2168.647917 2168.676145 2168.908921 2168.743097 2167.720030 2167.117164 2167.199319 2167.557308 2168.252568 2168.380004 2166.605594 2164.743277 2166.281277 2168.936753 2169.091777 2168.024206 
0.002296 0.002318 0.001704 0.000938 0.000450 0.000245 0.000140 0.000099 0.000085 0.000070 0.000054 0.000042 0.000036 0.000033 0.000030 0.000024 0.000019 0.000014 0.000012 0.000011 0.000011 0.000011 0.000011 0.000011 0.000012 0.000013 0.000013 0.000012 0.000012 
2229.691075 2230.202915 2230.733588 2230.153083 2228.060408 2227.276313 2230.453923 2232.767858 2232.370664 2231.954302 2231.699765 2231.579225 2231.405688 2231.213111 2231.066905 2230.598822 2229.260099 2227.616654 2227.972932 2230.499132 2233.236480 2235.177192 2234.374956 2229.518092 2226.992702 2228.930850 2229.972937 2227.748663 2225.778877 
0.000559 0.000558 0.000443 0.000321 0.000219 0.000130 0.000068 0.000048 0.000043 0.000036 0.000028 0.000022 0.000018 0.000016 0.000015 0.000013 0.000010 0.000007 0.000007 0.000007 0.000007 0.000006 0.000005 0.000005 0.000005 0.000005 0.000004 0.000003 0.000003 
2269.831400 2270.755968 2272.153739 2272.325643 2270.977492 2269.513473 2269.698308 2270.457227 2270.276061 2270.137718 2270.085757 2270.005991 2269.678432 2269.406891 2269.570078 2269.851229 2269.772320 2269.356829 2269.919108 2270.490185 2270.060847 2269.468673 2271.266645 2273.534918 2272.974421 2270.490294 2267.857098 2267.504504 2269.334706 
0.000778 0.000795 0.000597 0.000332 0.000161 0.000097 0.000074 0.000067 0.000061 0.000051 0.000039 0.000031 0.000026 0.000024 0.000021 0.000018 0.000015 0.000012 0.000010 0.000009 0.000010 0.000010 0.000009 0.000008 0.000008 0.000007 0.000006 0.000006 0.000007 
2316.859249 2317.031122 2317.412588 2318.204299 2318.221764 2315.791557 2315.434192 2316.024588 2316.080604 2315.918210 2315.767983 2315.584853 2315.231340 2314.965029 2315.019302 2315.457415 2315.971162 2316.263324 2316.607226 2316.960993 2317.361181 2317.759421 2317.280550 2316.166559 2316.398849 2317.132431 2315.837786 2312.465772 2311.545884 
0.001521 0.001584 0.001178 0.000603 0.000221 0.000128 0.000109 0.000101 0.000092 0.000076 0.000059 0.000045 0.000038 0.000036 0.000032 0.000027 0.000021 0.000016 0.000013 0.000013 0.000013 0.000012 0.000011 0.000010 0.000009 0.000009 0.000008 0.000008 0.000010 
2460.428396 2460.079949 2459.848587 2459.991199 2461.538382 2461.038102 2459.902119 2459.651796 2459.694425 2459.895092 2460.054066 2459.869128 2459.403724 2459.308456 2459.609171 2460.101550 2460.700134 2460.793822 2459.589046 2458.849013 2460.160156 2462.231855 2463.424707 2462.354310 2460.816713 2460.595842 2459.082559 2457.415702 2456.577305 
0.001078 0.001155 0.000892 0.000486 0.000194 0.000108 0.000092 0.000086 0.000078 0.000065 0.000050 0.000039 0.000033 0.000030 0.000026 0.000022 0.000017 0.000013 0.000011 0.000012 0.000014 0.000014 0.000012 0.000010 0.000009 0.000008 0.000008 0.000009 0.000012 
2629.012119 2630.885267 2632.848644 2634.770504 2633.713756 2628.181856 2628.903345 2629.439334 2629.592603 2629.668394 2630.027529 2630.553184 2630.420427 2629.659976 2629.091692 2628.803512 2628.493998 2628.050101 2629.002588 2633.151265 2635.626437 2635.130349 2632.740865 2631.187928 2632.128338 2632.005455 2630.676059 2630.906958 2631.281204 
0.002693 0.002798 0.002081 0.001066 0.000361 0.000150 0.000115 0.000106 0.000095 0.000079 0.000061 0.000048 0.000041 0.000038 0.000034 0.000028 0.000022 0.000018 0.000017 0.000017 0.000016 0.000016 0.000015 0.000014 0.000012 0.000011 0.000011 0.000011 0.000012 
2741.255172 2739.683444 2738.145748 2736.583326 2735.070345 2737.984913 2739.261538 2739.665548 2739.715949 2739.751189 2739.948607 2739.912103 2739.374912 2739.306250 2739.885015 2740.536923 2741.563300 2744.364200 2747.799259 2748.646189 2747.475593 2747.593404 2750.400383 2752.916876 2751.725724 2746.589785 2743.714607 2741.661390 2740.694150 
0.001429 0.001389 0.000966 0.000464 0.000167 0.000098 0.000085 0.000079 0.000071 0.000059 0.000046 0.000036 0.000031 0.000030 0.000028 0.000023 0.000018 0.000013 0.000011 0.000011 0.000011 0.000012 0.000012 0.000012 0.000011 0.000009 0.000008 0.000007 0.000008 
2831.310709 2831.600659 2831.838001 2831.961001 2831.654018 2830.845115 2830.154324 2829.974721 2830.033144 2830.255828 2830.542332 2830.667950 2830.368654 2829.819397 2829.264707 2829.087011 2830.269457 2832.647658 2832.820898 2832.248482 2833.707844 2836.095560 2838.951509 2841.835091 2843.266236 2842.919972 2842.357975 2841.761224 2837.504266 
0.000997 0.001005 0.000749 0.000412 0.000173 0.000081 0.000065 0.000061 0.000056 0.000047 0.000037 0.000028 0.000024 0.000022 0.000020 0.000017 0.000013 0.000009 0.000007 0.000007 0.000009 0.000009 0.000009 0.000010 0.000010 0.000010 0.000008 0.000007 0.000006 
2886.242772 2887.713255 2889.679163 2891.864798 2892.284406 2887.186818 2885.720018 2885.617415 2885.418974 2885.224584 2885.262393 2885.500759 2885.535432 2885.429708 2885.287223 2884.997625 2884.667115 2884.684160 2885.931333 2886.561012 2884.223741 2882.806881 2883.939499 2884.082550 2882.508672 2882.422784 2884.115322 2884.424697 2881.189155 
0.001155 0.001139 0.000811 0.000405 0.000152 0.000083 0.000070 0.000065 0.000059 0.000050 0.000040 0.000031 0.000026 0.000023 0.000021 0.000018 0.000014 0.000011 0.000009 0.000009 0.000009 0.000009 0.000008 0.000006 0.000006 0.000007 0.000008 0.000008 0.000009 
2952.003401 2951.057684 2949.878711 2948.701134 2950.101303 2952.553086 2951.493295 2951.555739 2951.573454 2951.500880 2951.675399 2952.215075 2952.539127 2952.720555 2953.189507 2953.371787 2952.518494 2950.477704 2948.685556 2949.486990 2951.672685 2952.773477 2952.347043 2951.760081 2952.147446 2950.905336 2948.197774 2946.261209 2945.124873 
0.001717 0.001707 0.001214 0.000597 0.000203 0.000097 0.000078 0.000072 0.000065 0.000054 0.000042 0.000033 0.000028 0.000026 0.000024 0.000021 0.000015 0.000011 0.000010 0.000010 0.000013 0.000014 0.000013 0.000011 0.000009 0.000009 0.000008 0.000008 0.000009 
3009.682452 3010.498839 3011.424359 3012.047572 3010.642306 3005.575683 3006.021947 3006.051268 3006.153994 3006.322845 3006.227586 3005.921551 3006.267164 3006.606929 3006.185363 3006.012943 3006.956277 3008.194422 3007.685581 3005.417995 3003.735182 3003.720566 3004.615265 3005.062608 3003.627547 3003.244229 3005.875320 3007.641974 3006.131732 
0.000692 0.000640 0.000415 0.000186 0.000084 0.000061 0.000049 0.000045 0.000041 0.000034 0.000027 0.000021 0.000018 0.000017 0.000016 0.000014 0.000011 0.000008 0.000007 0.000007 0.000006 0.000006 0.000005 0.000005 0.000005 0.000004 0.000003 0.000004 0.000005 
3057.055470 3057.216768 3057.525685 3058.009532 3057.470989 3057.362288 3057.660867 3057.531712 3057.469281 3057.551859 3057.792438 3057.710245 3057.086364 3057.015047 3057.671036 3058.331088 3058.987061 3060.145322 3060.995165 3061.024228 3061.184567 3061.148230 3060.781621 3060.554458 3060.506335 3060.582026 3059.386209 3059.300146 3061.239382 
0.000791 0.000827 0.000628 0.000341 0.000138 0.000070 0.000055 0.000051 0.000046 0.000039 0.000030 0.000023 0.000020 0.000018 0.000016 0.000013 0.000010 0.000008 0.000007 0.000007 0.000007 0.000008 0.000009 0.000009 0.000008 0.000007 0.000006 0.000006 0.000007 
3142.177496 3142.659011 3143.261920 3144.120760 3145.076820 3143.868477 3142.684233 3142.449892 3142.466857 3142.588821 3142.749877 3142.939814 3143.222317 3143.542692 3143.830445 3143.991240 3143.812259 3142.965894 3142.163809 3142.513367 3142.748323 3141.719763 3139.577353 3137.007062 3135.849459 3137.458635 3139.911867 3139.261015 3137.772258 
0.000718 0.000712 0.000514 0.000267 0.000108 0.000056 0.000046 0.000043 0.000040 0.000034 0.000027 0.000021 0.000018 0.000017 0.000014 0.000011 0.000008 0.000007 0.000006 0.000006 0.000006 0.000007 0.000008 0.000007 0.000006 0.000004 0.000003 0.000004 0.000004 
3384.730796 3384.730292 3384.751071 3384.793936 3384.819092 3384.805468 3384.803704 3384.587413 3384.271984 3383.963493 3383.740763 3383.592833 3383.430623 3383.663501 3384.212344 3384.377565 3383.618751 3382.861093 3383.553404 3385.223007 3386.753234 3386.871180 3385.293190 3383.902495 3383.567409 3384.550318 3385.073775 3384.293459 3383.535266 
0.001042 0.001029 0.000737 0.000374 0.000143 0.000072 0.000059 0.000056 0.000050 0.000041 0.000031 0.000024 0.000021 0.000020 0.000019 0.000016 0.000013 0.000011 0.000010 0.000009 0.000008 0.000008 0.000008 0.000008 0.000008 0.000008 0.000007 0.000006 0.000006 
3441.655541 3441.598448 3441.562118 3441.570782 3441.530081 3440.938466 3440.710076 3440.759677 3441.004220 3441.186942 3441.373767 3441.504851 3440.861401 3439.578011 3438.527589 3438.311948 3439.402523 3441.732281 3444.103191 3445.366473 3444.286221 3441.371797 3440.062961 3441.445398 3442.178782 3441.419713 3439.164660 3436.754474 3435.528359 
0.001096 0.001051 0.000716 0.000333 0.000119 0.000070 0.000058 0.000053 0.000049 0.000042 0.000034 0.000026 0.000021 0.000020 0.000018 0.000015 0.000012 0.000009 0.000009 0.000010 0.000010 0.000009 0.000007 0.000006 0.000005 0.000005 0.000004 0.000006 0.000009 
3497.397392 3497.569137 3497.522187 3496.810257 3494.490364 3494.872581 3494.633636 3494.619234 3494.419658 3494.251683 3494.631410 3495.588700 3495.358863 3494.008745 3493.710722 3493.902889 3493.436196 3492.184288 3490.112518 3487.986184 3487.003403 3487.600626 3489.888684 3491.596457 3490.382017 3489.936266 3492.219580 3495.065335 3495.634533 
0.001328 0.001290 0.000904 0.000455 0.000187 0.000092 0.000064 0.000058 0.000052 0.000043 0.000034 0.000027 0.000023 0.000021 0.000018 0.000015 0.000011 0.000009 0.000008 0.000009 0.000010 0.000010 0.000009 0.000008 0.000007 0.000006 0.000005 0.000005 0.000006 
3575.456684 3576.818276 3578.472108 3580.051769 3578.385587 3573.363657 3571.076253 3570.370586 3570.266399 3570.052628 3569.599919 3568.870053 3568.588557 3569.126893 3569.727726 3569.823421 3569.700801 3570.076899 3570.976316 3572.895514 3574.676195 3574.371502 3572.709540 3571.697241 3571.947559 3571.830484 3571.105933 3571.248189 3571.272690 
0.001177 0.001208 0.000901 0.000477 0.000176 0.000069 0.000052 0.000048 0.000044 0.000036 0.000028 0.000022 0.000020 0.000019 0.000016 0.000013 0.000010 0.000009 0.000008 0.000007 0.000007 0.000006 0.000005 0.000004 0.000005 0.000005 0.000004 0.000004 0.000004 
3640.631700 3640.648635 3640.671656 3640.611606 3640.362837 3641.892428 3643.181288 3643.198603 3643.205793 3642.997404 3642.882884 3643.362219 3643.754873 3643.347304 3642.504422 3641.586880 3640.425680 3638.735874 3637.948850 3640.321165 3643.855999 3645.223064 3645.418781 3643.745326 3640.808008 3640.675137 3644.239679 3645.721311 3641.118154 
0.001284 0.001308 0.000962 0.000494 0.000169 0.000069 0.000055 0.000050 0.000045 0.000038 0.000029 0.000022 0.000019 0.000018 0.000017 0.000015 0.000013 0.000011 0.000012 0.000012 0.000011 0.000009 0.000008 0.000008 0.000008 0.000009 0.000009 0.000007 0.000007 
3715.783493 3715.659717 3715.514858 3715.464410 3715.987714 3715.394604 3713.500554 3713.529573 3713.837409 3714.025659 3713.992008 3713.625901 3713.140005 3713.184940 3713.639197 3714.248661 3714.811344 3713.685058 3711.504615 3711.109414 3712.403366 3714.713675 3716.056755 3716.910480 3718.957926 3719.777927 3718.496750 3715.586693 3712.342344 
0.001584 0.001553 0.001085 0.000517 0.000166 0.000079 0.000066 0.000061 0.000056 0.000047 0.000037 0.000029 0.000025 0.000024 0.000022 0.000019 0.000015 0.000012 0.000011 0.000010 0.000010 0.000010 0.000009 0.000007 0.000006 0.000005 0.000006 0.000007 0.000007 
3774.444608 3774.853583 3775.386533 3775.930238 3775.766292 3775.495507 3776.602770 3776.382955 3776.019760 3775.747920 3775.682773 3775.615690 3775.719301 3775.963178 3775.894638 3776.319470 3778.364354 3780.696658 3781.478966 3781.071742 3778.551138 3776.282392 3776.024198 3775.898036 3772.765108 3773.979697 3779.619995 3780.696410 3776.297744 
0.000908 0.000937 0.000704 0.000376 0.000141 0.000060 0.000048 0.000046 0.000042 0.000035 0.000028 0.000022 0.000019 0.000017 0.000016 0.000014 0.000012 0.000009 0.000008 0.000008 0.000009 0.000010 0.000009 0.000007 0.000006 0.000006 0.000005 0.000005 0.000005 
3842.414894 3842.979547 3843.383440 3843.203956 3840.934086 3840.032211 3842.761629 3842.871526 3842.474697 3841.848100 3841.414770 3841.763537 3842.695710 3843.059505 3842.799134 3842.972659 3844.039432 3844.749821 3843.309506 3841.133879 3839.912231 3839.240164 3839.245902 3840.742058 3844.682053 3846.323154 3846.783721 3848.765168 3848.864413 
0.000417 0.000475 0.000398 0.000242 0.000104 0.000038 0.000026 0.000024 0.000021 0.000017 0.000013 0.000011 0.000011 0.000010 0.000010 0.000009 0.000007 0.000005 0.000004 0.000003 0.000003 0.000003 0.000003 0.000004 0.000005 0.000006 0.000006 0.000006 0.000006 
4748.122028 4748.057220 4748.013007 4748.063210 4748.527263 4749.748803 4748.777602 4748.357672 4748.221823 4747.993201 4747.880643 4748.050428 4748.135841 4748.031266 4748.026494 4748.322106 4748.832815 4749.241180 4749.082884 4748.586448 4747.941598 4746.814651 4746.021890 4746.663936 4747.208815 4747.456504 4747.618256 4747.836710 4748.151424 
0.000630 0.000712 0.000586 0.000342 0.000131 0.000046 0.000037 0.000034 0.000030 0.000025 0.000019 0.000016 0.000015 0.000014 0.000012 0.000010 0.000009 0.000008 0.000008 0.000007 0.000005 0.000005 0.000005 0.000005 0.000005 0.000005 0.000005 0.000006 0.000006 
4816.813038 4816.818404 4816.806471 4816.715692 4816.133979 4814.234944 4815.691560 4816.676263 4816.782532 4816.566193 4816.357743 4816.512941 4816.854039 4816.876571 4816.323527 4815.059495 4813.820923 4813.822028 4814.593796 4815.290565 4815.054488 4814.231037 4814.025418 4815.192087 4817.391248 4818.838159 4818.908443 4818.988257 4818.808767 
0.000476 0.000522 0.000417 0.000236 0.000089 0.000035 0.000028 0.000025 0.000022 0.000019 0.000015 0.000012 0.000010 0.000010 0.000009 0.000007 0.000005 0.000005 0.000005 0.000005 0.000005 0.000004 0.000004 0.000004 0.000004 0.000003 0.000003 0.000004 0.000004 
4881.084183 4881.199070 4881.454487 4882.035484 4883.473858 4882.270240 4880.726844 4881.164274 4881.466646 4881.515662 4881.662520 4881.858519 4881.600115 4881.358287 4881.451138 4881.645044 4881.893670 4882.089707 4882.443508 4882.362028 4880.743036 4878.498959 4878.334977 4879.225207 4880.498632 4882.992334 4885.074122 4884.993947 4883.916473 
