0.063946 12.263626
0.063946 8.054504
0.031973 16.205779
0.063946 10.661606
0.047959 7.269065
0.095918 10.600514
0.047959 12.608310
0.047959 14.412575
0.063946 18.628932
0.015986 12.090060
0.031973 18.560068
0.031973 18.698070
0.031973 20.918876
0.031973 18.573858
0.031973 15.806113
0.047959 15.026567
0.015986 10.033331
0.063946 16.620152
0.063946 18.171268
0.047959 16.522958
0.047959 21.798326
0.047959 22.966611
0.047959 24.292771
0.047959 20.798807
0.047959 21.029747
0.031973 22.523612
0.031973 23.393240
0.031973 17.803265
0.031973 20.100174
0.031973 23.443079
0.031973 23.422765
0.031973 20.489959
0.031973 20.266278
0.031973 15.372016
0.031973 16.919344
0.031973 17.641043
0.031973 15.163969
0.031973 18.367237
0.031973 14.362416
0.047959 15.567798
0.031973 15.143586
0.031973 15.916386
0.031973 16.704718
0.031973 19.580406
0.031973 20.305200
0.031973 19.095154
0.031973 18.193727
0.031973 16.415375
0.031973 15.351050
0.031973 17.488117
0.031973 16.056550
0.031973 16.477487
0.031973 15.443006
0.031973 16.064742
0.031973 16.197000
0.031973 18.704707
0.031973 17.363635
0.031973 17.893342
0.031973 16.585414
0.031973 17.942679
0.031973 16.354364
0.031973 16.668198
0.031973 17.012139
0.031973 16.421789
0.031973 17.149718
0.031973 18.448028
0.031973 16.827842
0.031973 18.103628
0.031973 18.586195
0.031973 16.879248
0.031973 17.126505
