30.000000 75.000000 0.015986
0.000510 0.000874 0.001029 0.001100 0.000998 0.000828 0.000771 0.000717 0.000651 0.000508 0.000377 0.000274 0.000234 0.000229 0.000193 0.000152 0.000102 0.000090 0.000083 0.000054 0.000066 0.000064 0.000053 0.000049 0.000031 0.000027 0.000030 0.000026 0.000041 0.000069 
16.745148 16.166407 16.695109 16.089041 15.938534 16.224971 15.914564 16.408519 16.545334 16.178845 15.609003 16.240214 16.321064 16.195241 16.620435 15.667887 15.883488 17.208458 16.424647 16.050803 16.092835 16.087565 16.331021 16.177177 16.606066 15.579169 16.252903 16.697625 15.951920 16.241650 
0.000635 0.001029 0.001328 0.001424 0.001277 0.001090 0.000936 0.000867 0.000814 0.000682 0.000544 0.000433 0.000375 0.000341 0.000304 0.000237 0.000173 0.000122 0.000102 0.000104 0.000118 0.000114 0.000094 0.000066 0.000048 0.000042 0.000048 0.000051 0.000050 0.000070 
32.225148 32.366028 32.404712 32.635385 32.790498 32.643386 32.781557 32.509186 32.415322 32.743608 32.813107 33.098267 33.565646 33.739438 33.174045 32.907165 32.678494 32.479029 32.678898 34.395842 34.958826 35.302742 34.715223 33.805057 33.327200 35.003482 35.283515 35.103837 31.966783 31.000797 
0.000885 0.001334 0.001668 0.001761 0.001612 0.001355 0.001177 0.001099 0.001020 0.000900 0.000736 0.000627 0.000550 0.000459 0.000367 0.000289 0.000231 0.000208 0.000232 0.000266 0.000272 0.000238 0.000181 0.000148 0.000141 0.000161 0.000193 0.000235 0.000270 0.000291 
54.191955 53.581764 53.255384 52.939935 52.846200 52.802406 52.797786 53.091006 53.364750 53.910724 54.430627 54.392596 53.493346 52.755609 52.869895 53.377052 53.832952 54.593846 55.246588 54.411096 52.876782 51.482844 50.606757 51.657639 54.045931 55.273139 55.144866 53.699902 52.022014 51.403784 
0.004069 0.004656 0.004119 0.003176 0.002540 0.002182 0.001913 0.001731 0.001595 0.001402 0.001125 0.000835 0.000651 0.000577 0.000522 0.000438 0.000341 0.000258 0.000210 0.000205 0.000212 0.000203 0.000179 0.000148 0.000121 0.000102 0.000090 0.000088 0.000117 0.000236 
91.585885 91.304241 90.154706 87.843119 86.207646 86.508690 86.884231 86.791516 86.984003 87.203158 86.979832 86.054553 85.340811 85.755382 86.414346 86.989616 87.648508 87.522490 85.274581 84.261344 85.884675 86.991444 86.479133 84.914500 83.639415 82.613898 80.202460 79.080344 81.324843 86.920284 
0.192854 0.326011 0.428950 0.459477 0.419510 0.358493 0.313563 0.287598 0.262447 0.220246 0.169518 0.130588 0.107746 0.097162 0.087181 0.071629 0.053239 0.037550 0.029411 0.026940 0.027564 0.026873 0.023822 0.019158 0.014453 0.011816 0.010965 0.011180 0.010819 0.009250 
143.887417 143.765848 143.831193 143.811856 143.497177 143.259373 143.573371 144.433067 145.283503 145.472953 144.984208 144.583498 144.835816 145.953720 147.018096 147.499842 147.350703 146.543387 146.263653 146.861958 148.058853 148.589615 148.477119 147.743772 146.445888 145.867004 146.194469 147.231714 147.859208 148.095385 
0.033679 0.042881 0.046467 0.045710 0.040346 0.031471 0.025826 0.023638 0.024981 0.025556 0.025723 0.025118 0.022643 0.018803 0.014879 0.011434 0.008645 0.007356 0.007006 0.007127 0.007068 0.006806 0.006231 0.005359 0.004447 0.003654 0.002946 0.002448 0.002112 0.001768 
180.026704 180.869224 181.358138 181.488229 181.399821 180.346851 179.499164 179.721099 181.252694 182.163499 182.736290 183.020290 182.791407 182.223279 181.800649 181.321715 180.365682 180.178362 180.564171 181.453553 181.917527 182.367628 182.571247 182.399225 182.042122 181.581710 180.867377 180.249899 179.644694 179.126346 
0.013408 0.014640 0.012641 0.014501 0.019397 0.020617 0.017815 0.014999 0.011234 0.008704 0.009015 0.011285 0.009149 0.004923 0.003713 0.004126 0.003793 0.003026 0.002484 0.001635 0.001321 0.001817 0.001889 0.001083 0.000675 0.000761 0.000799 0.000643 0.000629 0.000710 
194.724967 196.348821 200.794197 200.865241 197.835496 196.985784 197.218554 197.319300 198.633042 200.586618 198.818828 195.875046 196.170522 200.204911 200.402082 196.985142 197.055460 197.877628 197.111068 198.727868 200.330686 196.241370 195.141623 197.476750 200.789740 197.453180 196.648714 197.985715 197.930078 196.426690 
0.026807 0.038593 0.044028 0.041342 0.034677 0.028281 0.021795 0.017251 0.014824 0.013255 0.010472 0.007570 0.005542 0.004279 0.003088 0.002495 0.002031 0.001833 0.001494 0.001226 0.000964 0.000752 0.000529 0.000378 0.000290 0.000240 0.000181 0.000158 0.000179 0.000245 
227.700668 226.752856 225.563364 225.622593 227.009702 228.041600 227.320145 227.495553 228.145573 229.325706 229.202303 228.271231 227.434098 226.943974 226.853038 226.703218 227.890298 227.648093 228.277509 228.141920 228.504924 226.649435 226.104023 226.679918 225.157269 220.237100 221.790939 225.444179 227.088329 224.455458 
0.011092 0.014035 0.012944 0.011132 0.010280 0.010133 0.007315 0.005417 0.005871 0.006000 0.004715 0.003095 0.002266 0.001925 0.001350 0.000825 0.000602 0.000419 0.000235 0.000213 0.000249 0.000270 0.000183 0.000111 0.000085 0.000064 0.000048 0.000047 0.000058 0.000102 
242.139468 242.909886 244.929030 246.402294 246.069575 243.940884 243.283606 243.226055 242.737774 242.918778 243.993209 245.756555 246.018473 244.626921 244.319903 243.823086 241.780899 241.537100 244.819100 246.284477 244.937076 243.830278 245.235681 246.703321 245.681415 245.458830 245.809125 245.814847 245.132037 243.410867 
0.022372 0.033356 0.042477 0.044069 0.035557 0.021690 0.013048 0.009711 0.008824 0.007482 0.005732 0.003470 0.001822 0.001212 0.000867 0.000499 0.000477 0.000472 0.000393 0.000282 0.000208 0.000168 0.000146 0.000105 0.000068 0.000061 0.000069 0.000071 0.000085 0.000128 
268.461673 267.395225 266.272587 265.651305 265.319635 264.910110 266.205394 267.135908 267.586667 266.997420 267.071625 268.635620 266.987805 262.583485 261.842922 265.495744 268.263797 267.573700 265.755650 266.611213 268.729633 266.567348 262.313548 262.859167 266.298364 265.688333 264.434571 264.722355 265.454879 265.924809 
0.009027 0.006544 0.006955 0.010181 0.011093 0.009745 0.007838 0.004955 0.002452 0.001775 0.001919 0.002010 0.001571 0.001056 0.000734 0.000566 0.000440 0.000326 0.000232 0.000185 0.000163 0.000135 0.000097 0.000065 0.000041 0.000030 0.000029 0.000029 0.000042 0.000075 
284.729817 287.556416 287.322521 283.818271 281.994501 281.707915 282.728835 283.914584 285.469245 285.722374 284.633383 284.097876 284.864556 285.676371 285.363639 284.051637 283.447677 284.037060 285.326259 285.454152 284.452083 283.668902 283.508823 283.805913 283.847314 282.906362 283.053387 286.539988 287.106426 285.411796 
0.017276 0.021291 0.020299 0.015064 0.009802 0.007357 0.006361 0.004411 0.002191 0.001443 0.001258 0.001172 0.000944 0.000721 0.000440 0.000176 0.000109 0.000112 0.000102 0.000084 0.000074 0.000060 0.000043 0.000036 0.000040 0.000044 0.000050 0.000062 0.000079 0.000099 
295.449251 295.618772 295.839021 296.575253 297.736578 297.521719 295.887712 295.573900 297.772545 297.616197 295.062483 292.504263 292.016451 292.911333 294.516302 297.804021 297.732313 294.238256 292.067388 291.891258 292.917004 294.264281 296.164823 296.316680 295.624106 296.737722 296.734065 295.306799 293.924423 293.737924 
0.020162 0.021913 0.015960 0.007854 0.004169 0.003059 0.000991 0.000335 0.000423 0.000594 0.000722 0.000582 0.000334 0.000236 0.000242 0.000247 0.000216 0.000179 0.000150 0.000118 0.000088 0.000062 0.000041 0.000028 0.000025 0.000020 0.000019 0.000031 0.000055 0.000083 
313.770230 314.034252 314.836811 316.818490 316.858284 313.751274 311.714328 312.231445 313.642394 314.272990 313.079840 312.281542 310.683844 310.188206 311.551524 313.130598 314.609105 315.434114 315.268741 314.878025 314.426768 313.713492 312.863192 312.731681 313.593853 315.426072 316.476463 313.499453 313.279800 313.646514 
0.029486 0.037461 0.034996 0.024001 0.011924 0.005972 0.003829 0.002767 0.001981 0.001488 0.001095 0.000705 0.000424 0.000298 0.000261 0.000224 0.000192 0.000193 0.000198 0.000170 0.000142 0.000120 0.000095 0.000078 0.000075 0.000079 0.000086 0.000091 0.000094 0.000119 
335.115891 334.891904 334.908166 335.352871 337.089487 339.064054 338.925855 338.370900 338.220447 336.286474 334.645469 335.886602 340.527171 343.037152 342.110436 342.828283 342.921673 340.368460 338.911662 340.711624 344.027507 345.940150 347.427227 350.745168 353.139443 354.503846 354.976136 353.633338 348.207529 342.363432 
0.002893 0.002935 0.002482 0.002073 0.001756 0.001192 0.000648 0.000482 0.000427 0.000347 0.000265 0.000207 0.000184 0.000169 0.000143 0.000111 0.000081 0.000059 0.000049 0.000050 0.000052 0.000050 0.000043 0.000036 0.000030 0.000023 0.000024 0.000035 0.000062 0.000095 
373.534753 374.688858 375.648733 375.919580 375.714275 376.733019 378.202564 375.971372 375.781518 376.378185 376.580535 376.974669 376.782614 375.960512 375.631901 376.041882 376.469499 376.076783 375.184033 374.801561 374.836995 375.031156 374.878590 373.913173 373.188390 373.914910 372.488122 370.136161 372.220585 374.686308 
0.002573 0.004214 0.005085 0.004632 0.003271 0.001981 0.001237 0.000866 0.000538 0.000374 0.000285 0.000229 0.000184 0.000158 0.000138 0.000114 0.000087 0.000064 0.000052 0.000046 0.000045 0.000044 0.000040 0.000034 0.000028 0.000024 0.000024 0.000026 0.000046 0.000081 
419.200893 417.780680 416.139691 414.401685 413.009911 413.968364 417.199944 418.086083 413.798374 410.435205 411.859503 414.826221 413.662104 411.536906 411.182832 411.457917 411.067151 410.060005 409.521227 410.511440 411.700702 412.033334 412.384322 413.131127 413.784726 414.586268 415.500185 414.734902 412.750695 412.058155 
0.002752 0.003684 0.003376 0.002159 0.001233 0.000934 0.000951 0.000961 0.000876 0.000719 0.000558 0.000429 0.000327 0.000240 0.000162 0.000110 0.000083 0.000070 0.000058 0.000046 0.000034 0.000024 0.000022 0.000026 0.000028 0.000026 0.000024 0.000026 0.000035 0.000049 
432.456477 432.195721 431.749020 430.893907 431.146171 432.042500 431.976536 432.070300 432.797965 433.373923 433.159732 432.718950 432.902902 433.553100 434.153154 434.222607 434.210967 434.187961 434.299813 434.053092 432.806556 430.650356 430.778986 432.667438 433.472048 434.103394 434.565584 433.803346 431.993130 431.297725 
0.010403 0.014723 0.015432 0.012435 0.008335 0.005624 0.003918 0.002736 0.001779 0.001012 0.000472 0.000317 0.000312 0.000344 0.000328 0.000266 0.000185 0.000123 0.000103 0.000105 0.000110 0.000102 0.000085 0.000064 0.000044 0.000034 0.000032 0.000038 0.000057 0.000088 
457.728818 457.283027 456.850909 455.942392 453.885082 452.825160 453.107504 453.260181 450.788265 448.598014 452.639262 460.601204 459.586703 453.312365 449.733220 448.721739 449.581797 452.253087 454.018568 452.872697 451.245757 450.571618 450.670782 451.746683 453.866778 454.802092 454.667619 457.237803 460.470544 460.956684 
0.001751 0.001908 0.001653 0.001208 0.000778 0.000467 0.000345 0.000332 0.000279 0.000222 0.000181 0.000145 0.000116 0.000098 0.000082 0.000064 0.000047 0.000034 0.000028 0.000026 0.000026 0.000025 0.000023 0.000020 0.000016 0.000014 0.000012 0.000013 0.000025 0.000046 
517.440554 517.048799 515.630036 513.700985 513.547601 515.962957 515.452186 513.664760 514.479397 515.149120 514.612458 514.424901 514.813019 514.855225 514.490298 514.215865 514.209799 514.352683 514.373918 514.171578 514.026475 513.945987 513.805689 513.618198 513.587554 513.805650 513.867270 512.599060 512.298980 513.065936 
0.005767 0.007048 0.006883 0.005422 0.003382 0.001712 0.000855 0.000518 0.000368 0.000280 0.000209 0.000158 0.000135 0.000125 0.000111 0.000091 0.000067 0.000047 0.000036 0.000034 0.000035 0.000034 0.000030 0.000026 0.000022 0.000022 0.000023 0.000025 0.000037 0.000062 
542.022232 543.296845 545.650554 548.260641 550.526963 551.957953 551.696500 547.683079 542.808867 540.337690 540.206198 540.732928 540.651919 540.708657 540.866143 540.809664 540.792170 541.151334 541.643176 541.531507 541.145368 540.870666 540.665330 540.290130 539.928681 540.414153 541.015799 540.982086 540.711313 540.912228 
0.016805 0.024733 0.027591 0.023500 0.015233 0.007634 0.003276 0.001453 0.000695 0.000365 0.000208 0.000141 0.000115 0.000105 0.000097 0.000085 0.000069 0.000051 0.000041 0.000041 0.000040 0.000036 0.000031 0.000028 0.000027 0.000027 0.000029 0.000033 0.000047 0.000070 
585.299111 586.155894 586.924789 587.720948 588.647773 589.473982 589.632554 589.393245 588.926965 585.959495 582.434297 581.427159 581.555282 581.768413 582.538529 583.703358 584.365281 584.214511 585.225429 587.499249 587.887182 587.021284 586.680179 588.316821 590.546868 592.081995 593.416253 594.016887 590.695770 586.872899 
0.028583 0.039059 0.040267 0.031639 0.018945 0.008958 0.003771 0.001566 0.000696 0.000364 0.000261 0.000245 0.000215 0.000167 0.000138 0.000128 0.000113 0.000093 0.000073 0.000058 0.000051 0.000055 0.000057 0.000054 0.000047 0.000036 0.000025 0.000024 0.000030 0.000051 
632.634577 631.237710 630.326051 630.107627 630.696987 631.262738 631.008591 631.439995 632.222743 631.976149 632.269192 633.135075 633.058579 632.841895 634.368223 635.721890 634.853410 633.340768 633.020169 634.440099 634.964857 634.410209 633.638367 631.634116 629.602380 629.195585 629.117914 627.654351 629.604759 631.998314 
0.014028 0.017387 0.016808 0.012930 0.008023 0.004180 0.002036 0.000970 0.000507 0.000312 0.000204 0.000153 0.000131 0.000114 0.000100 0.000086 0.000071 0.000055 0.000043 0.000033 0.000029 0.000028 0.000026 0.000022 0.000019 0.000017 0.000015 0.000017 0.000030 0.000052 
678.352643 679.826778 681.475652 682.522352 682.068884 680.319579 679.604544 680.118431 680.125864 679.726041 679.847507 679.896013 678.441138 678.324913 679.812735 681.244166 682.082778 681.984986 679.944570 678.441391 679.360718 680.175883 680.687419 681.133682 681.163102 680.467748 679.375620 680.128572 681.667973 681.624263 
0.007652 0.009754 0.009433 0.006827 0.003651 0.001620 0.000743 0.000348 0.000257 0.000240 0.000214 0.000179 0.000145 0.000116 0.000090 0.000068 0.000053 0.000047 0.000043 0.000038 0.000036 0.000037 0.000035 0.000032 0.000032 0.000033 0.000034 0.000036 0.000043 0.000056 
723.640563 723.897871 723.326194 722.550277 722.326359 723.289439 722.792627 721.383397 720.620010 722.142940 723.877886 724.754473 724.213141 722.432940 720.288285 718.867222 718.880968 719.855341 719.563971 718.497661 718.831533 719.493065 719.444828 719.871307 720.603275 720.521311 720.626328 721.314008 721.682962 721.287859 
0.004976 0.006821 0.007104 0.005648 0.003409 0.001603 0.000664 0.000360 0.000241 0.000202 0.000178 0.000152 0.000126 0.000096 0.000069 0.000054 0.000043 0.000036 0.000030 0.000026 0.000025 0.000022 0.000018 0.000015 0.000012 0.000010 0.000010 0.000011 0.000019 0.000035 
739.129640 739.193452 739.291232 739.200424 738.751360 738.277510 739.876991 742.775649 743.366848 741.932790 740.575718 740.169692 740.818417 742.026718 743.558081 744.234045 743.609973 742.288840 741.827624 742.587662 743.590021 744.156668 744.689784 745.105175 745.325445 745.884602 745.139482 743.581828 743.820388 744.387983 
0.006466 0.009514 0.010679 0.009207 0.006100 0.003151 0.001522 0.000771 0.000396 0.000245 0.000178 0.000135 0.000117 0.000108 0.000094 0.000076 0.000057 0.000043 0.000036 0.000035 0.000033 0.000030 0.000026 0.000023 0.000020 0.000019 0.000019 0.000021 0.000033 0.000054 
797.753890 795.228511 794.503457 795.106439 796.947177 799.218854 800.110556 799.699939 796.620421 794.055741 793.012569 792.166030 791.054280 790.067166 790.162219 790.952328 791.105389 789.784572 786.884371 786.565930 788.575258 790.806073 792.155220 792.213370 790.500456 787.579133 785.790672 785.031969 785.566882 786.936652 
0.007065 0.008439 0.007745 0.005520 0.003219 0.001693 0.000893 0.000442 0.000255 0.000190 0.000144 0.000111 0.000094 0.000085 0.000076 0.000063 0.000047 0.000033 0.000026 0.000024 0.000024 0.000024 0.000024 0.000023 0.000019 0.000015 0.000013 0.000015 0.000029 0.000052 
872.303252 873.687194 875.117274 876.827710 878.678384 880.586734 879.952560 877.279375 873.887106 872.006185 871.201960 870.902258 871.562557 872.219930 871.868360 871.191760 871.291316 871.791315 871.154223 871.389266 872.512724 872.638875 871.561631 869.711668 868.675751 872.715286 878.644862 875.409291 867.786444 868.442999 
0.005682 0.007171 0.006876 0.004980 0.002667 0.001194 0.000591 0.000356 0.000221 0.000155 0.000117 0.000089 0.000072 0.000065 0.000060 0.000051 0.000038 0.000026 0.000021 0.000022 0.000021 0.000020 0.000017 0.000015 0.000011 0.000009 0.000009 0.000010 0.000019 0.000034 
924.834116 925.362844 925.817536 926.145867 926.069037 925.972960 925.990493 926.585534 924.986254 923.070434 922.567520 922.374676 922.210545 922.407177 922.748493 922.876604 922.461008 921.277357 920.986917 922.671057 923.690387 923.185018 921.299876 919.389213 918.330202 918.297871 919.149994 920.468746 920.180599 920.128247 
0.008084 0.010080 0.009585 0.006862 0.003524 0.001293 0.000530 0.000293 0.000177 0.000139 0.000113 0.000091 0.000076 0.000066 0.000059 0.000050 0.000040 0.000033 0.000028 0.000027 0.000028 0.000028 0.000026 0.000026 0.000025 0.000023 0.000023 0.000024 0.000026 0.000034 
970.468397 969.627423 968.427776 967.085534 965.809500 967.622294 971.974433 971.360319 966.852840 966.365249 967.086959 967.938981 967.876123 967.168780 966.757006 966.351161 965.726555 965.145354 964.574100 963.511337 962.936094 963.219500 963.339466 962.948013 962.880585 962.734276 962.286418 961.485055 963.345034 966.793925 
0.011518 0.013393 0.011900 0.008091 0.004193 0.001627 0.000605 0.000307 0.000212 0.000160 0.000123 0.000096 0.000081 0.000073 0.000066 0.000055 0.000043 0.000032 0.000025 0.000022 0.000023 0.000022 0.000020 0.000017 0.000016 0.000015 0.000015 0.000015 0.000024 0.000041 
1015.991292 1015.834463 1015.046565 1013.523758 1010.374192 1006.072636 1003.303445 1006.440354 1012.415651 1016.615415 1017.609042 1017.306939 1016.851103 1016.923932 1017.078273 1017.217179 1017.441680 1017.562798 1017.689730 1017.934816 1017.925870 1017.754144 1017.921816 1019.061945 1020.803579 1021.324393 1020.507430 1019.938791 1018.783370 1017.752640 
0.007535 0.008051 0.006416 0.003830 0.001806 0.000670 0.000265 0.000207 0.000178 0.000144 0.000111 0.000088 0.000075 0.000069 0.000064 0.000055 0.000043 0.000034 0.000031 0.000031 0.000031 0.000030 0.000029 0.000028 0.000028 0.000028 0.000028 0.000027 0.000030 0.000041 
1068.706806 1068.988864 1068.145707 1066.248462 1064.591064 1066.327159 1065.844436 1065.698799 1066.449890 1066.257508 1066.679553 1067.561296 1068.050622 1068.340674 1069.044836 1070.015056 1071.274553 1073.246088 1075.218508 1076.074627 1075.992296 1075.630586 1075.563366 1075.974381 1077.103508 1078.541412 1079.157517 1077.532713 1071.039261 1065.933660 
0.004143 0.004550 0.003646 0.002099 0.000866 0.000355 0.000200 0.000150 0.000125 0.000105 0.000080 0.000061 0.000050 0.000046 0.000041 0.000033 0.000025 0.000018 0.000015 0.000015 0.000016 0.000016 0.000014 0.000011 0.000009 0.000009 0.000009 0.000009 0.000014 0.000024 
1112.422449 1112.033737 1111.952211 1112.839615 1115.928334 1116.411186 1113.503957 1115.556949 1116.874168 1116.890070 1116.984268 1117.049939 1116.970723 1116.946723 1116.982205 1116.986932 1116.924194 1116.877332 1117.079950 1117.236144 1116.948728 1116.667992 1116.765907 1117.778953 1119.752418 1119.970554 1118.098581 1116.559939 1115.535730 1116.184614 
0.001437 0.001361 0.000936 0.000581 0.000397 0.000265 0.000157 0.000128 0.000117 0.000098 0.000076 0.000059 0.000049 0.000045 0.000040 0.000033 0.000025 0.000018 0.000015 0.000015 0.000014 0.000014 0.000013 0.000013 0.000012 0.000012 0.000012 0.000012 0.000015 0.000022 
1142.898309 1143.391091 1144.232286 1144.062610 1143.636761 1144.009596 1144.728762 1145.007844 1145.010517 1144.808382 1144.581694 1144.388656 1144.260819 1144.092039 1143.932146 1143.911328 1144.140222 1144.731222 1145.364637 1145.433302 1144.975137 1144.338946 1144.396334 1145.068994 1144.542276 1142.697587 1141.490481 1142.358361 1145.855420 1147.316767 
0.001422 0.001551 0.001397 0.001089 0.000728 0.000384 0.000185 0.000138 0.000120 0.000099 0.000076 0.000057 0.000048 0.000044 0.000039 0.000032 0.000025 0.000019 0.000016 0.000016 0.000016 0.000015 0.000014 0.000014 0.000015 0.000015 0.000014 0.000014 0.000019 0.000029 
1188.810483 1188.308746 1187.502129 1186.990887 1187.397492 1188.646767 1189.383835 1187.858812 1187.253362 1187.049698 1187.005554 1187.060087 1187.238425 1187.472906 1187.602901 1187.635787 1187.787998 1188.326495 1188.995837 1189.372267 1189.656037 1190.048433 1190.909028 1192.453161 1193.938376 1195.123176 1196.368466 1196.744892 1193.233880 1190.084928 
0.002167 0.002337 0.001868 0.001124 0.000575 0.000279 0.000167 0.000138 0.000125 0.000106 0.000083 0.000064 0.000053 0.000049 0.000044 0.000037 0.000029 0.000022 0.000018 0.000017 0.000019 0.000019 0.000017 0.000014 0.000013 0.000013 0.000013 0.000015 0.000020 0.000030 
1221.761889 1222.212391 1221.853939 1220.057588 1217.996184 1219.809824 1222.430502 1219.466525 1219.039315 1219.102779 1219.131433 1219.043972 1218.855193 1218.783042 1218.713427 1218.324369 1217.425908 1216.373607 1216.000172 1215.952998 1215.880694 1216.336483 1217.084586 1216.382986 1213.169754 1210.497729 1209.296587 1209.454068 1212.260170 1215.073226 
0.001272 0.001326 0.001043 0.000698 0.000490 0.000347 0.000217 0.000128 0.000091 0.000072 0.000055 0.000042 0.000035 0.000031 0.000028 0.000023 0.000017 0.000012 0.000009 0.000009 0.000009 0.000010 0.000009 0.000008 0.000006 0.000005 0.000005 0.000005 0.000009 0.000016 
1243.772481 1243.295034 1242.984975 1243.938717 1245.540842 1245.634891 1244.743794 1244.396888 1244.688013 1244.968341 1245.244956 1245.467516 1245.613513 1245.722814 1245.837170 1245.935347 1245.876228 1245.483749 1245.046317 1245.141651 1245.444652 1245.663252 1245.654077 1245.628673 1245.957717 1246.100955 1245.628539 1245.783711 1245.657539 1245.101526 
0.001622 0.001724 0.001397 0.000917 0.000524 0.000275 0.000155 0.000131 0.000120 0.000100 0.000076 0.000058 0.000048 0.000044 0.000039 0.000032 0.000025 0.000018 0.000015 0.000014 0.000014 0.000015 0.000016 0.000015 0.000014 0.000013 0.000013 0.000014 0.000017 0.000023 
1269.616434 1270.268762 1270.912670 1270.744521 1268.707892 1266.026142 1268.831622 1270.359718 1270.092601 1270.196701 1270.281504 1270.335538 1270.314371 1270.192413 1270.049582 1269.856911 1269.581398 1269.276388 1269.217489 1269.590200 1269.523762 1268.433659 1267.181515 1266.349658 1265.642328 1264.800115 1264.073176 1264.510028 1267.424398 1270.801708 
0.001624 0.001845 0.001571 0.001020 0.000566 0.000325 0.000223 0.000178 0.000153 0.000126 0.000097 0.000074 0.000062 0.000056 0.000051 0.000042 0.000033 0.000027 0.000025 0.000024 0.000024 0.000024 0.000023 0.000022 0.000020 0.000019 0.000019 0.000020 0.000026 0.000036 
1311.690626 1313.062685 1313.457435 1312.130917 1308.921706 1310.500586 1314.360839 1313.755231 1313.683903 1313.971243 1313.999366 1314.070181 1314.301087 1314.356731 1314.245671 1314.249510 1314.868268 1316.885861 1319.052722 1319.394378 1318.530653 1317.655947 1317.438149 1318.430384 1320.068556 1320.176312 1319.655904 1319.939393 1318.838056 1317.029640 
0.000936 0.001259 0.001262 0.000948 0.000524 0.000226 0.000139 0.000130 0.000120 0.000102 0.000079 0.000060 0.000051 0.000046 0.000042 0.000035 0.000027 0.000020 0.000016 0.000016 0.000016 0.000016 0.000015 0.000014 0.000013 0.000013 0.000013 0.000014 0.000018 0.000029 
1379.917135 1378.913879 1377.847858 1376.808838 1376.066765 1376.768863 1378.260938 1378.079693 1378.052905 1378.066917 1378.031023 1377.957041 1377.932880 1377.973921 1378.077081 1378.234337 1378.383505 1378.534843 1378.903676 1379.277413 1379.086321 1378.492426 1378.300612 1379.116722 1380.339167 1381.037988 1381.495097 1381.870416 1380.566022 1378.370188 
0.000852 0.001078 0.001124 0.000991 0.000710 0.000404 0.000200 0.000125 0.000103 0.000086 0.000067 0.000052 0.000043 0.000039 0.000036 0.000030 0.000024 0.000019 0.000016 0.000016 0.000017 0.000019 0.000020 0.000020 0.000020 0.000019 0.000018 0.000019 0.000020 0.000024 
1435.691795 1436.823417 1439.622429 1443.136045 1445.617017 1446.391823 1444.551749 1440.807769 1439.016818 1438.343285 1437.992413 1437.872717 1437.925028 1437.981744 1438.088293 1438.200655 1438.483045 1439.247835 1439.857774 1439.922829 1440.043646 1440.313724 1440.688077 1440.988942 1441.334471 1441.486592 1441.266648 1441.333647 1442.848756 1443.641663 
0.000964 0.001198 0.001153 0.000871 0.000522 0.000257 0.000141 0.000113 0.000101 0.000085 0.000065 0.000049 0.000041 0.000037 0.000033 0.000027 0.000021 0.000015 0.000012 0.000011 0.000012 0.000012 0.000011 0.000010 0.000009 0.000009 0.000008 0.000008 0.000012 0.000021 
1473.605710 1472.491103 1470.332155 1467.529919 1465.872966 1468.494159 1474.825995 1474.033275 1473.203188 1473.429531 1473.868743 1474.146240 1474.274696 1474.417198 1474.571299 1474.669754 1474.602534 1474.190987 1473.877911 1474.303892 1474.589749 1474.447408 1474.261430 1474.319040 1473.955540 1472.451152 1471.047347 1471.689761 1472.956157 1472.230878 
0.000540 0.000801 0.000995 0.000946 0.000670 0.000357 0.000186 0.000135 0.000111 0.000089 0.000068 0.000052 0.000044 0.000040 0.000036 0.000030 0.000023 0.000017 0.000015 0.000015 0.000016 0.000016 0.000015 0.000014 0.000012 0.000012 0.000013 0.000013 0.000016 0.000024 
1514.491883 1513.612969 1512.475557 1511.557197 1510.137265 1507.026934 1504.917992 1508.890960 1510.710959 1510.857017 1510.580422 1510.401195 1510.307167 1510.052386 1509.780225 1509.582420 1509.173399 1508.195610 1507.387526 1507.118410 1506.896053 1507.173084 1507.865714 1508.284400 1507.848895 1506.944022 1506.643247 1507.063541 1509.767678 1511.767774 
0.001143 0.001177 0.000886 0.000504 0.000263 0.000151 0.000104 0.000093 0.000086 0.000073 0.000057 0.000045 0.000039 0.000037 0.000034 0.000029 0.000023 0.000019 0.000018 0.000018 0.000018 0.000018 0.000017 0.000015 0.000014 0.000014 0.000015 0.000016 0.000015 0.000017 
1570.210000 1569.897980 1569.076062 1567.246067 1566.189388 1567.930958 1568.494627 1567.869188 1567.848897 1567.930214 1567.972033 1567.788367 1567.442046 1567.348961 1567.324372 1566.908002 1565.919083 1564.799211 1564.551247 1564.740263 1564.694848 1564.661013 1564.451641 1563.601499 1562.689818 1562.706021 1563.180494 1563.335514 1564.605632 1567.801901 
0.003617 0.003879 0.002984 0.001593 0.000564 0.000201 0.000135 0.000112 0.000099 0.000083 0.000064 0.000049 0.000041 0.000037 0.000033 0.000027 0.000021 0.000015 0.000013 0.000013 0.000013 0.000012 0.000012 0.000012 0.000013 0.000013 0.000012 0.000012 0.000015 0.000023 
1621.101308 1621.729291 1622.523147 1623.680060 1624.325698 1619.588567 1616.318686 1616.198970 1616.350045 1616.569297 1616.847062 1617.137001 1617.215964 1617.023977 1616.797593 1616.652265 1616.649687 1617.048201 1617.744815 1617.675688 1617.325142 1617.539968 1618.432294 1619.880472 1620.963813 1621.193570 1620.812139 1620.746622 1618.983493 1617.907842 
0.003062 0.003242 0.002488 0.001396 0.000633 0.000289 0.000128 0.000081 0.000071 0.000060 0.000046 0.000036 0.000030 0.000028 0.000025 0.000021 0.000017 0.000014 0.000013 0.000012 0.000011 0.000010 0.000009 0.000008 0.000008 0.000010 0.000012 0.000013 0.000016 0.000021 
1668.962666 1668.483052 1667.742955 1666.792642 1666.903090 1668.361899 1667.799588 1669.084644 1670.125238 1669.763321 1669.339647 1669.068694 1669.150295 1669.527461 1669.904625 1670.287201 1671.107306 1672.620444 1673.777454 1673.928800 1673.471466 1673.123535 1673.393258 1674.419120 1675.668905 1675.516299 1674.849036 1674.564264 1673.382157 1671.720174 
0.002459 0.002469 0.001748 0.000854 0.000382 0.000229 0.000148 0.000108 0.000081 0.000064 0.000050 0.000038 0.000032 0.000030 0.000027 0.000023 0.000019 0.000017 0.000016 0.000016 0.000014 0.000012 0.000011 0.000011 0.000013 0.000016 0.000016 0.000013 0.000011 0.000014 
1692.311916 1692.331670 1692.332739 1692.202408 1691.075369 1691.026341 1692.402056 1694.573949 1693.979381 1693.073442 1692.748111 1692.749241 1692.760613 1692.616217 1692.335383 1691.781029 1690.467829 1688.549126 1687.555256 1687.535156 1687.851868 1688.020261 1687.395088 1686.248845 1686.180353 1686.800399 1687.187777 1687.115143 1688.214567 1691.163333 
0.002150 0.002325 0.001899 0.001235 0.000738 0.000409 0.000207 0.000121 0.000097 0.000079 0.000060 0.000046 0.000038 0.000035 0.000031 0.000026 0.000019 0.000014 0.000012 0.000012 0.000012 0.000012 0.000011 0.000009 0.000008 0.000008 0.000009 0.000010 0.000012 0.000018 
1717.197445 1717.136578 1717.855808 1719.934319 1721.739731 1722.707943 1720.516234 1719.999793 1722.459757 1723.231863 1723.767906 1724.111605 1724.338920 1724.660859 1725.038026 1725.411399 1725.788099 1726.280375 1726.822613 1726.305499 1724.913174 1723.854708 1723.682324 1725.087837 1728.309761 1730.912094 1731.119331 1729.585481 1725.677875 1723.563011 
0.001167 0.001293 0.001163 0.000866 0.000530 0.000259 0.000129 0.000096 0.000083 0.000070 0.000054 0.000041 0.000035 0.000032 0.000028 0.000023 0.000018 0.000013 0.000011 0.000010 0.000010 0.000010 0.000010 0.000009 0.000008 0.000007 0.000006 0.000008 0.000012 0.000019 
1764.796773 1764.885038 1764.745553 1764.410868 1763.084797 1760.701782 1760.898592 1763.860936 1764.510494 1764.655413 1764.874794 1765.125910 1765.291809 1765.439594 1765.544979 1765.434081 1764.931093 1764.164466 1764.219772 1765.468775 1766.008082 1765.412492 1764.479979 1764.290492 1765.447521 1766.767847 1764.941933 1758.362627 1757.895737 1760.404899 
0.001787 0.001880 0.001454 0.000826 0.000371 0.000179 0.000123 0.000108 0.000098 0.000083 0.000065 0.000051 0.000044 0.000041 0.000037 0.000031 0.000026 0.000021 0.000017 0.000015 0.000014 0.000015 0.000016 0.000015 0.000013 0.000011 0.000010 0.000012 0.000018 0.000027 
1810.431486 1810.258003 1809.149496 1806.509907 1803.154311 1805.201215 1806.972148 1807.080350 1807.068102 1806.899555 1806.730458 1806.775359 1806.636188 1805.895261 1805.119061 1804.702662 1804.559908 1804.872027 1805.714811 1806.269044 1805.874861 1805.109554 1804.821218 1804.834209 1804.844232 1804.552694 1804.024212 1804.290129 1804.140502 1804.466555 
0.001026 0.001094 0.000876 0.000540 0.000278 0.000137 0.000094 0.000083 0.000074 0.000062 0.000048 0.000038 0.000032 0.000029 0.000026 0.000022 0.000017 0.000013 0.000011 0.000011 0.000010 0.000009 0.000008 0.000007 0.000007 0.000007 0.000008 0.000010 0.000013 0.000018 
1856.661844 1857.233290 1858.712761 1861.463352 1863.625640 1861.768774 1858.719255 1858.405793 1858.616576 1858.998191 1859.458214 1859.711336 1859.538932 1859.303510 1859.227624 1859.119677 1858.829056 1858.999383 1860.622668 1861.670607 1861.249433 1860.230601 1859.520895 1859.945757 1861.594828 1862.894272 1862.360690 1859.442161 1856.284552 1855.871135 
0.000554 0.000639 0.000584 0.000433 0.000265 0.000137 0.000070 0.000049 0.000044 0.000037 0.000029 0.000023 0.000019 0.000018 0.000016 0.000013 0.000010 0.000008 0.000006 0.000006 0.000006 0.000005 0.000005 0.000004 0.000003 0.000002 0.000003 0.000005 0.000007 0.000011 
1888.811932 1888.841181 1888.581488 1888.011596 1887.392426 1887.309872 1887.867933 1888.023733 1888.240273 1888.522733 1888.760581 1888.935205 1889.033972 1889.095317 1889.158224 1889.221086 1889.181556 1888.797850 1888.028624 1887.607105 1887.789925 1888.036002 1888.117692 1888.142592 1888.601035 1889.806301 1889.934332 1889.333124 1888.602967 1888.164138 
0.001286 0.001486 0.001249 0.000779 0.000400 0.000211 0.000123 0.000092 0.000080 0.000067 0.000051 0.000039 0.000033 0.000030 0.000027 0.000023 0.000019 0.000015 0.000013 0.000012 0.000011 0.000011 0.000011 0.000011 0.000012 0.000013 0.000012 0.000011 0.000013 0.000019 
1917.910820 1918.903325 1920.160617 1921.952050 1923.411465 1922.030116 1918.573039 1916.502802 1916.434800 1916.366835 1916.424330 1916.481926 1916.212647 1916.145216 1916.615130 1917.075922 1917.178419 1917.510564 1918.449626 1919.022814 1918.722336 1918.173217 1917.812737 1918.334406 1919.573066 1919.833919 1918.739975 1918.618434 1920.558347 1920.931457 
0.002004 0.002341 0.001959 0.001152 0.000451 0.000165 0.000100 0.000084 0.000073 0.000060 0.000046 0.000035 0.000029 0.000026 0.000023 0.000019 0.000015 0.000012 0.000010 0.000010 0.000010 0.000010 0.000009 0.000007 0.000007 0.000006 0.000006 0.000006 0.000009 0.000015 
1959.935785 1959.820361 1959.607004 1958.963206 1956.582893 1955.292764 1957.254929 1956.690459 1956.596921 1956.697254 1956.699769 1956.635894 1956.623481 1956.613562 1956.578076 1956.582710 1956.403331 1955.654892 1955.646618 1957.002214 1957.937034 1958.349400 1958.514535 1957.605399 1955.285164 1953.423983 1953.551478 1955.854666 1957.370661 1957.076320 
0.002750 0.002993 0.002309 0.001199 0.000373 0.000125 0.000091 0.000074 0.000066 0.000056 0.000043 0.000033 0.000028 0.000026 0.000023 0.000019 0.000014 0.000010 0.000008 0.000009 0.000009 0.000009 0.000008 0.000008 0.000008 0.000007 0.000007 0.000007 0.000010 0.000017 
1995.727604 1995.400920 1994.930852 1994.071092 1993.143022 1995.281688 1996.668205 1995.589549 1995.608012 1995.410946 1995.182088 1995.064463 1994.983310 1994.797037 1994.617331 1994.600861 1994.729874 1994.861264 1994.548957 1993.488396 1992.521392 1992.211300 1992.529822 1992.667894 1992.228878 1991.796553 1992.458544 1993.415221 1994.464675 1994.775243 
0.001920 0.002033 0.001530 0.000782 0.000252 0.000104 0.000073 0.000063 0.000056 0.000048 0.000037 0.000028 0.000023 0.000021 0.000019 0.000016 0.000014 0.000013 0.000011 0.000010 0.000009 0.000008 0.000008 0.000008 0.000008 0.000009 0.000010 0.000009 0.000008 0.000010 
2031.437723 2031.324079 2031.194256 2031.111477 2031.613918 2031.502228 2031.161138 2032.015887 2032.343525 2032.530190 2032.723844 2032.825466 2032.717035 2032.660910 2033.021178 2033.776604 2034.732998 2035.720709 2036.220534 2035.550680 2034.183209 2032.784319 2032.705894 2033.459112 2034.705076 2035.817128 2036.452576 2036.277929 2033.375613 2030.093304 
0.001458 0.001556 0.001245 0.000766 0.000397 0.000179 0.000087 0.000072 0.000065 0.000055 0.000042 0.000034 0.000030 0.000027 0.000024 0.000019 0.000014 0.000011 0.000010 0.000010 0.000011 0.000011 0.000010 0.000008 0.000008 0.000008 0.000008 0.000009 0.000012 0.000017 
2053.866151 2053.765717 2054.666476 2057.361234 2061.100332 2061.140068 2056.771992 2057.187439 2057.579412 2057.776230 2058.023471 2058.118517 2057.911078 2057.768232 2057.727069 2057.545276 2056.977644 2055.886343 2054.747000 2053.711026 2052.840177 2052.529298 2053.035912 2054.593472 2055.539608 2054.756277 2053.536770 2052.880974 2054.482914 2056.764696 
0.000599 0.000700 0.000726 0.000651 0.000462 0.000240 0.000096 0.000060 0.000053 0.000044 0.000035 0.000026 0.000022 0.000019 0.000017 0.000014 0.000011 0.000008 0.000007 0.000007 0.000007 0.000006 0.000006 0.000005 0.000004 0.000003 0.000003 0.000004 0.000007 0.000012 
2084.008800 2084.186218 2085.054323 2085.757283 2085.818024 2085.178447 2084.269541 2085.826072 2086.131623 2086.035539 2085.951320 2085.892491 2085.975958 2086.033840 2086.012580 2086.035330 2085.953541 2085.241139 2084.365035 2085.175719 2086.514567 2086.665649 2085.435693 2084.234756 2084.317518 2084.838094 2084.189015 2084.515511 2086.129215 2086.445555 
0.000870 0.000949 0.000817 0.000583 0.000350 0.000176 0.000092 0.000072 0.000064 0.000053 0.000041 0.000031 0.000026 0.000024 0.000023 0.000019 0.000015 0.000011 0.000010 0.000010 0.000010 0.000009 0.000009 0.000010 0.000009 0.000008 0.000007 0.000008 0.000012 0.000017 
2115.586368 2114.339786 2111.996358 2109.284186 2107.847669 2108.462179 2110.758548 2113.154268 2113.838787 2113.852764 2113.695823 2113.605270 2113.595152 2113.485618 2113.294085 2113.075460 2112.759909 2112.344803 2112.571618 2113.278780 2113.326423 2112.028156 2110.771612 2111.344330 2112.110780 2111.332863 2109.079574 2109.832452 2112.677267 2113.925621 
0.002080 0.002239 0.001763 0.001020 0.000474 0.000234 0.000144 0.000118 0.000106 0.000089 0.000070 0.000055 0.000046 0.000042 0.000038 0.000032 0.000026 0.000021 0.000017 0.000015 0.000016 0.000016 0.000015 0.000014 0.000013 0.000013 0.000013 0.000014 0.000018 0.000024 
2167.607169 2169.012498 2170.508026 2171.892803 2172.158326 2170.294767 2168.613183 2166.760524 2166.271657 2166.090145 2165.835896 2165.582863 2165.900103 2166.437749 2166.350327 2165.889741 2165.592682 2164.993271 2163.895841 2163.727393 2162.973090 2161.404490 2160.918411 2162.427698 2164.680810 2165.105581 2163.480421 2164.047215 2165.793473 2165.726917 
0.001561 0.001720 0.001368 0.000769 0.000318 0.000162 0.000120 0.000103 0.000093 0.000079 0.000062 0.000048 0.000040 0.000036 0.000033 0.000028 0.000022 0.000017 0.000016 0.000016 0.000015 0.000014 0.000013 0.000012 0.000014 0.000017 0.000017 0.000016 0.000018 0.000024 
2277.723438 2276.903586 2276.056650 2275.183359 2274.579025 2275.094941 2276.067025 2276.669804 2276.672652 2276.780666 2276.962642 2277.088766 2277.057855 2276.892616 2276.820250 2276.831697 2276.765684 2277.261405 2278.703374 2280.061163 2281.271877 2282.214567 2283.485127 2284.584873 2283.467815 2282.437580 2282.306885 2280.925257 2275.957208 2272.200145 
0.003333 0.003604 0.002787 0.001483 0.000499 0.000180 0.000140 0.000128 0.000116 0.000098 0.000076 0.000059 0.000050 0.000046 0.000043 0.000037 0.000030 0.000023 0.000019 0.000017 0.000017 0.000016 0.000015 0.000015 0.000014 0.000013 0.000013 0.000014 0.000018 0.000028 
2444.811566 2444.585441 2444.269972 2443.692893 2442.245250 2442.434979 2445.199042 2445.682365 2445.843558 2445.846139 2445.624151 2445.183855 2444.886038 2445.325358 2446.366392 2446.511781 2443.572415 2439.484783 2441.086327 2445.648420 2445.035315 2443.485738 2444.767757 2445.687002 2442.708179 2437.633598 2433.663908 2433.124043 2437.843292 2440.823939 
0.001375 0.001494 0.001163 0.000631 0.000236 0.000113 0.000093 0.000085 0.000078 0.000066 0.000051 0.000039 0.000033 0.000031 0.000028 0.000023 0.000017 0.000014 0.000012 0.000012 0.000012 0.000011 0.000011 0.000010 0.000010 0.000009 0.000009 0.000010 0.000014 0.000020 
2642.930835 2643.851262 2644.900430 2646.258750 2646.991868 2641.695472 2640.586101 2640.423161 2640.272585 2640.251888 2640.413184 2640.805151 2641.359216 2641.714282 2641.450308 2640.634774 2639.886145 2639.347228 2637.597038 2635.804777 2636.728608 2641.202891 2645.120482 2644.447154 2639.356057 2636.154851 2637.667901 2639.449416 2638.126042 2636.360333 
0.001512 0.001783 0.001502 0.000886 0.000346 0.000121 0.000086 0.000076 0.000070 0.000059 0.000047 0.000036 0.000031 0.000029 0.000026 0.000023 0.000018 0.000013 0.000011 0.000010 0.000010 0.000011 0.000011 0.000011 0.000010 0.000009 0.000008 0.000008 0.000011 0.000017 
2717.105211 2717.181496 2717.293589 2717.398133 2717.120349 2713.944328 2712.006481 2711.680806 2711.658024 2711.663017 2711.663495 2711.926463 2712.295040 2712.130537 2712.075194 2712.540598 2712.700749 2711.825709 2710.962888 2710.716993 2710.970944 2711.307084 2710.088544 2707.538463 2705.848240 2706.524148 2709.983615 2717.047099 2720.813642 2719.193050 
0.001474 0.001623 0.001278 0.000697 0.000254 0.000107 0.000080 0.000071 0.000065 0.000056 0.000043 0.000033 0.000028 0.000026 0.000024 0.000020 0.000015 0.000012 0.000012 0.000013 0.000013 0.000011 0.000009 0.000008 0.000007 0.000007 0.000008 0.000009 0.000012 0.000018 
2760.885784 2760.302953 2759.908016 2759.943529 2761.965352 2765.899693 2765.721283 2765.733926 2765.410931 2765.111370 2764.919984 2765.145898 2765.760896 2765.870644 2765.115960 2764.017763 2763.552030 2764.595497 2764.857819 2762.745728 2761.203556 2761.519052 2763.567430 2764.959634 2765.391528 2767.325119 2769.564911 2771.793253 2770.938042 2768.251929 
0.000507 0.000551 0.000436 0.000248 0.000105 0.000054 0.000044 0.000041 0.000037 0.000031 0.000024 0.000018 0.000015 0.000014 0.000012 0.000010 0.000008 0.000007 0.000006 0.000006 0.000006 0.000006 0.000006 0.000006 0.000005 0.000004 0.000003 0.000003 0.000005 0.000008 
2878.780782 2878.646695 2878.371778 2877.833220 2877.242973 2878.642786 2878.800962 2878.459238 2878.456826 2878.424379 2878.312414 2878.219734 2878.217937 2878.180303 2878.074575 2877.962913 2878.014478 2878.599423 2879.387451 2879.939678 2880.520795 2880.766023 2880.612193 2880.431868 2880.216757 2880.095925 2880.530098 2881.777078 2881.496262 2879.725588 
0.001094 0.001433 0.001358 0.000931 0.000446 0.000155 0.000079 0.000068 0.000062 0.000052 0.000040 0.000031 0.000026 0.000024 0.000022 0.000019 0.000016 0.000012 0.000010 0.000009 0.000009 0.000010 0.000010 0.000009 0.000009 0.000008 0.000006 0.000006 0.000008 0.000013 
2966.435522 2968.677895 2970.417683 2971.897549 2973.068716 2972.329530 2967.027205 2965.105999 2964.808834 2964.663181 2964.402311 2963.996739 2963.535020 2963.203575 2963.263738 2964.284358 2966.321929 2968.119401 2968.053909 2965.873444 2963.738221 2963.370530 2964.845419 2967.911052 2971.046945 2972.351546 2971.296549 2968.400413 2964.726183 2963.526820 
0.000894 0.000963 0.000743 0.000397 0.000144 0.000067 0.000057 0.000052 0.000047 0.000040 0.000031 0.000024 0.000020 0.000018 0.000016 0.000013 0.000010 0.000008 0.000007 0.000007 0.000007 0.000006 0.000006 0.000006 0.000006 0.000006 0.000005 0.000005 0.000006 0.000009 
3026.685153 3026.211893 3025.752854 3025.441569 3026.635491 3029.244920 3027.808586 3027.856186 3027.993552 3027.893904 3027.859912 3028.396982 3029.217846 3029.480717 3029.426777 3029.187437 3028.487655 3027.794644 3029.055849 3030.268698 3029.257984 3027.367082 3026.002704 3025.720345 3026.018744 3026.791884 3028.940699 3031.109806 3030.149761 3028.461153 
0.002216 0.002306 0.001710 0.000866 0.000288 0.000131 0.000102 0.000094 0.000087 0.000073 0.000057 0.000043 0.000036 0.000033 0.000030 0.000026 0.000021 0.000017 0.000016 0.000016 0.000015 0.000014 0.000012 0.000011 0.000010 0.000010 0.000010 0.000010 0.000013 0.000020 
3254.714393 3253.766646 3252.701005 3251.379465 3250.936403 3255.376263 3256.768788 3257.540960 3257.961316 3258.457807 3258.931561 3258.714374 3257.656427 3257.175914 3256.678549 3254.970268 3253.409578 3257.061043 3264.495236 3265.577894 3261.935211 3259.231569 3259.623697 3258.727779 3256.270624 3258.433857 3259.328790 3253.796946 3251.605386 3254.685271 
0.001115 0.001162 0.000877 0.000469 0.000178 0.000081 0.000062 0.000056 0.000051 0.000044 0.000035 0.000027 0.000022 0.000020 0.000018 0.000015 0.000013 0.000012 0.000012 0.000012 0.000011 0.000010 0.000010 0.000009 0.000007 0.000007 0.000006 0.000007 0.000008 0.000010 
3449.131109 3448.673574 3448.153132 3447.609054 3447.989937 3450.357517 3450.087199 3449.536679 3449.475161 3449.646905 3449.894554 3450.001055 3449.719466 3449.491922 3449.620962 3449.827521 3448.804105 3446.120974 3444.881833 3445.768223 3446.430504 3445.797599 3446.738896 3450.827687 3454.499816 3452.199095 3444.230658 3439.818551 3441.111772 3445.152310 
0.001130 0.001142 0.000825 0.000412 0.000150 0.000077 0.000059 0.000054 0.000048 0.000041 0.000032 0.000025 0.000021 0.000020 0.000019 0.000017 0.000014 0.000011 0.000009 0.000008 0.000008 0.000008 0.000008 0.000007 0.000005 0.000005 0.000006 0.000008 0.000010 0.000013 
3503.392408 3503.435955 3503.171117 3501.979314 3498.443621 3499.684117 3501.583489 3501.873739 3501.864392 3501.947490 3502.180264 3502.492665 3502.835020 3503.344177 3503.774294 3503.368183 3501.671460 3499.455881 3498.382690 3498.991642 3500.419370 3502.002450 3503.341462 3503.863640 3503.512987 3504.265209 3505.760427 3505.346325 3501.078768 3498.141551 
0.001366 0.001405 0.001045 0.000551 0.000211 0.000095 0.000070 0.000064 0.000058 0.000049 0.000038 0.000030 0.000025 0.000023 0.000021 0.000018 0.000014 0.000011 0.000010 0.000010 0.000010 0.000009 0.000009 0.000007 0.000006 0.000007 0.000007 0.000007 0.000009 0.000013 
3583.763382 3584.715245 3585.905758 3587.297122 3587.052290 3582.856801 3582.290072 3582.228474 3582.382757 3582.460869 3582.339022 3581.817387 3581.631215 3582.370411 3583.309463 3584.384245 3586.093669 3587.409135 3584.618995 3579.473821 3577.638739 3578.653756 3579.852327 3581.018459 3582.279351 3581.766000 3581.343212 3582.187921 3583.351995 3583.495727 
0.000853 0.000953 0.000788 0.000474 0.000196 0.000068 0.000051 0.000048 0.000043 0.000035 0.000027 0.000021 0.000018 0.000016 0.000015 0.000014 0.000011 0.000008 0.000007 0.000007 0.000007 0.000007 0.000006 0.000005 0.000005 0.000005 0.000005 0.000005 0.000007 0.000011 
3645.152342 3645.611159 3646.056955 3646.392717 3646.306417 3645.139814 3645.018231 3644.930585 3645.125762 3645.231054 3645.247818 3645.142730 3645.036776 3645.127844 3645.239262 3645.503418 3646.471769 3648.641118 3650.161592 3648.440572 3645.119365 3643.541210 3645.044600 3647.563556 3647.847852 3645.684064 3643.689684 3643.668015 3646.516835 3647.080845 
0.001383 0.001472 0.001123 0.000594 0.000208 0.000085 0.000064 0.000058 0.000053 0.000046 0.000037 0.000029 0.000024 0.000021 0.000019 0.000016 0.000013 0.000011 0.000010 0.000010 0.000011 0.000011 0.000010 0.000008 0.000008 0.000008 0.000008 0.000008 0.000010 0.000014 
3719.240549 3718.865022 3718.404369 3717.948059 3718.433888 3720.076461 3717.340381 3716.285170 3715.898497 3715.704306 3715.969530 3716.607484 3716.912453 3716.747439 3716.513947 3716.380332 3715.667972 3714.186261 3716.209678 3720.516843 3721.484883 3720.937993 3721.044183 3722.116663 3722.606356 3722.760559 3723.127513 3719.823357 3712.451136 3710.133542 
0.001586 0.001693 0.001285 0.000667 0.000223 0.000092 0.000073 0.000067 0.000062 0.000053 0.000043 0.000033 0.000028 0.000026 0.000023 0.000020 0.000016 0.000012 0.000010 0.000009 0.000009 0.000009 0.000009 0.000009 0.000009 0.000008 0.000008 0.000008 0.000010 0.000013 
3778.824960 3779.981586 3781.294434 3782.961832 3784.269035 3783.359410 3783.885065 3783.347125 3783.772282 3784.552804 3784.738224 3783.391889 3782.088248 3782.830688 3783.515575 3782.478582 3780.402747 3779.100901 3780.620452 3782.916945 3782.334242 3780.855515 3780.149635 3781.010064 3782.063949 3782.303182 3782.379809 3782.078226 3781.700595 3782.802091 
0.000995 0.001170 0.000992 0.000596 0.000239 0.000079 0.000057 0.000051 0.000047 0.000040 0.000032 0.000025 0.000021 0.000019 0.000018 0.000015 0.000012 0.000011 0.000010 0.000009 0.000009 0.000009 0.000008 0.000007 0.000006 0.000005 0.000006 0.000007 0.000008 0.000010 
3884.595988 3884.282381 3884.010386 3883.772351 3883.646622 3883.948105 3883.919623 3883.898298 3883.756548 3883.531313 3883.527526 3884.247135 3884.993058 3884.725723 3884.317812 3884.408759 3885.392764 3886.496841 3884.442592 3879.409762 3878.373945 3881.849523 3885.511559 3886.238685 3884.418150 3883.040609 3881.533128 3878.680312 3877.677355 3880.342598 
