1 7
11 16
17 24
35 41
48 62
65 71
72 77
79 89
90 93
95 101
105 109
110 113
114 117
119 122
123 130
131 136
137 140
148 152
165 170
171 179
180 187
204 210
217 224
231 243
248 260
261 278
285 303
309 322
323 334
335 349
353 366
373 385
386 404
405 419
423 434
435 447
458 468
469 477
479 508
511 517
524 537
538 552
570 581
596 617
618 628
631 637
646 658
666 685
694 711
716 722
723 740
752 762
769 784
787 810
844 859
865 888
894 910
918 931
994 1012
1015 1040
1042 1057
1085 1092
1184 1191
1201 1222
1396 1413
1418 1431
