0.063946 8.830995
0.063946 7.287677
0.063946 4.545012
0.031973 11.172778
0.063946 10.476763
0.047959 7.202964
0.047959 13.420939
0.047959 13.003304
0.047959 20.137940
0.031973 16.460532
0.047959 21.327457
0.047959 16.046459
0.063946 15.896598
0.079932 19.840421
0.047959 17.858253
0.047959 17.716603
0.031973 19.754383
0.047959 23.800626
0.047959 25.302934
0.031973 18.129988
0.031973 17.970292
0.031973 17.824381
0.047959 19.159594
0.063946 19.233810
0.047959 21.082757
0.031973 14.968188
0.047959 18.973762
0.047959 16.552530
0.047959 17.352129
0.047959 21.637474
0.031973 19.826012
0.031973 18.064004
0.031973 18.177122
0.031973 18.047015
0.031973 16.571462
0.047959 17.577559
0.031973 19.017097
0.031973 18.234796
0.031973 14.495069
0.047959 12.428771
0.031973 13.250560
0.047959 14.148957
0.031973 16.727959
0.031973 18.308905
0.015986 14.433534
0.031973 14.636465
0.031973 17.500374
0.047959 18.410553
0.047959 16.914224
0.031973 12.265882
0.031973 17.612671
0.031973 15.087769
0.031973 15.099930
0.031973 15.997035
0.031973 17.828310
0.031973 16.779598
0.031973 16.011515
0.031973 14.935286
0.031973 16.912257
0.031973 15.302493
0.031973 14.393543
0.031973 15.481824
0.031973 17.180096
0.031973 15.640750
0.031973 15.723814
0.031973 16.055623
0.031973 16.214130
0.031973 15.783498
0.031973 16.438225
0.031973 15.589587
0.031973 17.077969
0.031973 16.600675
