0.079932 13.407762
0.063946 6.494466
0.031973 9.234172
0.063946 10.309878
0.079932 7.457956
0.047959 16.322368
0.063946 12.317472
0.047959 18.795344
0.047959 17.545530
0.015986 9.267105
0.031973 12.946225
0.047959 18.566499
0.031973 14.470926
0.047959 21.459335
0.031973 14.937818
0.047959 22.900401
0.047959 21.724574
0.047959 21.999518
0.047959 18.010744
0.047959 19.719309
0.031973 19.150684
0.031973 23.528058
0.031973 21.498208
0.031973 18.301929
0.047959 18.249238
0.031973 14.866994
0.015986 11.240126
0.063946 16.616501
0.047959 19.010874
0.031973 25.924416
0.031973 25.467167
0.031973 21.579589
0.063946 21.331504
0.031973 20.166194
0.031973 19.565903
0.031973 16.703882
0.031973 19.536933
0.031973 16.175137
0.047959 16.994327
0.047959 19.193295
0.031973 20.469570
0.031973 20.039420
0.015986 17.267258
0.031973 22.523397
0.031973 18.615307
0.031973 20.006990
0.031973 15.740493
0.031973 19.240628
0.031973 22.207275
0.031973 16.886790
0.031973 13.291818
0.047959 17.264992
0.031973 18.505503
0.031973 16.715964
0.031973 18.424531
0.031973 18.885457
0.031973 17.077821
0.031973 18.458830
0.031973 20.505956
0.031973 17.873678
0.047959 17.372613
0.031973 16.000291
0.031973 13.825711
0.031973 15.388061
0.031973 17.798941
0.031973 16.610552
0.031973 16.501394
0.031973 15.579102
0.031973 16.524690
0.031973 17.200176
0.031973 17.341714
0.031973 17.854347
0.031973 18.081802
0.031973 15.313720
0.031973 17.775721
0.031973 16.668654
0.031973 14.756329
0.031973 17.661022
0.031973 17.646403
0.031973 16.249428
0.031973 17.242008
0.031973 17.140668
0.031973 16.152260
0.031973 16.870633
0.031973 18.127735
0.031973 16.626149
0.031973 17.178279
0.031973 16.252692
0.031973 16.920246
0.031973 16.670045
0.031973 16.010483
0.031973 15.413263
0.031973 18.134312
0.031973 18.473295
0.031973 16.008292
0.031973 17.098033
0.031973 17.350228
0.031973 16.623686
0.031973 16.672465
0.031973 17.162278
0.031973 17.744248
0.031973 16.127096
0.031973 18.121821
