0.063946 10.123139
0.063946 10.319655
0.063946 7.921466
0.031973 10.224609
0.063946 10.746271
0.047959 7.206315
0.095918 10.742521
0.047959 12.427904
0.031973 12.314398
0.063946 18.452015
0.079932 16.004359
0.031973 20.609080
0.031973 18.065168
0.031973 20.611931
0.031973 14.058420
0.047959 17.087909
0.031973 14.811577
0.047959 18.896445
0.031973 14.471858
0.031973 18.194916
0.047959 24.607304
0.047959 23.737848
0.031973 21.520701
0.031973 20.376512
0.047959 20.667401
0.047959 21.596247
0.031973 20.316909
0.031973 20.479212
0.031973 21.614587
0.031973 22.427249
0.031973 20.434339
0.031973 20.364887
0.015986 14.796159
0.031973 16.205706
0.031973 17.180768
0.031973 16.995542
0.031973 16.626549
0.031973 15.687982
0.047959 16.128276
0.047959 16.006712
0.031973 15.901903
0.047959 15.826485
0.031973 15.341306
0.031973 20.463348
0.031973 20.567064
0.031973 19.067673
0.031973 18.716095
0.031973 16.719488
0.031973 16.712813
0.031973 16.288554
0.031973 16.212889
0.031973 17.091603
0.031973 19.766393
0.031973 20.903300
0.031973 19.415870
0.031973 18.284249
0.047959 17.460224
0.031973 16.241705
0.031973 17.354233
0.031973 17.059260
0.031973 18.787127
0.031973 17.393674
0.031973 18.038817
0.031973 18.222243
0.031973 16.413858
0.031973 17.629312
0.031973 17.759999
0.031973 18.414403
0.031973 17.526008
0.031973 17.202614
0.031973 17.888532
0.031973 17.438351
0.031973 18.519536
0.031973 18.323317
0.031973 17.863564
