31.000000 83.000000 0.015986
0.000765 0.002228 0.001918 0.001651 0.001549 0.001315 0.001160 0.001090 0.000987 0.000841 0.000677 0.000542 0.000459 0.000419 0.000364 0.000298 0.000221 0.000161 0.000151 0.000183 0.000210 0.000205 0.000171 0.000125 0.000096 0.000099 0.000116 0.000131 0.000139 0.000153 0.000184 
55.988867 55.787307 55.681807 55.551750 55.457249 55.145753 55.151137 55.350781 55.525280 55.737146 55.647293 55.251767 54.673080 54.763189 55.108161 55.728368 55.885639 55.295229 54.205650 53.709318 53.451980 53.195754 53.031564 52.689137 52.629891 53.766633 53.646423 52.775978 51.966528 52.004420 53.232421 
0.214394 0.701843 0.593485 0.501856 0.456881 0.386028 0.336229 0.308068 0.286025 0.244635 0.190728 0.145726 0.119833 0.107249 0.097937 0.082420 0.062775 0.044552 0.034300 0.030701 0.031048 0.030684 0.027696 0.022660 0.017161 0.013734 0.012497 0.012650 0.012518 0.011209 0.008971 
144.370209 144.476239 144.561620 144.424732 143.924369 143.423926 143.633094 144.399827 145.359840 145.646843 145.218787 144.651520 144.834356 145.819469 146.988090 147.546752 147.462735 146.623716 146.199866 146.664338 147.823106 148.482198 148.495946 147.923252 146.707060 145.910513 146.090682 147.062627 147.730022 147.776372 147.469821 
0.031190 0.058124 0.051533 0.045689 0.042354 0.032619 0.024955 0.022476 0.024549 0.025611 0.025613 0.024823 0.022297 0.018510 0.014727 0.011417 0.008530 0.007145 0.006660 0.006818 0.006836 0.006668 0.006160 0.005297 0.004378 0.003587 0.002866 0.002334 0.002064 0.001989 0.001909 
180.300826 181.449495 181.859935 181.940636 181.858473 180.767702 179.373323 179.599344 181.561864 182.503669 182.856665 182.972180 182.714016 182.219773 181.935122 181.536858 180.442913 180.156156 180.461865 181.503366 181.981273 182.375881 182.540299 182.392730 182.077016 181.703087 181.091303 180.621101 180.607914 180.777833 180.313420 
0.014049 0.058725 0.048762 0.040490 0.033620 0.027916 0.023737 0.019273 0.013818 0.009257 0.008826 0.011003 0.009110 0.005206 0.004107 0.004606 0.004211 0.003286 0.002661 0.001805 0.001426 0.001872 0.001972 0.001172 0.000736 0.000774 0.000873 0.000675 0.000563 0.000491 0.000344 
196.041544 199.176135 201.889011 200.003064 197.033329 196.349171 196.580622 196.797186 197.737863 200.712761 199.745158 196.392615 196.557285 200.126105 200.210283 197.010722 196.950120 197.818268 197.313895 198.806567 200.483440 196.483515 195.232119 197.409399 200.405715 197.827817 196.418022 198.304402 198.658672 197.165027 198.306359 
0.025224 0.062073 0.050514 0.049603 0.041195 0.031832 0.023904 0.018991 0.016306 0.014010 0.010929 0.008125 0.006110 0.004571 0.003338 0.002640 0.002216 0.001869 0.001522 0.001223 0.000969 0.000731 0.000517 0.000397 0.000321 0.000275 0.000238 0.000211 0.000188 0.000161 0.000145 
228.726175 227.466139 226.597215 226.773955 227.819687 228.149857 227.801704 227.962843 229.123168 230.021179 229.422784 228.608613 228.359611 228.802495 228.088041 227.884986 228.725742 228.971792 228.773758 228.858684 229.394562 229.049361 227.768985 227.123535 227.174765 227.657563 229.110708 229.189666 229.252732 230.489303 226.277117 
0.035454 0.089266 0.066077 0.062345 0.045905 0.026866 0.016820 0.012412 0.011150 0.009289 0.006973 0.004318 0.002493 0.001681 0.001193 0.000738 0.000593 0.000537 0.000455 0.000357 0.000299 0.000263 0.000229 0.000175 0.000130 0.000110 0.000110 0.000099 0.000077 0.000065 0.000075 
269.537782 268.276121 267.442578 266.901817 266.340762 265.572094 266.168622 266.760764 267.340302 266.968167 266.117207 266.262838 264.583750 261.820645 261.494028 265.068395 268.534315 268.177751 265.182320 264.240433 265.070051 263.476315 260.555223 260.375700 261.068607 260.142570 259.471896 259.689595 260.654048 264.896245 269.443830 
0.012219 0.024836 0.018936 0.014437 0.012223 0.008013 0.004798 0.003164 0.001890 0.001341 0.001063 0.000983 0.000892 0.000727 0.000491 0.000298 0.000208 0.000200 0.000188 0.000171 0.000146 0.000113 0.000085 0.000066 0.000054 0.000050 0.000052 0.000057 0.000057 0.000054 0.000058 
298.915458 300.061596 299.780874 298.720288 299.142204 300.230861 299.399495 297.767947 299.006083 298.440467 296.003075 292.933901 292.204928 293.540077 295.742894 297.414635 296.957331 293.049808 291.226667 291.213791 291.846433 293.097324 295.913643 298.292666 297.611767 294.376682 293.028964 293.451217 293.718385 293.181822 293.131356 
0.018922 0.024415 0.023248 0.016199 0.007785 0.003199 0.002075 0.001660 0.001195 0.000897 0.000687 0.000485 0.000336 0.000252 0.000205 0.000161 0.000123 0.000112 0.000119 0.000114 0.000100 0.000087 0.000070 0.000052 0.000042 0.000037 0.000032 0.000032 0.000034 0.000037 0.000050 
335.370388 335.042831 334.710593 334.472057 335.042857 337.901725 337.714272 336.477441 336.814606 335.664441 334.016774 333.832158 334.708921 335.491603 336.289932 337.672579 339.294920 338.375875 336.899934 337.253039 337.921298 338.176333 338.687797 338.656679 337.617700 337.777465 338.174323 337.966108 337.373222 336.717563 337.424829 
0.007500 0.009705 0.009384 0.007362 0.005394 0.003925 0.002632 0.001636 0.001057 0.000700 0.000458 0.000304 0.000237 0.000212 0.000190 0.000158 0.000121 0.000088 0.000069 0.000063 0.000063 0.000062 0.000058 0.000050 0.000039 0.000031 0.000029 0.000027 0.000026 0.000025 0.000028 
389.661043 389.597690 388.862271 388.298847 388.787437 389.378329 388.140962 387.239355 387.316257 387.628672 388.157787 388.009491 388.231794 388.876672 389.315206 389.508326 389.490427 388.883155 387.633151 387.509016 388.338503 388.639197 387.917498 386.470871 385.622580 386.430392 386.747800 386.396758 386.323226 387.209273 390.610635 
0.003098 0.002987 0.001884 0.001074 0.000893 0.000615 0.000737 0.000867 0.000887 0.000780 0.000627 0.000505 0.000430 0.000369 0.000292 0.000214 0.000161 0.000131 0.000111 0.000088 0.000062 0.000043 0.000037 0.000039 0.000037 0.000030 0.000023 0.000021 0.000021 0.000018 0.000014 
432.362083 432.742475 433.835122 436.223411 435.742752 434.307152 430.400129 430.435356 433.019392 434.256214 434.001607 432.913765 433.032750 434.368188 435.646513 436.464537 436.620171 436.106496 435.352090 435.157560 435.295090 435.022152 434.550265 434.466034 434.164555 434.137504 434.820283 434.697946 433.445695 431.853686 430.307051 
0.004924 0.008544 0.006582 0.005631 0.004294 0.003085 0.001794 0.000909 0.000604 0.000539 0.000471 0.000376 0.000300 0.000264 0.000234 0.000193 0.000142 0.000101 0.000083 0.000081 0.000083 0.000081 0.000070 0.000052 0.000036 0.000030 0.000033 0.000041 0.000046 0.000046 0.000044 
460.772476 461.442401 461.959600 461.653013 460.327090 459.884018 460.994604 463.960465 467.010361 465.904726 465.175149 466.340691 467.135475 466.100809 466.011336 467.037645 467.813285 468.121300 468.430478 467.833018 465.603335 464.422823 465.035456 466.799408 469.312333 471.515335 473.822769 476.334907 476.617639 474.480208 470.050784 
0.001802 0.003053 0.002408 0.002117 0.001509 0.000903 0.000540 0.000423 0.000364 0.000305 0.000244 0.000193 0.000161 0.000140 0.000121 0.000099 0.000075 0.000054 0.000042 0.000038 0.000038 0.000038 0.000036 0.000030 0.000025 0.000024 0.000024 0.000025 0.000023 0.000019 0.000017 
515.778530 513.388301 509.431974 506.698090 506.189335 508.692940 510.416188 509.554366 509.290901 509.625249 510.348549 511.167371 511.368384 510.591622 509.376185 508.563965 508.522400 508.889559 508.655258 507.844552 507.503414 507.668146 508.142510 508.327002 506.861792 504.394109 503.158645 503.076857 503.853692 505.956410 509.405053 
0.005200 0.006017 0.005408 0.003869 0.002280 0.001212 0.000650 0.000414 0.000314 0.000255 0.000199 0.000150 0.000120 0.000107 0.000098 0.000083 0.000063 0.000045 0.000034 0.000031 0.000032 0.000032 0.000030 0.000026 0.000021 0.000018 0.000016 0.000016 0.000016 0.000016 0.000015 
550.343667 549.474729 549.635990 551.400844 554.733972 556.021680 554.400327 553.336145 552.906325 552.348132 552.013633 551.902834 551.796718 551.609326 551.548841 551.560845 551.575951 551.583890 551.550302 551.527379 551.474897 551.263975 550.952220 550.726707 550.616370 550.901470 552.147647 552.879587 552.412211 552.329057 552.667430 
0.012162 0.014760 0.013748 0.010255 0.006412 0.003484 0.001719 0.000847 0.000453 0.000277 0.000186 0.000134 0.000109 0.000098 0.000089 0.000079 0.000066 0.000055 0.000051 0.000052 0.000048 0.000040 0.000031 0.000027 0.000029 0.000030 0.000025 0.000024 0.000028 0.000032 0.000029 
588.206753 587.648738 587.061489 586.939371 588.005463 589.948852 590.771185 590.275460 588.958532 587.015526 586.396180 586.581141 586.330489 586.168959 586.572964 587.563372 588.820789 590.170836 591.345594 591.933767 592.058247 591.446866 589.866241 588.755144 589.730917 591.376247 593.244207 594.257081 593.707906 592.745286 591.459936 
0.019633 0.024857 0.022763 0.014941 0.006618 0.001940 0.000761 0.000428 0.000285 0.000204 0.000155 0.000128 0.000115 0.000101 0.000091 0.000084 0.000076 0.000063 0.000051 0.000041 0.000034 0.000030 0.000026 0.000022 0.000017 0.000013 0.000012 0.000015 0.000017 0.000017 0.000017 
642.837777 642.662212 642.414843 642.023547 641.361017 642.881923 644.980449 645.914981 645.218784 645.360907 645.032196 644.158289 643.612342 643.917121 643.980755 643.215517 641.703851 640.479565 640.996103 643.001299 644.014006 643.455767 642.654857 642.412495 642.967941 643.665595 643.192391 642.562814 642.091308 641.215593 641.074849 
0.002951 0.003578 0.003309 0.002332 0.001212 0.000490 0.000258 0.000204 0.000186 0.000158 0.000122 0.000093 0.000076 0.000069 0.000063 0.000053 0.000041 0.000030 0.000024 0.000022 0.000023 0.000023 0.000021 0.000017 0.000013 0.000012 0.000012 0.000013 0.000013 0.000012 0.000013 
676.022095 675.835586 676.154055 677.249576 679.581579 683.193404 682.717655 680.851009 680.969317 681.005675 681.027230 680.943811 680.836687 680.951151 681.028494 680.853277 680.474302 680.010644 679.811503 680.134978 680.421343 680.558028 680.658360 680.714254 680.653641 680.214141 679.752887 679.633691 679.467137 679.203937 679.549561 
0.004165 0.009040 0.006751 0.005735 0.003832 0.002091 0.000996 0.000506 0.000344 0.000282 0.000232 0.000191 0.000162 0.000142 0.000124 0.000103 0.000080 0.000063 0.000053 0.000048 0.000045 0.000044 0.000043 0.000041 0.000038 0.000038 0.000039 0.000039 0.000037 0.000035 0.000033 
731.911664 731.111488 730.685168 730.828395 731.691801 732.643907 731.826631 727.614182 723.472786 721.376458 721.278325 722.203500 722.754801 722.645508 722.896720 723.679462 724.048970 723.455648 722.076687 721.187409 720.816662 720.620385 720.793820 721.140225 720.775500 720.474382 721.274626 722.278077 722.494856 722.675591 724.425785 
0.011336 0.013568 0.011798 0.007440 0.003531 0.001620 0.000812 0.000403 0.000266 0.000214 0.000165 0.000123 0.000098 0.000087 0.000079 0.000067 0.000051 0.000037 0.000028 0.000026 0.000027 0.000026 0.000024 0.000020 0.000018 0.000018 0.000020 0.000021 0.000020 0.000018 0.000019 
805.163880 805.564823 805.839296 805.633887 802.728258 798.716985 795.293792 796.523235 800.327919 801.293758 800.753709 799.647556 798.953790 798.927629 798.904106 798.873947 799.028449 799.372504 799.663233 799.693131 799.475781 799.148665 798.879711 798.264670 796.910812 797.719728 801.518173 804.074702 804.038838 801.580643 799.072319 
0.005132 0.005965 0.005027 0.003007 0.001246 0.000447 0.000261 0.000220 0.000199 0.000168 0.000132 0.000104 0.000090 0.000085 0.000078 0.000069 0.000056 0.000044 0.000037 0.000034 0.000033 0.000032 0.000030 0.000030 0.000030 0.000029 0.000029 0.000028 0.000028 0.000028 0.000029 
847.641990 848.205784 849.389557 851.642714 855.125216 854.960761 853.864891 854.711804 855.135683 855.498544 855.372084 854.476686 853.269227 852.510448 851.953216 851.275827 850.387121 849.298313 848.512212 848.567540 848.827254 848.664617 847.886513 846.581328 845.266043 844.220149 843.856730 844.238538 844.542489 844.607605 845.543536 
0.001525 0.003161 0.002428 0.001939 0.001111 0.000480 0.000262 0.000232 0.000215 0.000183 0.000142 0.000108 0.000088 0.000081 0.000073 0.000062 0.000048 0.000036 0.000028 0.000026 0.000025 0.000025 0.000023 0.000021 0.000019 0.000017 0.000015 0.000015 0.000017 0.000017 0.000017 
896.559500 897.894802 897.726231 897.404100 897.566892 898.526322 896.016661 894.467011 894.380387 894.265042 893.992470 893.737083 893.613261 893.489484 893.436061 893.480938 893.620770 894.510398 896.729564 897.646477 896.353872 895.193709 895.612587 897.777407 900.550970 902.257289 901.197184 898.016390 896.436997 895.528654 894.655476 
0.001588 0.001802 0.001544 0.001029 0.000610 0.000372 0.000233 0.000188 0.000173 0.000148 0.000116 0.000089 0.000073 0.000066 0.000060 0.000052 0.000042 0.000031 0.000024 0.000022 0.000022 0.000021 0.000019 0.000016 0.000012 0.000011 0.000011 0.000011 0.000012 0.000012 0.000014 
932.856950 931.037226 930.268219 932.039301 937.198839 937.870648 934.247211 931.828401 931.249575 931.023774 930.966821 931.186457 931.377682 931.301949 931.176819 931.224515 931.436997 931.524744 931.236858 931.087660 931.125451 930.823123 930.186864 929.466715 928.549946 927.799557 928.294665 929.006275 929.302632 928.513212 927.544910 
0.003812 0.004226 0.003482 0.002151 0.001067 0.000560 0.000319 0.000210 0.000165 0.000137 0.000106 0.000080 0.000065 0.000060 0.000056 0.000049 0.000040 0.000031 0.000026 0.000026 0.000026 0.000024 0.000022 0.000021 0.000024 0.000029 0.000032 0.000033 0.000030 0.000027 0.000025 
966.200686 966.717930 966.857767 966.312155 963.885964 961.979274 963.135574 962.897607 961.078936 960.528792 960.547165 960.712006 960.922524 961.115979 961.309047 961.254236 960.889690 960.924161 961.946026 962.510459 962.117550 961.191346 960.967485 961.473192 960.853199 959.767852 959.821147 960.895680 961.695237 961.008122 960.230006 
0.012899 0.015304 0.013364 0.008669 0.004284 0.001675 0.000616 0.000292 0.000208 0.000159 0.000118 0.000088 0.000072 0.000066 0.000060 0.000051 0.000039 0.000028 0.000021 0.000020 0.000020 0.000020 0.000019 0.000016 0.000014 0.000012 0.000011 0.000010 0.000010 0.000010 0.000012 
1010.757512 1010.957056 1011.107693 1011.210772 1011.275995 1012.041494 1011.545376 1008.374369 1007.395180 1008.322705 1008.722406 1008.854628 1008.974869 1009.150998 1009.294137 1009.200615 1008.735302 1007.876832 1007.310697 1007.756741 1008.160414 1008.379831 1008.221118 1007.334473 1006.724332 1007.788320 1008.793279 1007.535395 1005.808055 1005.845081 1007.829540 
0.009045 0.010062 0.008108 0.004769 0.002104 0.000829 0.000296 0.000179 0.000158 0.000134 0.000104 0.000079 0.000066 0.000060 0.000055 0.000047 0.000037 0.000028 0.000022 0.000020 0.000019 0.000018 0.000017 0.000015 0.000012 0.000011 0.000010 0.000011 0.000012 0.000012 0.000014 
1045.400199 1045.292553 1045.377358 1046.265022 1048.754915 1052.566224 1053.722113 1048.002435 1048.147287 1048.364731 1048.595185 1048.592891 1048.495231 1048.540462 1048.609242 1048.402195 1047.646186 1046.279613 1045.207851 1045.765149 1046.966345 1047.546228 1047.401159 1046.712628 1045.816939 1045.003750 1044.397880 1044.899861 1046.132453 1047.120045 1047.696154 
0.004039 0.009424 0.006795 0.005604 0.003282 0.001254 0.000349 0.000201 0.000176 0.000152 0.000121 0.000094 0.000077 0.000070 0.000065 0.000056 0.000045 0.000036 0.000032 0.000031 0.000031 0.000030 0.000029 0.000028 0.000026 0.000024 0.000024 0.000025 0.000026 0.000026 0.000025 
1099.157755 1100.806023 1102.148297 1103.423233 1104.931770 1107.155833 1106.838812 1101.325579 1100.349482 1100.129756 1099.844514 1099.552005 1099.503531 1099.331644 1098.710368 1097.770893 1096.265810 1093.645139 1090.795128 1089.701530 1089.898449 1089.910188 1089.138342 1087.900572 1086.695107 1085.885371 1085.554094 1085.523170 1085.571104 1085.694805 1086.068171 
0.000658 0.002111 0.001562 0.001245 0.000630 0.000260 0.000161 0.000110 0.000085 0.000070 0.000054 0.000041 0.000033 0.000030 0.000028 0.000023 0.000018 0.000013 0.000010 0.000009 0.000010 0.000009 0.000008 0.000007 0.000006 0.000006 0.000005 0.000004 0.000004 0.000005 0.000006 
1142.122867 1140.472804 1139.829229 1139.208666 1137.782539 1136.783897 1138.509762 1139.834608 1140.012100 1140.295279 1140.552012 1140.722932 1140.795441 1140.849285 1140.937521 1141.029437 1141.035243 1140.745665 1140.177577 1140.093637 1140.249962 1140.307943 1140.343835 1140.225977 1139.877899 1139.837362 1140.125020 1140.507877 1140.367491 1139.582775 1139.484741 
0.001140 0.002916 0.002123 0.002035 0.001410 0.000667 0.000212 0.000103 0.000089 0.000074 0.000056 0.000042 0.000034 0.000031 0.000029 0.000025 0.000019 0.000013 0.000010 0.000010 0.000010 0.000010 0.000009 0.000008 0.000008 0.000007 0.000007 0.000006 0.000005 0.000005 0.000008 
1159.824919 1160.183504 1161.550369 1162.519794 1163.142791 1163.658887 1164.909784 1164.789127 1163.041022 1162.784788 1162.765704 1162.747477 1162.706809 1162.692941 1162.704915 1162.704908 1162.666468 1162.631378 1162.597722 1162.491202 1162.467629 1162.340318 1161.926541 1161.465076 1161.302946 1161.308545 1161.523662 1161.798184 1161.771876 1162.073763 1162.552418 
0.003538 0.007525 0.005450 0.004670 0.002977 0.001359 0.000528 0.000283 0.000182 0.000138 0.000106 0.000080 0.000067 0.000060 0.000055 0.000048 0.000039 0.000031 0.000027 0.000027 0.000025 0.000022 0.000020 0.000018 0.000017 0.000018 0.000019 0.000020 0.000018 0.000016 0.000016 
1190.286599 1189.432208 1188.350432 1187.521664 1187.091473 1188.162038 1192.407450 1193.448744 1191.392277 1190.521051 1190.360611 1190.466431 1190.604263 1190.440952 1190.181267 1190.246161 1190.989577 1192.713949 1194.939669 1196.050865 1195.644502 1194.302598 1193.644314 1194.930391 1196.820355 1198.113242 1198.675741 1198.660228 1198.117021 1197.004654 1194.697084 
0.002046 0.002406 0.002236 0.001692 0.001047 0.000594 0.000356 0.000239 0.000170 0.000133 0.000104 0.000079 0.000065 0.000059 0.000054 0.000046 0.000037 0.000028 0.000022 0.000020 0.000020 0.000020 0.000018 0.000015 0.000012 0.000012 0.000013 0.000014 0.000014 0.000013 0.000012 
1234.072816 1234.812080 1235.797526 1237.037335 1237.636732 1237.722796 1238.962645 1239.740203 1236.722339 1235.227887 1235.247961 1235.220587 1235.159913 1235.196642 1235.169234 1235.065071 1234.974364 1234.657044 1233.591173 1233.203139 1234.607310 1235.451644 1235.081587 1235.095853 1237.279706 1237.816418 1235.349992 1235.083930 1236.146550 1235.808757 1235.173305 
0.002439 0.003005 0.002797 0.001968 0.001028 0.000443 0.000261 0.000202 0.000156 0.000122 0.000092 0.000069 0.000057 0.000052 0.000047 0.000040 0.000031 0.000025 0.000023 0.000021 0.000020 0.000019 0.000017 0.000015 0.000012 0.000011 0.000011 0.000011 0.000010 0.000009 0.000008 
1281.886535 1281.339013 1280.149675 1278.423749 1276.618229 1275.239984 1274.772341 1275.333524 1277.418427 1278.315589 1278.277220 1278.221971 1278.188519 1278.202528 1278.243423 1278.220107 1277.910977 1276.955499 1275.730036 1275.139628 1275.594038 1276.636680 1277.256728 1277.044906 1275.786477 1273.869267 1272.710433 1273.074616 1274.731092 1277.271521 1280.716291 
0.004231 0.005318 0.004997 0.003500 0.001779 0.000687 0.000295 0.000203 0.000167 0.000138 0.000109 0.000083 0.000069 0.000064 0.000059 0.000051 0.000041 0.000032 0.000027 0.000026 0.000026 0.000026 0.000024 0.000022 0.000021 0.000022 0.000024 0.000025 0.000025 0.000024 0.000022 
1335.530235 1336.566717 1337.860820 1339.025321 1339.468927 1337.963401 1335.818311 1336.485219 1337.724242 1337.591934 1336.929570 1336.419374 1336.016903 1335.785543 1335.518896 1334.892130 1333.665327 1331.918520 1330.406085 1329.544893 1329.232820 1329.414862 1329.530784 1328.682409 1326.834935 1325.446727 1324.685432 1324.147229 1324.280019 1325.291641 1327.430935 
0.002039 0.004599 0.003373 0.002858 0.001729 0.000678 0.000188 0.000142 0.000127 0.000108 0.000085 0.000065 0.000054 0.000050 0.000045 0.000039 0.000031 0.000024 0.000019 0.000018 0.000017 0.000017 0.000016 0.000013 0.000012 0.000013 0.000015 0.000016 0.000016 0.000014 0.000013 
1385.273697 1385.409375 1385.046035 1384.760413 1384.791508 1385.804160 1389.217959 1386.148520 1385.615229 1385.380490 1385.302189 1385.226932 1385.123842 1385.328185 1385.797369 1386.285282 1386.567208 1386.160812 1384.956150 1384.475462 1384.856052 1385.143131 1385.261527 1385.005130 1384.617651 1385.971984 1387.608296 1387.859160 1386.678041 1385.294697 1384.987654 
0.000967 0.001876 0.001433 0.001107 0.000603 0.000239 0.000133 0.000113 0.000102 0.000087 0.000068 0.000052 0.000043 0.000039 0.000036 0.000031 0.000025 0.000019 0.000017 0.000016 0.000015 0.000014 0.000014 0.000013 0.000012 0.000013 0.000014 0.000015 0.000016 0.000014 0.000011 
1425.955994 1426.731162 1427.454727 1428.080635 1428.872469 1431.012225 1432.651683 1430.757981 1430.307591 1430.149724 1429.935775 1429.864038 1429.979127 1430.002408 1430.041144 1430.363669 1431.248917 1432.807248 1433.871502 1433.627685 1433.154733 1432.876797 1432.874686 1433.641309 1435.607531 1437.767784 1438.853883 1439.116828 1438.762031 1438.236037 1437.791961 
0.000731 0.001724 0.001331 0.001123 0.000670 0.000298 0.000177 0.000156 0.000129 0.000102 0.000079 0.000060 0.000050 0.000045 0.000040 0.000034 0.000027 0.000021 0.000017 0.000015 0.000015 0.000015 0.000014 0.000012 0.000010 0.000010 0.000011 0.000012 0.000013 0.000014 0.000016 
1463.401784 1463.282280 1463.389253 1463.782043 1464.342427 1462.689014 1458.393799 1458.613631 1459.716055 1460.688859 1461.066628 1461.068014 1461.082116 1461.253130 1461.413649 1461.385546 1460.749081 1459.269855 1458.489587 1459.488961 1459.824749 1459.418458 1459.682743 1460.429997 1460.286760 1457.535652 1454.589907 1453.400182 1452.319160 1451.460953 1451.990619 
0.001264 0.002650 0.001990 0.001679 0.001080 0.000510 0.000206 0.000140 0.000122 0.000101 0.000078 0.000060 0.000050 0.000045 0.000041 0.000035 0.000027 0.000020 0.000017 0.000016 0.000016 0.000015 0.000014 0.000012 0.000011 0.000012 0.000011 0.000011 0.000011 0.000010 0.000009 
1509.278156 1506.019659 1502.419789 1499.281932 1497.577760 1497.998202 1501.179610 1500.951053 1500.032079 1499.386433 1499.265144 1499.202518 1499.257788 1499.570999 1499.753556 1499.833506 1500.123752 1500.624132 1500.996613 1501.066427 1500.597568 1499.871077 1499.627336 1499.556135 1498.838158 1498.886300 1500.614827 1503.321160 1505.059369 1504.351253 1500.511610 
0.001940 0.002101 0.001680 0.001032 0.000563 0.000284 0.000151 0.000116 0.000099 0.000082 0.000064 0.000049 0.000040 0.000036 0.000033 0.000028 0.000022 0.000015 0.000012 0.000012 0.000012 0.000011 0.000010 0.000009 0.000009 0.000008 0.000007 0.000006 0.000006 0.000005 0.000004 
1533.579965 1533.059176 1533.202779 1535.039309 1537.432011 1537.375224 1532.691743 1530.890449 1531.533161 1532.042598 1532.073212 1531.939892 1531.901124 1531.985935 1532.026054 1532.012418 1532.000548 1532.005879 1531.882786 1531.763034 1531.848520 1532.010382 1532.157032 1531.775748 1530.889088 1530.528570 1530.990974 1531.263928 1531.641728 1532.533752 1532.128684 
0.004252 0.004933 0.004445 0.003155 0.001738 0.000701 0.000216 0.000132 0.000118 0.000101 0.000080 0.000062 0.000052 0.000048 0.000045 0.000039 0.000031 0.000024 0.000022 0.000023 0.000022 0.000020 0.000017 0.000016 0.000016 0.000017 0.000018 0.000017 0.000016 0.000016 0.000018 
1568.981603 1569.322217 1569.847267 1570.322049 1570.566565 1570.091232 1569.045126 1567.256397 1567.487256 1567.307407 1567.094678 1566.968148 1566.780694 1566.327040 1565.820596 1565.542015 1565.549154 1565.519438 1565.142049 1564.682639 1564.230845 1564.051656 1564.910413 1566.470029 1566.027825 1564.031334 1562.726489 1562.311957 1562.856420 1564.365984 1566.196894 
0.003131 0.003270 0.002629 0.001638 0.000811 0.000326 0.000153 0.000109 0.000095 0.000082 0.000065 0.000050 0.000042 0.000039 0.000036 0.000030 0.000023 0.000016 0.000013 0.000012 0.000012 0.000012 0.000010 0.000009 0.000007 0.000006 0.000006 0.000005 0.000005 0.000004 0.000005 
1608.541251 1609.642222 1609.869404 1609.416306 1608.234464 1608.729266 1606.235673 1604.636894 1604.415233 1604.138070 1604.136624 1604.298455 1604.297961 1604.036984 1603.856440 1603.891174 1604.126847 1604.283802 1604.114031 1604.176644 1604.029514 1603.501416 1603.355926 1604.138895 1605.397194 1605.762061 1604.813232 1603.928441 1603.318750 1601.429368 1598.885499 
0.005365 0.005801 0.004546 0.002539 0.001025 0.000382 0.000189 0.000130 0.000104 0.000085 0.000066 0.000050 0.000041 0.000038 0.000035 0.000030 0.000024 0.000017 0.000013 0.000013 0.000014 0.000014 0.000013 0.000011 0.000008 0.000007 0.000007 0.000007 0.000007 0.000008 0.000010 
1644.962964 1645.537586 1646.103953 1646.418916 1646.102654 1646.963556 1650.048886 1647.128200 1644.557400 1643.424506 1642.939989 1642.590898 1642.216481 1641.811712 1641.438883 1641.248793 1641.442992 1642.289769 1642.994692 1641.380919 1639.409503 1638.642114 1638.905608 1640.511464 1643.047761 1642.046009 1638.478939 1637.825202 1640.102881 1642.889805 1643.171952 
0.003926 0.004315 0.003478 0.002107 0.001042 0.000517 0.000277 0.000170 0.000129 0.000106 0.000082 0.000062 0.000051 0.000046 0.000042 0.000036 0.000028 0.000021 0.000018 0.000018 0.000019 0.000019 0.000019 0.000017 0.000016 0.000016 0.000017 0.000017 0.000016 0.000015 0.000015 
1696.490540 1697.782983 1699.259128 1700.405811 1701.456851 1703.270275 1707.438488 1706.744999 1705.336145 1705.183740 1705.261864 1705.484582 1705.704194 1705.672739 1705.350896 1704.933352 1704.300157 1702.626838 1700.063210 1699.147890 1699.281832 1699.340297 1699.220663 1698.199331 1695.908443 1694.066490 1692.355183 1690.089705 1689.043353 1690.777235 1694.528073 
0.000819 0.001062 0.001032 0.000761 0.000460 0.000260 0.000160 0.000106 0.000086 0.000071 0.000056 0.000042 0.000035 0.000032 0.000029 0.000025 0.000019 0.000013 0.000011 0.000011 0.000011 0.000011 0.000010 0.000009 0.000008 0.000008 0.000007 0.000007 0.000006 0.000006 0.000007 
1757.544116 1756.724013 1755.687779 1754.370260 1754.098490 1756.808728 1760.156556 1759.879535 1758.884826 1758.583124 1758.465381 1758.354669 1758.216156 1758.107418 1758.055902 1758.057126 1758.182695 1758.548151 1758.466714 1757.326053 1756.509092 1756.592081 1757.442500 1758.154075 1757.779467 1757.143761 1757.335968 1757.968324 1758.932045 1760.093669 1759.859066 
0.000474 0.000577 0.000515 0.000343 0.000180 0.000095 0.000069 0.000060 0.000054 0.000046 0.000036 0.000027 0.000022 0.000020 0.000018 0.000015 0.000011 0.000008 0.000007 0.000007 0.000008 0.000008 0.000007 0.000006 0.000004 0.000003 0.000003 0.000004 0.000005 0.000005 0.000005 
1841.584061 1841.577878 1841.464709 1841.076959 1840.136965 1839.577213 1840.520049 1840.957444 1841.036455 1841.063141 1841.115958 1841.160350 1841.132466 1841.085886 1841.092529 1841.162536 1841.218911 1841.082717 1840.846341 1840.708412 1840.544137 1840.463916 1840.317859 1839.932318 1839.614562 1839.880383 1840.366218 1840.522289 1840.536182 1840.147075 1839.529670 
0.001397 0.001539 0.001220 0.000686 0.000290 0.000160 0.000128 0.000117 0.000108 0.000093 0.000074 0.000056 0.000046 0.000042 0.000038 0.000033 0.000027 0.000022 0.000019 0.000016 0.000014 0.000014 0.000015 0.000015 0.000014 0.000012 0.000011 0.000011 0.000012 0.000011 0.000011 
1876.668443 1875.772880 1875.089135 1874.690700 1874.675865 1873.919874 1873.220500 1873.157725 1873.152058 1873.193555 1873.294927 1873.273572 1872.999267 1872.939020 1873.280470 1873.806570 1874.066066 1873.044665 1871.022055 1870.384849 1871.455444 1871.377281 1870.494094 1870.604056 1871.656789 1873.195774 1873.469586 1870.751196 1867.355867 1867.149070 1869.672460 
0.001753 0.001823 0.001372 0.000748 0.000329 0.000172 0.000114 0.000095 0.000086 0.000073 0.000057 0.000043 0.000036 0.000033 0.000030 0.000025 0.000020 0.000016 0.000014 0.000013 0.000012 0.000011 0.000011 0.000012 0.000013 0.000013 0.000013 0.000013 0.000013 0.000013 0.000011 
1926.837914 1927.703740 1928.661155 1929.499571 1928.702520 1926.190410 1923.734499 1921.962485 1921.626097 1921.542125 1921.520702 1921.640213 1921.758506 1921.648001 1921.631676 1921.868354 1922.147785 1922.538840 1923.381097 1923.993156 1923.667276 1922.888439 1922.064532 1921.824075 1922.128853 1922.497866 1923.172443 1923.966359 1924.311481 1924.433414 1923.659569 
0.002819 0.003037 0.002391 0.001430 0.000709 0.000342 0.000161 0.000110 0.000092 0.000076 0.000060 0.000046 0.000037 0.000034 0.000031 0.000026 0.000020 0.000015 0.000012 0.000012 0.000012 0.000011 0.000009 0.000008 0.000007 0.000007 0.000007 0.000006 0.000005 0.000006 0.000007 
1957.671238 1957.322375 1957.320504 1959.086361 1962.206559 1964.454623 1962.096499 1959.905366 1958.881427 1958.125339 1957.682983 1957.518077 1957.609805 1957.586062 1957.355154 1957.160386 1957.292755 1957.990380 1958.817093 1959.241631 1959.261439 1958.598070 1957.780676 1958.020120 1958.230039 1957.328993 1957.813164 1959.453667 1959.348341 1958.913243 1960.245447 
0.002347 0.002723 0.002424 0.001687 0.000906 0.000354 0.000117 0.000087 0.000079 0.000068 0.000053 0.000041 0.000034 0.000031 0.000029 0.000025 0.000019 0.000015 0.000012 0.000011 0.000011 0.000011 0.000011 0.000011 0.000010 0.000009 0.000009 0.000008 0.000007 0.000006 0.000006 
1993.160283 1993.512231 1994.233960 1995.156627 1995.819526 1995.817246 1996.146040 1995.932238 1996.025597 1996.087004 1996.190766 1996.305534 1996.510559 1996.820352 1997.028363 1996.965870 1996.520941 1995.728525 1995.373234 1995.604520 1995.708765 1996.377860 1997.087282 1996.785883 1996.251234 1996.420801 1997.121032 1997.811172 1998.343956 1998.143263 1996.720603 
0.001427 0.001538 0.001285 0.000858 0.000467 0.000199 0.000101 0.000090 0.000083 0.000072 0.000056 0.000043 0.000037 0.000034 0.000031 0.000027 0.000021 0.000017 0.000016 0.000017 0.000017 0.000017 0.000016 0.000015 0.000013 0.000011 0.000010 0.000011 0.000013 0.000014 0.000013 
2033.932716 2034.117176 2033.026137 2030.595875 2027.992403 2028.682885 2032.327778 2032.202485 2032.385510 2032.462282 2032.441719 2032.573402 2033.071220 2033.494391 2033.532586 2033.301177 2033.357698 2035.012091 2037.634221 2038.674824 2038.455906 2037.548087 2036.780017 2036.747923 2037.412582 2038.207294 2037.163126 2035.351850 2035.897664 2037.402854 2037.946817 
0.001381 0.001499 0.001219 0.000754 0.000373 0.000162 0.000096 0.000089 0.000083 0.000071 0.000056 0.000042 0.000035 0.000031 0.000029 0.000024 0.000019 0.000015 0.000013 0.000012 0.000011 0.000010 0.000009 0.000008 0.000008 0.000008 0.000009 0.000009 0.000007 0.000006 0.000008 
2079.880570 2079.824580 2080.532100 2082.411136 2085.446606 2084.994950 2081.137188 2081.466675 2081.482861 2081.462877 2081.415325 2081.385749 2081.375098 2081.292223 2081.224132 2081.291317 2081.725144 2082.897652 2084.104051 2084.123107 2082.838446 2081.144205 2080.134640 2080.000943 2081.388993 2084.182960 2086.460983 2087.904610 2088.348549 2085.203985 2080.050304 
0.001498 0.001645 0.001343 0.000828 0.000407 0.000190 0.000114 0.000099 0.000091 0.000078 0.000061 0.000047 0.000039 0.000036 0.000033 0.000028 0.000023 0.000017 0.000014 0.000013 0.000013 0.000013 0.000012 0.000011 0.000010 0.000009 0.000009 0.000008 0.000008 0.000009 0.000008 
2126.936033 2126.576061 2125.803159 2124.141889 2121.506248 2121.466707 2125.870837 2127.501404 2127.765330 2127.880668 2128.053537 2128.318082 2128.457767 2128.431941 2128.346067 2128.032895 2127.672701 2127.496313 2126.509102 2125.350479 2125.574892 2125.737602 2125.231720 2124.415971 2124.160774 2124.211838 2124.355816 2126.199226 2127.466782 2126.272261 2125.466783 
0.001195 0.001273 0.001041 0.000671 0.000354 0.000158 0.000094 0.000085 0.000078 0.000067 0.000053 0.000041 0.000034 0.000031 0.000029 0.000025 0.000021 0.000016 0.000013 0.000011 0.000012 0.000012 0.000012 0.000012 0.000011 0.000011 0.000010 0.000009 0.000008 0.000009 0.000009 
2176.003702 2175.503086 2175.467206 2175.992811 2177.594813 2178.988141 2177.273193 2176.259298 2176.286988 2176.443426 2176.533602 2176.440348 2176.210932 2175.982975 2175.536380 2174.717757 2173.702322 2172.783565 2172.582898 2173.758064 2175.055744 2174.991888 2173.517367 2171.586658 2170.426962 2170.676750 2171.761679 2172.526746 2172.848857 2174.029792 2176.286907 
0.002299 0.002554 0.002106 0.001290 0.000581 0.000201 0.000103 0.000093 0.000085 0.000073 0.000057 0.000043 0.000036 0.000033 0.000030 0.000026 0.000021 0.000017 0.000013 0.000012 0.000012 0.000011 0.000011 0.000010 0.000009 0.000008 0.000007 0.000008 0.000009 0.000009 0.000009 
2222.260196 2222.199038 2221.883079 2221.497342 2221.426133 2222.387292 2219.038229 2217.967968 2217.904384 2218.005569 2218.056092 2217.997637 2217.895761 2217.833926 2217.931358 2218.370805 2218.999109 2219.208192 2219.003400 2219.001514 2218.567836 2217.674715 2216.743290 2215.769184 2215.630735 2217.810924 2218.345812 2215.273250 2213.754859 2214.204729 2214.363963 
0.003039 0.003457 0.002928 0.001884 0.000908 0.000330 0.000114 0.000094 0.000086 0.000074 0.000059 0.000045 0.000038 0.000035 0.000032 0.000028 0.000022 0.000017 0.000014 0.000014 0.000014 0.000014 0.000012 0.000011 0.000010 0.000009 0.000008 0.000007 0.000007 0.000007 0.000008 
2265.236546 2265.805971 2266.399214 2266.584969 2266.457046 2264.780032 2264.165365 2265.296259 2264.974695 2264.672436 2264.619643 2265.047107 2265.610618 2265.675111 2265.628678 2265.879488 2266.678977 2268.559029 2271.368980 2272.139637 2269.842453 2266.636585 2265.175517 2267.519854 2271.672819 2273.814283 2273.750961 2272.531760 2272.444917 2276.265187 2279.469491 
0.002481 0.002750 0.002193 0.001248 0.000486 0.000171 0.000100 0.000090 0.000083 0.000071 0.000056 0.000043 0.000035 0.000032 0.000030 0.000025 0.000020 0.000015 0.000013 0.000012 0.000012 0.000011 0.000010 0.000009 0.000008 0.000008 0.000008 0.000007 0.000007 0.000008 0.000010 
2314.732175 2315.495630 2315.948881 2315.066580 2311.184177 2306.175750 2311.311854 2311.475549 2311.583651 2311.666209 2311.729740 2311.803443 2312.145203 2312.434713 2312.286463 2312.084604 2312.502659 2313.653631 2313.644776 2311.490147 2310.912428 2313.015113 2314.996631 2314.364528 2313.554204 2315.029377 2314.961029 2312.618815 2310.845741 2311.904929 2312.845661 
0.002539 0.002780 0.002205 0.001251 0.000501 0.000171 0.000087 0.000078 0.000073 0.000063 0.000049 0.000038 0.000031 0.000029 0.000027 0.000023 0.000019 0.000015 0.000012 0.000010 0.000009 0.000009 0.000009 0.000009 0.000009 0.000009 0.000009 0.000010 0.000010 0.000009 0.000009 
2369.821395 2369.920914 2370.452045 2371.842280 2374.542775 2373.838196 2369.661187 2369.925915 2369.988934 2370.085597 2370.366719 2370.834324 2371.115392 2371.026770 2370.931829 2370.796125 2370.226857 2369.002606 2367.808784 2367.966906 2369.326922 2370.051507 2371.070385 2373.386815 2374.788243 2374.040957 2372.652026 2371.669692 2371.995360 2373.357259 2373.850993 
0.002889 0.003134 0.002502 0.001483 0.000645 0.000219 0.000091 0.000082 0.000077 0.000066 0.000053 0.000042 0.000035 0.000031 0.000028 0.000025 0.000020 0.000016 0.000013 0.000012 0.000012 0.000014 0.000014 0.000014 0.000011 0.000008 0.000007 0.000008 0.000009 0.000010 0.000010 
2415.549277 2416.275321 2416.892192 2416.683544 2415.301484 2412.022387 2412.572445 2412.844362 2412.689284 2412.368161 2411.879324 2411.525833 2411.655914 2411.618860 2411.139266 2411.123317 2412.232455 2414.015098 2414.950403 2414.806806 2414.909864 2416.421626 2418.556110 2419.501397 2417.289207 2410.386484 2406.437999 2408.888584 2410.218116 2409.800580 2409.372468 
0.002123 0.002248 0.001741 0.000997 0.000441 0.000170 0.000085 0.000076 0.000071 0.000061 0.000048 0.000037 0.000031 0.000029 0.000027 0.000025 0.000020 0.000016 0.000012 0.000010 0.000010 0.000010 0.000009 0.000009 0.000010 0.000010 0.000008 0.000007 0.000007 0.000007 0.000007 
2456.513530 2456.859725 2457.553165 2458.622384 2459.192049 2457.696447 2458.135100 2458.688558 2458.516613 2458.365686 2458.310454 2458.198348 2457.885308 2457.741896 2457.719935 2457.747592 2458.401197 2459.713619 2460.109361 2459.037617 2458.169129 2457.894669 2457.652887 2457.558361 2458.403351 2460.221786 2463.245173 2465.576938 2465.063678 2463.673227 2462.077333 
0.001507 0.001635 0.001300 0.000769 0.000356 0.000160 0.000100 0.000090 0.000083 0.000072 0.000057 0.000044 0.000037 0.000033 0.000030 0.000026 0.000020 0.000016 0.000015 0.000014 0.000012 0.000011 0.000011 0.000012 0.000012 0.000010 0.000008 0.000008 0.000008 0.000008 0.000009 
2502.410120 2503.511158 2504.335439 2504.083949 2502.800179 2503.368472 2507.146178 2507.405938 2507.332097 2507.230441 2507.108237 2507.252270 2507.897216 2508.149477 2507.934149 2507.672261 2507.080093 2507.510542 2510.706935 2512.253695 2510.179518 2507.445070 2509.746656 2514.455422 2516.707962 2516.493425 2513.414329 2509.189891 2510.113222 2514.294810 2514.898671 
0.000456 0.000598 0.000594 0.000451 0.000259 0.000114 0.000055 0.000047 0.000044 0.000037 0.000029 0.000022 0.000018 0.000017 0.000015 0.000013 0.000010 0.000008 0.000006 0.000005 0.000006 0.000007 0.000008 0.000007 0.000005 0.000005 0.000005 0.000005 0.000005 0.000005 0.000005 
2569.543632 2569.337465 2569.139962 2568.968365 2568.841517 2568.764514 2568.819464 2569.075911 2569.296639 2569.478782 2569.652246 2569.797165 2569.869475 2569.962012 2570.098563 2570.088262 2569.790171 2569.356316 2569.227736 2569.312088 2569.136790 2569.247338 2569.414331 2569.250622 2568.605975 2567.982095 2566.836248 2565.533119 2566.706601 2568.294248 2568.543474 
0.000847 0.001013 0.000928 0.000652 0.000343 0.000137 0.000073 0.000064 0.000059 0.000051 0.000040 0.000031 0.000025 0.000024 0.000022 0.000019 0.000015 0.000011 0.000009 0.000010 0.000011 0.000011 0.000010 0.000010 0.000011 0.000010 0.000008 0.000006 0.000006 0.000005 0.000006 
2610.456077 2610.414385 2610.716006 2611.354208 2612.277890 2613.180595 2612.097974 2611.128647 2610.955825 2610.973271 2611.018266 2610.970502 2610.852210 2610.813852 2610.711787 2610.480179 2610.370905 2611.119585 2612.920308 2613.028997 2611.656309 2609.499595 2607.124058 2607.233842 2608.963810 2610.627396 2611.824966 2612.696290 2612.267280 2611.367890 2612.383677 
0.001203 0.001439 0.001306 0.000900 0.000458 0.000169 0.000077 0.000068 0.000063 0.000053 0.000042 0.000032 0.000026 0.000023 0.000022 0.000019 0.000015 0.000011 0.000009 0.000008 0.000009 0.000009 0.000010 0.000010 0.000009 0.000008 0.000007 0.000006 0.000005 0.000005 0.000007 
2653.991170 2653.561055 2652.908692 2652.098729 2651.332632 2651.324408 2653.201475 2653.754229 2653.652470 2653.550084 2653.583381 2653.773787 2653.949879 2653.916201 2653.709743 2653.432864 2653.329193 2653.567084 2654.042725 2655.274609 2656.724966 2656.745625 2654.878924 2652.357756 2650.694145 2651.760730 2655.317054 2655.628988 2652.224931 2649.375674 2648.955475 
0.000772 0.001555 0.001179 0.000922 0.000517 0.000203 0.000090 0.000078 0.000073 0.000064 0.000050 0.000038 0.000031 0.000029 0.000026 0.000022 0.000017 0.000014 0.000011 0.000011 0.000011 0.000011 0.000010 0.000009 0.000009 0.000009 0.000009 0.000008 0.000007 0.000006 0.000007 
2710.026675 2711.773850 2712.968381 2713.814682 2714.386657 2714.323668 2712.300589 2711.679031 2711.448035 2711.174220 2711.023387 2711.131444 2711.255887 2711.076529 2710.862646 2710.659640 2710.423181 2710.335634 2710.015675 2709.499296 2710.102533 2710.750386 2710.454999 2709.674598 2709.699091 2711.183807 2712.060740 2709.544861 2706.373939 2707.331298 2709.229788 
0.001512 0.001665 0.001317 0.000733 0.000288 0.000126 0.000094 0.000087 0.000081 0.000070 0.000056 0.000044 0.000036 0.000033 0.000030 0.000026 0.000020 0.000016 0.000015 0.000014 0.000014 0.000014 0.000013 0.000012 0.000010 0.000010 0.000010 0.000011 0.000011 0.000010 0.000009 
3016.989220 3016.324893 3015.727990 3015.519882 3017.253131 3018.900519 3016.084740 3015.785766 3015.647992 3015.807492 3016.080727 3016.092056 3016.276790 3017.107738 3017.570227 3017.370645 3016.382510 3013.409045 3010.005141 3010.066580 3012.171471 3013.892993 3014.482810 3015.169604 3016.436146 3016.973151 3016.055448 3014.592504 3013.366332 3012.817765 3013.398132 
0.001075 0.001189 0.000954 0.000549 0.000227 0.000096 0.000071 0.000065 0.000061 0.000052 0.000041 0.000032 0.000027 0.000026 0.000024 0.000020 0.000016 0.000012 0.000010 0.000009 0.000009 0.000009 0.000008 0.000008 0.000008 0.000008 0.000008 0.000008 0.000007 0.000006 0.000006 
3072.085800 3072.756702 3073.545172 3074.272212 3073.681410 3071.028560 3072.293724 3072.237882 3072.422849 3072.652102 3072.797745 3072.940249 3073.244856 3073.624480 3073.834497 3073.805079 3073.359971 3072.060148 3069.928290 3068.433317 3069.002146 3070.721336 3073.174480 3075.706669 3076.123480 3074.784719 3074.902873 3076.154633 3075.784345 3073.447749 3070.788729 
0.000756 0.000875 0.000757 0.000488 0.000229 0.000087 0.000054 0.000050 0.000047 0.000040 0.000032 0.000024 0.000019 0.000018 0.000017 0.000015 0.000012 0.000011 0.000009 0.000007 0.000007 0.000007 0.000006 0.000006 0.000006 0.000005 0.000004 0.000005 0.000005 0.000004 0.000005 
3212.571808 3212.010066 3211.631803 3211.741196 3212.987272 3214.979391 3212.694655 3212.198155 3212.051375 3211.984131 3211.937221 3211.863836 3211.675755 3211.340208 3211.215243 3211.637681 3212.158744 3211.675125 3210.699964 3211.296389 3212.734177 3212.762198 3213.076691 3214.667016 3216.495374 3216.543994 3212.040272 3207.913122 3208.225943 3211.837232 3214.535844 
0.000892 0.001010 0.000867 0.000567 0.000279 0.000105 0.000056 0.000052 0.000048 0.000042 0.000033 0.000026 0.000022 0.000021 0.000020 0.000018 0.000014 0.000010 0.000007 0.000007 0.000008 0.000009 0.000008 0.000007 0.000005 0.000005 0.000005 0.000006 0.000006 0.000006 0.000005 
3251.639245 3251.849677 3252.073465 3252.122998 3251.577297 3250.016982 3250.618105 3251.298286 3251.439018 3251.467235 3251.456611 3251.465527 3251.521216 3251.483823 3251.313287 3251.234736 3251.369548 3251.439121 3250.355785 3249.659696 3251.631518 3254.005187 3255.215992 3254.178665 3252.138830 3251.980944 3250.670193 3247.544850 3246.711383 3248.281099 3250.576153 
0.000920 0.001108 0.001029 0.000735 0.000390 0.000146 0.000060 0.000051 0.000047 0.000040 0.000032 0.000025 0.000022 0.000021 0.000019 0.000017 0.000013 0.000010 0.000009 0.000009 0.000008 0.000007 0.000006 0.000006 0.000005 0.000005 0.000005 0.000005 0.000005 0.000005 0.000005 
3294.185239 3294.627094 3295.133776 3295.638856 3296.156137 3296.917745 3296.255600 3294.726600 3294.615950 3294.606069 3294.480851 3294.177988 3293.999836 3294.159095 3294.294040 3294.121099 3293.734951 3293.908581 3295.288954 3296.448439 3296.177506 3294.673500 3294.426884 3295.345015 3293.887050 3290.999597 3290.206760 3291.431939 3292.375353 3293.900154 3296.741616 
0.000595 0.000697 0.000627 0.000428 0.000213 0.000078 0.000043 0.000040 0.000037 0.000031 0.000024 0.000019 0.000016 0.000015 0.000014 0.000012 0.000009 0.000007 0.000006 0.000005 0.000006 0.000006 0.000005 0.000004 0.000004 0.000004 0.000005 0.000005 0.000006 0.000007 0.000007 
3335.120334 3334.965729 3334.782694 3334.598676 3334.410803 3334.174507 3334.656376 3334.961594 3334.943257 3334.922622 3334.902767 3334.733420 3334.219363 3333.925090 3334.275597 3334.984421 3335.631354 3335.482518 3334.537583 3334.352167 3334.863152 3335.005297 3334.565629 3333.831158 3333.064585 3332.604831 3333.202986 3335.319054 3337.717126 3338.562881 3337.676026 
0.000787 0.000952 0.000890 0.000637 0.000335 0.000123 0.000054 0.000049 0.000046 0.000039 0.000030 0.000023 0.000019 0.000019 0.000019 0.000017 0.000013 0.000010 0.000007 0.000006 0.000006 0.000008 0.000009 0.000008 0.000007 0.000006 0.000006 0.000007 0.000008 0.000009 0.000008 
3373.783053 3374.211643 3374.614442 3374.873048 3374.876386 3374.503137 3374.003539 3373.577810 3373.457699 3373.476314 3373.531375 3373.488837 3373.158862 3372.964297 3373.104191 3373.358074 3373.736789 3374.444374 3374.906024 3373.498013 3372.856679 3374.874386 3376.500065 3377.308714 3378.080629 3378.800423 3377.095073 3374.296032 3372.948826 3373.406865 3374.684167 
0.000495 0.000592 0.000555 0.000403 0.000219 0.000084 0.000038 0.000035 0.000034 0.000030 0.000024 0.000017 0.000014 0.000013 0.000012 0.000011 0.000009 0.000008 0.000007 0.000006 0.000005 0.000005 0.000005 0.000004 0.000004 0.000004 0.000005 0.000005 0.000004 0.000003 0.000004 
3411.784499 3411.529576 3411.272577 3411.057593 3410.869068 3410.612817 3411.218243 3411.782880 3411.659592 3411.466738 3411.245849 3411.058962 3410.980125 3410.944008 3410.906077 3410.989895 3411.286789 3411.376836 3410.952446 3410.810546 3411.654610 3412.432733 3412.844116 3413.885405 3414.315401 3412.068005 3410.891606 3410.563046 3410.043054 3410.636373 3411.988517 
0.001148 0.001295 0.001111 0.000723 0.000346 0.000119 0.000058 0.000053 0.000049 0.000043 0.000035 0.000027 0.000023 0.000022 0.000021 0.000018 0.000015 0.000012 0.000010 0.000010 0.000010 0.000009 0.000008 0.000006 0.000005 0.000004 0.000005 0.000006 0.000007 0.000007 0.000007 
3453.227407 3452.673388 3452.296785 3452.337795 3453.200204 3455.383728 3454.848662 3453.581378 3453.450921 3453.623045 3453.779935 3453.761588 3453.899386 3453.924799 3452.923036 3451.341334 3450.613681 3452.585693 3457.679610 3460.634635 3460.347493 3458.684364 3456.737930 3455.361392 3454.164773 3454.019276 3454.772300 3454.862662 3452.924505 3450.184119 3449.125819 
0.001313 0.001444 0.001207 0.000775 0.000375 0.000132 0.000061 0.000057 0.000052 0.000045 0.000035 0.000027 0.000023 0.000022 0.000020 0.000018 0.000014 0.000012 0.000012 0.000011 0.000010 0.000009 0.000008 0.000009 0.000010 0.000011 0.000010 0.000008 0.000007 0.000008 0.000007 
3497.742345 3497.522968 3497.373789 3497.539839 3498.331742 3499.219033 3496.766932 3497.271024 3497.857573 3498.053988 3497.610559 3496.725102 3496.178050 3495.842787 3495.081302 3493.996152 3492.405116 3490.023177 3488.557762 3489.119193 3490.993794 3492.945516 3493.875887 3494.557287 3495.280497 3496.132462 3496.737940 3497.072016 3497.785679 3497.603625 3496.911052 
0.001004 0.001100 0.000911 0.000575 0.000278 0.000116 0.000062 0.000051 0.000047 0.000040 0.000032 0.000025 0.000021 0.000019 0.000017 0.000014 0.000012 0.000010 0.000009 0.000009 0.000009 0.000008 0.000007 0.000007 0.000007 0.000006 0.000006 0.000007 0.000006 0.000005 0.000005 
3537.273291 3537.702612 3537.869965 3537.226828 3535.053807 3533.872180 3538.005235 3538.728984 3538.263091 3537.911795 3537.727995 3537.696836 3537.727951 3537.932701 3538.178939 3538.394872 3539.143688 3540.660948 3541.277759 3540.181757 3539.614302 3540.899545 3543.966698 3546.951568 3546.279363 3541.049501 3536.973096 3538.254771 3540.323399 3537.863851 3536.206523 
0.000714 0.000848 0.000766 0.000527 0.000271 0.000104 0.000048 0.000043 0.000040 0.000034 0.000027 0.000021 0.000018 0.000017 0.000016 0.000013 0.000010 0.000008 0.000007 0.000007 0.000009 0.000010 0.000010 0.000009 0.000007 0.000006 0.000006 0.000007 0.000007 0.000006 0.000005 
3584.807399 3584.728733 3584.566871 3584.435107 3584.625904 3585.730984 3585.948899 3585.091989 3585.051170 3585.101987 3585.314734 3585.517723 3585.535016 3585.591795 3585.605986 3585.311933 3584.977886 3585.360068 3585.760935 3584.810008 3584.034391 3583.777341 3583.562035 3583.314508 3583.186546 3584.256069 3586.711057 3587.000165 3585.050614 3582.090111 3582.501744 
0.000872 0.001161 0.001139 0.000814 0.000404 0.000133 0.000063 0.000054 0.000050 0.000044 0.000035 0.000028 0.000023 0.000020 0.000018 0.000016 0.000014 0.000012 0.000010 0.000009 0.000008 0.000008 0.000007 0.000006 0.000006 0.000007 0.000007 0.000007 0.000006 0.000006 0.000006 
3652.179086 3652.834884 3653.471723 3654.014593 3654.311364 3653.611400 3652.938612 3653.298585 3653.176908 3652.969405 3653.016345 3653.503089 3653.791144 3653.367692 3652.795418 3652.619376 3653.076849 3653.083980 3651.507536 3650.763680 3653.449626 3656.105998 3656.220536 3652.532681 3647.193642 3645.136077 3646.707920 3651.313965 3657.093122 3660.016104 3658.728657 
0.000571 0.001072 0.000803 0.000609 0.000328 0.000118 0.000048 0.000041 0.000038 0.000033 0.000026 0.000020 0.000017 0.000016 0.000015 0.000014 0.000011 0.000008 0.000006 0.000006 0.000007 0.000008 0.000007 0.000005 0.000004 0.000003 0.000003 0.000005 0.000006 0.000007 0.000007 
3694.644963 3693.823229 3693.169806 3692.747159 3692.621889 3692.915893 3692.536123 3692.665669 3692.760782 3692.795639 3692.919739 3693.047084 3693.250151 3693.459137 3693.448555 3693.243578 3692.994797 3693.143819 3694.097767 3694.995503 3694.553584 3693.697898 3693.263117 3694.236610 3696.107107 3695.446227 3690.290305 3689.300584 3691.203259 3691.616499 3690.969824 
0.000598 0.000731 0.000669 0.000457 0.000228 0.000087 0.000045 0.000039 0.000037 0.000032 0.000025 0.000019 0.000015 0.000014 0.000013 0.000011 0.000009 0.000007 0.000006 0.000006 0.000006 0.000006 0.000007 0.000006 0.000005 0.000005 0.000004 0.000004 0.000003 0.000004 0.000004 
3772.568901 3772.051346 3771.540033 3771.107638 3770.967451 3771.773754 3772.758962 3772.671397 3772.617660 3772.621729 3772.659932 3772.608878 3772.462120 3772.703072 3773.258624 3773.636341 3773.460047 3772.449244 3771.378075 3772.044459 3773.845234 3775.034528 3775.994065 3777.549034 3778.731194 3778.917553 3778.708611 3777.372554 3775.770091 3775.251446 3774.447940 
0.000448 0.000530 0.000471 0.000314 0.000156 0.000062 0.000035 0.000031 0.000029 0.000025 0.000020 0.000015 0.000013 0.000012 0.000012 0.000010 0.000008 0.000006 0.000005 0.000006 0.000006 0.000005 0.000004 0.000004 0.000004 0.000004 0.000003 0.000003 0.000002 0.000002 0.000003 
3813.999716 3814.081516 3814.152126 3814.159875 3813.932815 3813.087512 3813.021099 3813.751140 3813.868034 3813.792362 3813.663234 3813.512417 3813.530275 3813.797952 3814.081541 3814.319042 3814.439201 3814.184493 3813.639397 3813.591132 3813.839621 3814.247110 3814.618544 3813.874201 3812.634636 3812.503477 3813.502346 3814.630298 3814.998738 3813.696087 3812.839520 
0.000841 0.001021 0.000913 0.000598 0.000275 0.000091 0.000049 0.000047 0.000044 0.000038 0.000031 0.000025 0.000021 0.000018 0.000017 0.000015 0.000012 0.000009 0.000007 0.000007 0.000007 0.000007 0.000006 0.000005 0.000006 0.000007 0.000007 0.000006 0.000005 0.000004 0.000004 
3869.080033 3868.948988 3868.946244 3869.159885 3869.772796 3870.486112 3868.997260 3868.803641 3868.793224 3869.017962 3869.380295 3869.469429 3869.304651 3869.597398 3870.004549 3870.041407 3870.191528 3870.573892 3870.261915 3869.519327 3868.598860 3867.721306 3867.519732 3868.028626 3867.842736 3865.921935 3864.392886 3863.547097 3863.687050 3864.699823 3866.703077 
0.000430 0.000534 0.000503 0.000359 0.000188 0.000071 0.000033 0.000030 0.000028 0.000024 0.000019 0.000014 0.000012 0.000011 0.000010 0.000008 0.000006 0.000005 0.000005 0.000006 0.000006 0.000006 0.000006 0.000006 0.000006 0.000005 0.000004 0.000003 0.000003 0.000002 0.000002 
3913.353526 3913.479383 3913.612877 3913.691055 3913.602731 3913.260825 3913.958420 3914.027615 3913.804014 3913.781615 3913.658457 3913.390456 3913.318802 3913.453787 3913.562798 3913.708175 3913.935204 3913.823089 3913.596860 3914.105501 3914.795879 3915.623950 3915.543421 3914.544663 3914.525982 3915.729026 3916.712053 3916.088965 3914.823937 3913.358839 3911.528557 
0.000644 0.000802 0.000754 0.000530 0.000268 0.000094 0.000043 0.000039 0.000036 0.000031 0.000025 0.000020 0.000016 0.000015 0.000014 0.000012 0.000010 0.000008 0.000007 0.000006 0.000006 0.000006 0.000006 0.000006 0.000006 0.000005 0.000005 0.000006 0.000006 0.000006 0.000007 
3954.554309 3954.326163 3954.025186 3953.661329 3953.185899 3952.368373 3952.649053 3953.735938 3954.037033 3954.115271 3954.032432 3953.907357 3954.022028 3954.173887 3954.010170 3953.837894 3954.218062 3954.909056 3954.008778 3951.794077 3952.709842 3954.867011 3954.258825 3952.834943 3953.609412 3955.888514 3957.443283 3957.608684 3958.006645 3957.736614 3956.071665 
0.000560 0.000653 0.000566 0.000362 0.000166 0.000061 0.000039 0.000034 0.000031 0.000027 0.000021 0.000016 0.000014 0.000013 0.000012 0.000011 0.000009 0.000008 0.000006 0.000005 0.000005 0.000005 0.000005 0.000005 0.000006 0.000006 0.000006 0.000006 0.000005 0.000004 0.000003 
4034.479717 4034.546577 4034.589624 4034.560900 4034.383214 4034.474535 4035.322331 4035.147479 4034.951285 4034.692243 4034.364244 4034.122774 4034.188396 4034.518021 4034.973861 4035.318544 4035.225095 4035.281774 4036.374941 4037.609966 4037.529701 4037.037215 4035.421745 4033.668436 4032.698522 4032.297586 4032.034128 4032.181665 4033.486439 4035.488029 4037.235400 
0.000925 0.001090 0.000946 0.000602 0.000276 0.000096 0.000046 0.000041 0.000037 0.000032 0.000025 0.000019 0.000016 0.000016 0.000015 0.000013 0.000011 0.000009 0.000008 0.000010 0.000011 0.000011 0.000009 0.000008 0.000006 0.000006 0.000006 0.000006 0.000006 0.000007 0.000009 
4833.416459 4834.584786 4836.006166 4837.705595 4839.168727 4838.069976 4833.618673 4833.188262 4834.082727 4834.804289 4835.026958 4834.496448 4833.940973 4833.782100 4833.658233 4833.966128 4834.332949 4833.677325 4832.737973 4832.931942 4832.980884 4833.116479 4834.104984 4835.336030 4835.054821 4833.959537 4835.170324 4836.626686 4835.953594 4832.911693 4831.949625 
0.000595 0.000709 0.000634 0.000423 0.000201 0.000066 0.000033 0.000031 0.000028 0.000024 0.000019 0.000016 0.000015 0.000013 0.000011 0.000009 0.000007 0.000006 0.000004 0.000004 0.000005 0.000005 0.000006 0.000006 0.000006 0.000006 0.000006 0.000005 0.000004 0.000004 0.000004 
5148.132490 5147.931672 5147.721517 5147.587077 5147.796339 5149.411830 5149.426874 5148.013709 5147.861447 5147.872505 5147.898809 5148.207979 5148.409175 5148.035732 5147.363030 5147.189490 5147.968107 5148.866518 5148.280842 5146.189944 5146.469094 5147.462485 5147.687227 5147.408779 5147.233744 5147.141121 5147.261019 5147.988306 5150.042096 5152.006759 5152.597111 
