7 11
13 21
29 37
38 42
46 62
65 72
73 76
78 89
90 93
94 105
109 115
116 119
121 136
137 144
149 159
160 163
166 177
179 182
197 208
212 223
230 244
247 261
262 282
287 306
316 334
338 349
353 366
374 387
388 403
406 410
412 421
423 435
440 446
448 461
466 478
480 498
506 523
535 541
542 557
560 568
579 588
598 608
617 626
634 645
650 661
662 680
686 697
698 704
712 718
720 731
739 747
753 760
761 769
770 779
781 791
798 819
821 835
880 886
887 933
967 973
979 997
1004 1039
1040 1051
1094 1099
1113 1137
1193 1229
1255 1265
1275 1288
1294 1319
1324 1346
1362 1388
1394 1408
1442 1450
