0.063946 8.395343
0.031973 8.861042
0.063946 10.588617
0.063946 7.279792
0.095918 10.729329
0.047959 12.244084
0.031973 12.131577
0.063946 18.082616
0.015986 11.332852
0.031973 19.997463
0.047959 21.145266
0.063946 17.243900
0.063946 16.184922
0.063946 17.647735
0.047959 18.172866
0.047959 16.392135
0.031973 14.961141
0.047959 19.599334
0.047959 23.159677
0.047959 23.937174
0.047959 21.806689
0.047959 21.063698
0.095918 14.129617
0.031973 22.190568
0.031973 20.406562
0.031973 19.487693
0.031973 22.293470
0.031973 23.227124
0.031973 21.490671
0.031973 20.263932
0.015986 15.859213
0.031973 17.249941
0.031973 17.065948
0.031973 17.074672
0.047959 14.181567
0.031973 16.268094
0.031973 17.407049
0.031973 14.241172
0.031973 16.240634
0.031973 15.175202
0.031973 16.864006
0.031973 16.895640
0.031973 16.664689
0.031973 18.507473
0.031973 18.003661
0.031973 16.717573
0.031973 17.283260
0.031973 17.796445
0.031973 17.700157
0.031973 14.942735
0.031973 16.884927
0.031973 17.363531
0.031973 18.784504
0.031973 19.556460
0.031973 19.505845
0.031973 19.630080
0.031973 19.355547
0.031973 16.703334
0.031973 16.431764
0.031973 16.612835
0.031973 16.394481
0.031973 16.532214
0.031973 18.107976
0.031973 18.098540
0.031973 19.395738
0.015986 15.920286
0.031973 18.316369
0.031973 16.171430
0.031973 16.861114
