9 21
22 25
26 36
46 62
65 73
78 82
83 88
93 96
97 101
105 109
113 116
119 129
132 146
147 154
160 176
180 185
198 206
209 223
226 245
246 259
269 281
287 301
303 307
308 318
324 336
337 348
349 354
355 358
359 369
370 373
374 384
389 403
404 411
413 420
426 430
441 447
448 460
461 465
466 483
488 502
510 525
534 552
553 562
570 587
588 593
594 602
603 611
617 631
636 640
641 645
646 662
663 680
687 696
700 706
712 723
735 739
749 759
760 782
794 821
839 849
850 855
858 871
879 890
893 909
912 931
934 961
964 990
995 1003
1009 1027
1038 1056
1057 1071
1083 1095
1098 1108
1120 1139
1140 1150
1155 1167
1177 1181
1193 1199
1201 1211
1213 1223
1233 1241
1252 1273
1275 1305
1311 1319
1334 1357
1358 1376
1384 1397
1399 1413
1416 1422
1423 1451
1460 1473
1483 1501
1511 1530
1532 1552
1554 1577
1584 1605
1610 1623
1626 1643
1650 1660
1668 1687
1698 1716
1724 1731
1744 1753
1763 1773
1776 1795
1796 1817
1822 1837
1842 1862
1869 1886
1892 1908
1915 1929
1934 1959
1965 1981
1988 2004
2013 2028
2122 2136
2152 2157
2171 2181
2190 2199
2226 2239
2249 2263
2265 2275
2280 2294
2311 2316
2332 2336
3197 3203
3248 3252
