1 5
13 26
29 39
46 62
65 72
73 76
82 89
95 113
115 126
129 133
134 143
148 152
165 177
178 184
185 189
190 195
196 207
212 224
229 245
252 258
264 269
277 287
293 305
307 315
319 333
334 352
353 356
361 364
365 378
379 403
404 412
418 426
427 436
438 447
448 451
458 471
472 483
493 500
510 531
533 536
544 554
558 569
570 592
593 614
617 624
634 643
644 653
654 663
668 674
682 695
696 718
727 736
739 744
746 760
770 784
791 802
804 827
831 838
844 858
869 895
899 908
915 935
949 957
958 974
976 986
999 1013
1016 1033
1044 1060
1084 1094
1099 1108
1118 1133
1145 1163
1172 1179
1191 1200
1203 1213
1295 1303
1380 1390
1461 1467
1518 1538
1640 1650
1678 1686
1702 1707
