1 7
17 22
26 30
31 37
47 62
65 75
76 88
92 96
97 101
105 109
119 123
124 127
135 140
148 155
163 176
177 182
183 187
199 209
210 223
227 245
248 259
270 273
274 280
287 291
295 303
304 308
314 318
319 334
341 348
358 366
367 370
375 384
385 388
389 393
402 413
421 427
428 436
437 448
449 459
460 466
467 475
478 492
500 509
510 525
536 552
555 560
562 572
584 593
594 602
603 613
614 624
636 640
641 644
646 671
675 707
712 719
720 725
732 740
749 760
767 782
793 812
822 828
852 869
910 933
943 955
965 989
1004 1022
1024 1039
1050 1058
1066 1078
1079 1096
1101 1112
1113 1133
1139 1155
1160 1179
1197 1213
1232 1240
1243 1265
1270 1288
1300 1307
1339 1357
1360 1375
1376 1394
1403 1422
1431 1442
1524 1527
1542 1551
1560 1574
1584 1604
1611 1623
1627 1644
1700 1712
1724 1732
1742 1762
1772 1786
1793 1816
1819 1838
1841 1861
1866 1883
1895 1899
1914 1926
1935 1951
1960 1974
1985 1995
2009 2017
