0.079932 12.740883
0.063946 9.676852
0.063946 8.648734
0.031973 10.500101
0.031973 14.498233
0.063946 10.638730
0.063946 7.454340
0.095918 10.844949
0.047959 12.284512
0.031973 11.510998
0.047959 17.756211
0.015986 14.663710
0.047959 19.974742
0.031973 19.391008
0.031973 16.226028
0.063946 13.016826
0.047959 15.726191
0.047959 14.951002
0.047959 20.733488
0.047959 21.633588
0.031973 18.556945
0.047959 21.029895
0.047959 20.502727
0.047959 19.662504
0.031973 21.403950
0.031973 18.822429
0.047959 14.173156
0.031973 17.686010
0.031973 20.659824
0.031973 24.465661
0.031973 21.247848
0.031973 17.540354
0.031973 17.758259
0.015986 13.761885
0.015986 13.114424
0.031973 14.970169
0.031973 17.396299
0.047959 13.424267
0.031973 16.464717
0.031973 18.707417
0.031973 19.734399
0.031973 19.110297
0.031973 17.803833
0.047959 17.164174
0.031973 14.717703
0.031973 15.612525
0.031973 16.814750
0.031973 16.558214
0.031973 16.501265
0.031973 16.138208
0.031973 16.912489
0.031973 17.080914
0.031973 18.192942
0.031973 19.153447
0.031973 18.653600
0.031973 16.278778
0.031973 17.142289
0.031973 17.196057
0.031973 15.995352
0.031973 17.032781
0.031973 17.099794
0.031973 17.974042
