0.047959 8.421848
0.063946 9.635793
0.063946 10.794516
0.031973 10.157462
0.031973 14.276483
0.063946 10.638295
0.063946 7.241208
0.095918 10.482053
0.047959 12.442233
0.031973 12.198329
0.063946 18.232371
0.031973 20.167299
0.031973 18.307640
0.031973 20.325735
0.031973 17.064620
0.063946 15.621495
0.047959 17.156886
0.063946 12.311184
0.047959 17.531052
0.031973 13.468540
0.079932 15.745769
0.047959 20.280422
0.047959 23.572797
0.047959 23.859922
0.047959 21.867710
0.047959 21.391281
0.047959 22.760346
0.031973 20.450827
0.031973 21.153179
0.031973 22.561688
0.031973 22.672743
0.031973 20.530682
0.031973 20.833289
0.031973 19.037496
0.015986 12.780515
0.031973 16.737649
0.031973 16.008931
0.047959 16.105473
0.031973 17.856711
0.031973 19.438866
0.063946 15.742394
0.063946 16.105862
0.031973 15.508696
0.031973 15.625644
0.031973 20.319783
0.031973 21.111616
0.031973 19.765111
0.031973 18.894912
0.031973 16.832402
0.031973 17.251340
0.031973 14.914575
0.031973 15.419704
0.031973 16.178869
0.031973 15.955367
0.031973 18.903227
0.031973 18.729903
0.031973 16.732503
0.031973 18.894128
0.031973 19.102935
0.031973 17.363500
0.031973 17.502768
0.031973 16.262067
0.031973 16.349496
0.031973 16.563935
0.031973 17.828243
0.031973 17.786593
0.031973 18.776890
0.031973 17.639782
0.031973 17.346040
0.031973 17.872806
0.031973 16.529248
0.031973 17.897152
0.031973 17.417856
0.031973 17.157840
0.031973 17.154635
0.031973 17.666665
