8 11
12 15
16 19
35 40
41 46
47 62
66 73
74 77
78 89
94 102
113 116
117 122
129 142
143 154
160 174
180 190
199 204
205 210
215 223
226 239
248 258
265 269
274 277
278 287
295 302
318 326
331 345
346 353
357 371
379 397
401 405
406 417
418 428
431 446
447 458
459 467
468 480
481 485
491 496
501 515
518 523
526 540
541 556
557 570
571 594
595 612
613 626
629 639
640 647
656 678
679 696
700 707
714 725
726 749
750 759
769 782
792 805
808 822
834 842
847 851
852 863
874 888
892 904
912 921
923 935
936 948
951 964
965 978
986 995
996 1016
1019 1032
1033 1047
1048 1062
1063 1077
1078 1092
1096 1106
1108 1129
1130 1146
1149 1161
1162 1181
1184 1188
1200 1215
1216 1229
1230 1243
1244 1258
1259 1271
1274 1288
1289 1304
1314 1321
1328 1337
1341 1356
1358 1370
1374 1384
1386 1400
1401 1416
1417 1426
1427 1444
1447 1457
1500 1504
1515 1521
1529 1536
1538 1552
1554 1564
1566 1580
1581 1595
1596 1608
1609 1623
1626 1638
1642 1654
1657 1663
1666 1678
1681 1693
1699 1707
1710 1721
1723 1740
1741 1748
1753 1765
1778 1787
1792 1806
1807 1818
1820 1834
1838 1847
1848 1861
1864 1878
1880 1889
1894 1907
1909 1917
1922 1932
1934 1949
1952 1959
1960 1984
1991 2002
2005 2017
2022 2028
2035 2045
2051 2059
2066 2071
2171 2180
2186 2196
2203 2206
2216 2221
2228 2238
2245 2249
2258 2265
2273 2279
2286 2295
2301 2308
2329 2338
2359 2368
2400 2406
2429 2436
3174 3180
3199 3207
3216 3225
3244 3252
3273 3279
3317 3322
