8 21
33 37
46 62
65 72
78 89
90 93
96 104
105 108
109 112
113 117
118 136
137 148
150 159
160 163
166 176
179 183
196 209
214 223
231 245
249 260
267 283
289 303
318 335
340 349
353 366
374 383
388 394
405 422
428 439
448 462
465 483
487 494
508 520
531 540
541 552
560 566
569 575
589 594
601 616
618 625
626 634
636 645
651 664
665 683
687 697
712 716
718 731
732 739
752 759
760 768
769 778
779 795
797 816
823 828
835 842
845 859
865 889
892 920
981 991
1020 1034
1043 1048
1062 1074
1100 1112
1169 1191
1192 1228
1232 1240
1252 1269
1277 1289
1299 1306
1331 1349
1369 1374
1442 1449
