30.000000 82.000000 0.015986
0.000161 0.001311 0.001039 0.000824 0.000653 0.000322 0.000403 0.000440 0.000180 0.000395 0.000127 0.000167 0.000209 0.000057 0.000134 0.000097 0.000048 0.000081 0.000016 0.000016 0.000045 0.000042 0.000026 0.000025 0.000023 0.000011 0.000019 0.000026 0.000040 0.000075 
9.269130 4.297727 5.197288 8.943287 3.811545 8.348067 4.376147 3.983076 9.208328 2.792146 8.675567 5.517155 2.807200 8.191020 3.049260 4.255988 7.856307 2.911972 6.719986 9.673389 3.691555 4.091611 6.650155 4.088345 2.611300 7.656403 4.344070 5.947713 7.727383 6.505272 
0.000509 0.001407 0.001276 0.001157 0.001058 0.000875 0.000727 0.000694 0.000653 0.000587 0.000513 0.000462 0.000417 0.000351 0.000264 0.000208 0.000192 0.000214 0.000243 0.000266 0.000265 0.000229 0.000172 0.000130 0.000123 0.000143 0.000187 0.000228 0.000251 0.000265 
51.369132 51.534922 52.211594 51.970064 51.951748 51.805430 51.075566 51.666720 52.283695 52.925067 53.326274 53.283953 53.040208 53.172638 53.011729 53.586489 55.816471 56.222187 54.719806 54.100900 54.618694 55.756058 56.215462 55.959015 55.825999 55.230599 53.559018 53.177364 53.568008 53.652903 
0.003415 0.004078 0.003608 0.002501 0.001622 0.001268 0.001113 0.001016 0.000936 0.000798 0.000624 0.000471 0.000386 0.000360 0.000348 0.000318 0.000267 0.000197 0.000145 0.000123 0.000117 0.000114 0.000107 0.000104 0.000110 0.000117 0.000112 0.000095 0.000091 0.000128 
97.559827 97.553626 97.240262 96.125763 94.144387 93.258248 93.159122 93.043948 92.856455 92.875666 92.983550 93.145807 93.134196 93.341295 93.909070 94.047051 93.810749 93.521700 93.589835 92.822062 90.247868 89.078215 91.103867 95.413848 97.568518 96.808130 95.135650 92.167054 87.070209 86.717440 
0.095558 0.314293 0.265362 0.224049 0.202573 0.172142 0.150956 0.139012 0.127118 0.106969 0.082818 0.064179 0.053192 0.048034 0.043144 0.035593 0.026683 0.019049 0.014942 0.013580 0.013693 0.013231 0.011689 0.009430 0.007196 0.005930 0.005516 0.005573 0.005359 0.004569 
143.445692 143.503406 143.726224 143.865858 143.680147 143.456451 143.708594 144.504040 145.304595 145.482877 145.002529 144.589930 144.817898 145.886837 146.909512 147.365170 147.199715 146.420918 146.156347 146.776191 147.963812 148.517421 148.430285 147.725649 146.466927 145.850301 146.139188 147.084345 147.652317 147.776713 
0.014137 0.020033 0.017763 0.016807 0.014798 0.011893 0.009989 0.009172 0.008922 0.008693 0.008769 0.008587 0.007541 0.006264 0.005088 0.004044 0.003076 0.002595 0.002487 0.002426 0.002364 0.002285 0.002082 0.001775 0.001492 0.001249 0.001011 0.000858 0.000760 0.000649 
180.247883 181.093381 181.705914 182.026320 182.088862 180.991470 179.735704 180.148900 181.144741 181.912658 182.773651 183.149798 182.466235 181.669589 181.527303 181.599169 180.672172 180.473569 181.232963 181.654195 181.874036 182.309966 182.440976 182.042122 181.765115 181.492307 180.819591 180.390859 179.976564 179.141829 
0.004801 0.009809 0.008407 0.007205 0.006175 0.005293 0.004608 0.003708 0.002847 0.002628 0.002963 0.003109 0.002347 0.001648 0.001401 0.001429 0.001241 0.000988 0.000737 0.000512 0.000449 0.000494 0.000422 0.000252 0.000198 0.000225 0.000226 0.000205 0.000215 0.000210 
197.327257 198.458357 200.885880 200.847776 198.454596 197.782981 198.184027 198.839034 199.911725 199.802830 198.385580 197.460751 198.291425 199.535914 199.434469 197.976665 197.841852 198.109574 198.721042 200.144107 199.762585 197.665263 197.403499 199.773176 200.154830 198.016867 197.678584 198.356943 197.808826 197.366131 
0.004702 0.012767 0.010475 0.010131 0.007864 0.005507 0.004264 0.003759 0.003335 0.002571 0.001854 0.001401 0.001164 0.000871 0.000600 0.000487 0.000475 0.000442 0.000334 0.000242 0.000199 0.000173 0.000125 0.000083 0.000059 0.000052 0.000049 0.000062 0.000079 0.000096 
229.187787 227.659258 226.623458 226.130480 226.701910 228.225706 228.294824 227.453831 227.218745 228.554236 229.397475 228.679884 227.013443 226.628771 227.593948 228.297998 228.059123 227.682378 228.701027 229.730985 229.084841 227.787734 228.898307 230.854087 230.446270 229.013203 231.423615 231.724878 230.278476 228.381996 
0.049113 0.092210 0.068404 0.052019 0.030548 0.017234 0.013696 0.011635 0.009668 0.006991 0.004663 0.003347 0.002589 0.001883 0.001216 0.000818 0.000640 0.000575 0.000475 0.000358 0.000287 0.000244 0.000189 0.000138 0.000113 0.000109 0.000109 0.000107 0.000114 0.000125 
280.630822 279.158347 277.720773 276.310653 276.237650 280.435356 283.291936 281.568734 277.903183 276.332859 277.018760 279.561007 281.723346 283.674136 284.621300 283.743926 282.739342 281.569022 281.298371 281.799272 281.936103 281.624759 281.857335 283.643384 287.958409 290.881225 291.431596 290.640787 287.729921 283.619550 
0.025385 0.033282 0.032933 0.027255 0.019745 0.013450 0.007394 0.003435 0.001723 0.001037 0.000609 0.000420 0.000348 0.000264 0.000204 0.000160 0.000146 0.000141 0.000135 0.000113 0.000087 0.000072 0.000061 0.000045 0.000034 0.000030 0.000025 0.000024 0.000026 0.000027 
318.215060 319.506513 320.913243 320.942455 319.853344 317.575114 317.217995 318.370043 318.247227 314.987034 313.744317 312.534793 312.235534 312.605771 314.210805 316.198288 316.913616 317.330605 318.101979 319.097787 318.789527 317.892944 317.318639 318.585896 321.059029 320.627815 317.797102 314.335219 313.154104 314.886917 
0.004059 0.004896 0.004010 0.002103 0.000904 0.000522 0.000444 0.000311 0.000215 0.000155 0.000123 0.000106 0.000089 0.000068 0.000051 0.000042 0.000036 0.000032 0.000036 0.000037 0.000029 0.000021 0.000018 0.000022 0.000033 0.000039 0.000031 0.000023 0.000024 0.000035 
348.860730 348.844961 348.608337 347.323865 346.999277 349.159013 352.231304 351.540604 349.720596 348.457924 348.572270 349.465949 350.278890 350.404267 349.623071 349.411618 350.608892 352.375866 352.359346 351.923788 352.086385 351.810246 351.674009 352.973727 352.637246 352.288082 352.112168 351.734676 351.951846 351.947157 
0.003085 0.005646 0.004356 0.003680 0.002518 0.001401 0.000756 0.000431 0.000280 0.000207 0.000163 0.000136 0.000120 0.000109 0.000101 0.000091 0.000079 0.000069 0.000062 0.000061 0.000064 0.000065 0.000063 0.000060 0.000060 0.000062 0.000061 0.000057 0.000055 0.000054 
364.111191 364.240335 365.347629 367.622081 369.475109 368.812295 366.468517 366.478315 368.343898 369.208571 368.325567 367.377378 366.553505 365.981704 365.744393 365.231313 364.144389 362.847315 361.914573 361.855898 362.587959 363.007831 362.471061 361.470111 361.010809 361.128504 361.421707 361.520482 361.699401 362.355210 
0.000683 0.001861 0.001437 0.001109 0.001028 0.000632 0.000280 0.000168 0.000148 0.000126 0.000094 0.000073 0.000063 0.000056 0.000050 0.000042 0.000031 0.000022 0.000018 0.000017 0.000017 0.000016 0.000014 0.000012 0.000010 0.000008 0.000009 0.000010 0.000011 0.000014 
400.134914 398.636082 398.999261 400.085736 400.059572 399.643978 400.219329 402.715349 401.660842 401.019829 400.943379 400.935369 400.920237 401.000018 401.037000 400.982456 400.883591 400.772411 400.895654 401.177180 401.284156 401.299483 401.301231 401.328765 401.251304 400.721561 400.150123 399.151489 397.990598 399.095799 
0.002397 0.018638 0.013475 0.009742 0.007044 0.005931 0.004190 0.002529 0.001354 0.000629 0.000259 0.000148 0.000126 0.000129 0.000126 0.000099 0.000064 0.000040 0.000034 0.000039 0.000042 0.000038 0.000031 0.000022 0.000015 0.000015 0.000020 0.000022 0.000022 0.000026 
452.670136 454.098987 454.423611 453.228843 451.475217 450.190281 449.460182 448.847530 447.945900 447.290220 450.223124 454.095751 454.978007 453.318953 451.057875 451.122244 453.632728 456.464599 454.190681 450.998717 450.476586 450.554524 451.028481 453.535781 456.727667 456.243605 455.018669 452.842472 452.785563 456.274234 
0.001905 0.003756 0.002812 0.002199 0.001277 0.000650 0.000383 0.000257 0.000167 0.000112 0.000082 0.000066 0.000063 0.000066 0.000066 0.000059 0.000044 0.000027 0.000019 0.000020 0.000024 0.000028 0.000029 0.000028 0.000024 0.000021 0.000019 0.000018 0.000018 0.000020 
484.916045 484.871744 484.731791 484.586458 484.533464 485.264928 486.166485 486.359470 485.110724 484.293632 484.514875 483.989630 482.693881 481.967436 481.903305 482.099887 482.391485 483.109716 484.196320 484.182513 482.761629 482.359307 482.378483 482.251007 481.606841 480.865256 481.205723 481.561848 481.241998 481.809143 
0.000959 0.002387 0.001775 0.001392 0.000730 0.000314 0.000197 0.000163 0.000130 0.000093 0.000065 0.000049 0.000040 0.000036 0.000032 0.000027 0.000020 0.000015 0.000013 0.000012 0.000012 0.000013 0.000012 0.000011 0.000010 0.000009 0.000010 0.000012 0.000013 0.000013 
498.750299 499.580531 500.112947 500.788027 502.301237 502.116850 499.776947 498.648435 499.725043 500.165772 500.315778 500.542075 500.614037 500.603346 500.545170 500.331732 500.028786 499.940099 500.346929 500.783716 500.700176 500.273197 499.879492 499.304926 498.459330 497.884833 498.425615 499.142415 499.010047 498.413411 
0.000961 0.001644 0.001255 0.001085 0.000790 0.000432 0.000186 0.000139 0.000119 0.000094 0.000072 0.000057 0.000050 0.000044 0.000038 0.000031 0.000023 0.000017 0.000013 0.000013 0.000013 0.000013 0.000012 0.000009 0.000007 0.000007 0.000007 0.000008 0.000008 0.000009 
516.351818 513.935465 512.372183 512.295001 513.775549 515.123706 514.876089 514.675802 514.652749 514.566711 514.559942 514.575925 514.601459 514.407241 514.162317 514.096872 514.235096 514.694119 515.121120 514.686336 514.306309 514.435026 514.705154 514.870439 515.535315 516.564370 515.130738 512.881169 513.942319 517.175071 
0.004788 0.005689 0.005166 0.003633 0.001998 0.000965 0.000473 0.000270 0.000168 0.000130 0.000104 0.000082 0.000066 0.000058 0.000053 0.000046 0.000037 0.000027 0.000021 0.000019 0.000019 0.000019 0.000019 0.000018 0.000015 0.000013 0.000013 0.000014 0.000015 0.000015 
545.068157 545.352196 545.654040 546.023869 546.437073 547.128664 547.895344 545.057198 540.901640 539.565905 540.017312 539.670803 538.179792 537.728754 538.573346 539.757494 540.834965 541.123806 540.212153 539.811516 540.308719 540.966199 541.841630 542.325939 542.261980 542.196838 542.321913 541.436686 538.838214 535.875417 
0.018198 0.023220 0.022727 0.017844 0.011625 0.006409 0.003012 0.001368 0.000649 0.000334 0.000176 0.000110 0.000083 0.000070 0.000059 0.000052 0.000051 0.000055 0.000057 0.000053 0.000047 0.000039 0.000032 0.000029 0.000030 0.000031 0.000030 0.000030 0.000032 0.000036 
588.645787 588.310728 587.739081 587.393808 587.842327 589.036314 589.908990 590.295769 590.169345 588.818471 588.349232 589.674831 589.025029 587.373181 585.789168 586.108262 589.618970 593.220521 595.270894 596.138650 595.999117 595.664767 596.018447 596.910102 597.122389 597.068701 597.637280 597.936771 597.025582 594.362159 
0.026136 0.061512 0.040850 0.033957 0.021788 0.010749 0.004128 0.001404 0.000531 0.000264 0.000163 0.000132 0.000110 0.000086 0.000069 0.000062 0.000062 0.000058 0.000049 0.000038 0.000031 0.000027 0.000028 0.000030 0.000031 0.000028 0.000022 0.000016 0.000014 0.000014 
626.681089 626.942294 627.256955 627.647457 628.194180 629.074152 630.660150 632.519960 633.059957 632.102076 631.081916 630.885496 631.339685 631.438815 631.866655 632.539067 631.988532 631.010272 630.224918 628.811553 628.312209 629.577959 630.536557 629.831445 629.187078 628.391370 626.934284 625.486433 624.717753 625.921341 
0.001629 0.001994 0.001820 0.001279 0.000717 0.000398 0.000234 0.000150 0.000099 0.000075 0.000059 0.000046 0.000038 0.000034 0.000032 0.000027 0.000021 0.000016 0.000013 0.000012 0.000012 0.000012 0.000011 0.000010 0.000009 0.000008 0.000008 0.000008 0.000009 0.000009 
685.084942 685.937459 686.415102 685.751693 682.728955 680.435059 680.574066 682.933270 683.047111 683.010013 683.039951 683.036211 683.262864 683.373529 683.164726 682.796247 682.393115 682.156489 682.212748 682.401914 682.549163 682.555081 682.228756 681.328761 679.775898 678.349410 678.227181 679.245649 681.004208 682.748179 
0.002126 0.002694 0.002439 0.001556 0.000670 0.000241 0.000131 0.000091 0.000077 0.000064 0.000054 0.000045 0.000040 0.000035 0.000032 0.000029 0.000025 0.000022 0.000020 0.000022 0.000025 0.000027 0.000028 0.000027 0.000027 0.000027 0.000028 0.000028 0.000027 0.000025 
715.004713 715.143065 715.500973 716.324914 718.005953 717.022034 712.909250 713.805744 714.086613 714.187534 715.123751 716.035564 716.211965 716.127554 716.152249 716.317521 716.930654 718.123200 719.247236 719.149420 718.590187 718.380359 718.553085 719.043715 719.424920 719.436332 719.357184 719.019266 718.337417 717.749107 
0.001906 0.003344 0.002440 0.002301 0.001852 0.001197 0.000642 0.000319 0.000150 0.000082 0.000061 0.000048 0.000041 0.000037 0.000032 0.000026 0.000020 0.000016 0.000014 0.000014 0.000014 0.000013 0.000013 0.000011 0.000009 0.000009 0.000010 0.000011 0.000011 0.000011 
755.177444 756.609662 758.089575 759.079114 759.285713 759.326867 759.241827 759.178507 757.918476 755.923958 756.345675 756.821226 756.811231 756.054878 755.646670 755.590760 755.361941 755.575581 758.006579 759.640394 758.906674 757.736807 757.126368 756.114443 755.537982 756.195603 756.027388 755.714948 755.171738 754.128304 
0.002600 0.004633 0.003330 0.003096 0.002498 0.001615 0.000750 0.000244 0.000106 0.000081 0.000062 0.000047 0.000040 0.000037 0.000034 0.000029 0.000023 0.000017 0.000015 0.000014 0.000014 0.000014 0.000014 0.000014 0.000013 0.000011 0.000010 0.000010 0.000011 0.000012 
805.637942 804.337154 801.958421 799.729546 798.265871 797.684186 796.761478 797.064984 802.283314 802.200783 801.832636 801.752041 801.992212 801.511584 800.856051 800.532722 800.422084 800.218574 799.271117 798.767232 799.548150 799.325539 797.473200 796.705073 797.610267 798.832547 799.690078 798.935232 797.709013 798.693290 
0.001995 0.003551 0.002679 0.002068 0.001236 0.000565 0.000213 0.000109 0.000087 0.000073 0.000060 0.000055 0.000054 0.000049 0.000042 0.000036 0.000032 0.000029 0.000030 0.000033 0.000033 0.000032 0.000030 0.000028 0.000027 0.000026 0.000027 0.000028 0.000028 0.000025 
832.203626 832.676354 833.009665 833.175620 833.164583 833.117902 832.454696 831.634574 833.484082 834.873993 836.007460 836.774248 836.966619 837.355611 838.071506 838.474704 838.705278 839.213896 839.443586 839.538403 839.671903 839.760253 839.829634 839.834182 839.960847 840.426132 840.620391 840.376572 840.098385 839.730509 
0.001139 0.001373 0.001256 0.000911 0.000560 0.000318 0.000185 0.000124 0.000098 0.000079 0.000060 0.000047 0.000039 0.000036 0.000033 0.000028 0.000022 0.000017 0.000014 0.000014 0.000015 0.000014 0.000013 0.000013 0.000013 0.000012 0.000010 0.000010 0.000009 0.000009 
872.144835 872.381666 874.021052 876.808284 879.310279 880.024387 879.217194 876.651372 875.159846 874.667432 874.192891 873.664884 873.274655 873.204846 873.013408 872.592559 872.472997 872.431063 871.121533 869.541895 869.636250 870.991331 871.194721 869.512195 869.074280 870.016184 869.183711 867.226547 868.576100 873.553174 
0.001836 0.003381 0.002484 0.001964 0.001147 0.000472 0.000192 0.000129 0.000107 0.000087 0.000069 0.000055 0.000046 0.000042 0.000037 0.000031 0.000024 0.000018 0.000015 0.000016 0.000017 0.000019 0.000019 0.000018 0.000015 0.000014 0.000015 0.000015 0.000014 0.000013 
922.107938 923.606297 925.508079 927.282444 928.643116 928.535167 925.035622 922.227804 920.451146 919.476352 919.018650 919.136958 919.684175 920.067381 920.232259 920.350978 920.316226 919.780260 918.910509 918.514630 918.056843 917.283961 916.415581 915.098338 913.193919 911.471451 910.295609 909.977300 911.619424 916.412051 
0.000473 0.001100 0.000840 0.000741 0.000459 0.000187 0.000059 0.000044 0.000043 0.000036 0.000028 0.000023 0.000020 0.000018 0.000016 0.000014 0.000012 0.000011 0.000010 0.000007 0.000005 0.000006 0.000008 0.000008 0.000007 0.000006 0.000005 0.000006 0.000008 0.000009 
953.899289 953.232749 952.257485 951.544795 951.009416 950.694671 951.391989 951.198430 951.618897 951.944771 952.278449 952.569208 952.706522 952.775119 952.705566 952.902656 953.428168 953.476129 953.281133 952.708225 950.766517 950.988247 952.659716 953.734210 954.587374 954.860692 954.936624 955.118472 954.615740 953.640222 
0.000817 0.001709 0.001258 0.000958 0.000525 0.000221 0.000102 0.000061 0.000046 0.000037 0.000029 0.000022 0.000019 0.000017 0.000016 0.000015 0.000012 0.000009 0.000008 0.000008 0.000009 0.000008 0.000006 0.000006 0.000008 0.000006 0.000003 0.000004 0.000006 0.000006 
972.606831 972.914108 973.133374 973.310202 973.386756 972.915741 972.039701 972.543995 973.009290 973.208000 973.424611 973.544170 973.618188 973.806837 973.862735 973.785460 973.748814 974.011635 974.614160 974.360683 973.521472 973.893737 975.432328 974.162897 972.501688 972.461593 974.767519 974.487066 972.646635 972.055966 
0.001450 0.002845 0.002069 0.001573 0.000836 0.000286 0.000121 0.000098 0.000083 0.000067 0.000052 0.000040 0.000034 0.000031 0.000028 0.000023 0.000017 0.000013 0.000010 0.000010 0.000010 0.000009 0.000009 0.000009 0.000008 0.000007 0.000006 0.000006 0.000006 0.000007 
997.630371 994.534456 992.969905 992.484775 992.925541 995.911020 999.932155 999.019941 998.189836 997.766578 997.830102 997.841231 997.608758 997.623780 997.830323 998.055824 997.938081 997.264179 996.232078 995.538496 995.900739 995.807860 993.805843 992.476092 994.972379 1000.500824 1004.357911 1001.682467 997.622442 996.754849 
0.004620 0.005682 0.005166 0.003449 0.001621 0.000522 0.000189 0.000127 0.000105 0.000088 0.000069 0.000054 0.000048 0.000045 0.000041 0.000035 0.000029 0.000026 0.000026 0.000026 0.000026 0.000026 0.000025 0.000024 0.000023 0.000023 0.000021 0.000020 0.000018 0.000018 
1050.605407 1050.539735 1050.105203 1049.472145 1048.481266 1048.159672 1046.890702 1046.894274 1046.639022 1048.136857 1050.698593 1053.397229 1055.044358 1055.814888 1056.313490 1057.371751 1060.632087 1065.234307 1067.374448 1066.892570 1066.006387 1066.087228 1067.536223 1069.896790 1071.619724 1071.205636 1069.711376 1068.957921 1068.752452 1067.865964 
0.001342 0.001582 0.001376 0.000921 0.000501 0.000270 0.000142 0.000092 0.000069 0.000054 0.000041 0.000033 0.000029 0.000027 0.000025 0.000021 0.000017 0.000015 0.000015 0.000015 0.000014 0.000015 0.000016 0.000016 0.000013 0.000010 0.000011 0.000014 0.000014 0.000012 
1096.844781 1097.929759 1098.685694 1097.885100 1094.579174 1093.184300 1095.715289 1096.399523 1094.538094 1094.446009 1094.943109 1095.097364 1094.647704 1094.010312 1093.544048 1093.447118 1093.675968 1093.181337 1092.114367 1091.907329 1091.802691 1090.261230 1088.896952 1088.903449 1090.049996 1092.134997 1092.958103 1091.729006 1090.917366 1091.110243 
0.001356 0.001528 0.001272 0.000808 0.000438 0.000238 0.000122 0.000070 0.000056 0.000047 0.000037 0.000029 0.000025 0.000023 0.000020 0.000016 0.000012 0.000010 0.000009 0.000009 0.000008 0.000007 0.000007 0.000006 0.000005 0.000005 0.000005 0.000006 0.000005 0.000005 
1131.621279 1131.109714 1131.198835 1132.971272 1137.195617 1139.077859 1137.696236 1135.315606 1133.454858 1133.171483 1133.122350 1133.054837 1132.962491 1132.912410 1132.856906 1132.879360 1133.068482 1132.982275 1132.671676 1133.383501 1134.641340 1135.172550 1134.960089 1134.199783 1133.134078 1133.293566 1133.484402 1132.530790 1131.548080 1130.302498 
0.001261 0.001302 0.000998 0.000620 0.000404 0.000239 0.000115 0.000070 0.000058 0.000048 0.000038 0.000029 0.000024 0.000022 0.000020 0.000017 0.000014 0.000012 0.000012 0.000011 0.000011 0.000010 0.000009 0.000009 0.000009 0.000009 0.000008 0.000008 0.000008 0.000007 
1160.430415 1161.220842 1161.233534 1158.986482 1156.438224 1156.182663 1159.524284 1159.852874 1158.996884 1159.069310 1159.141383 1159.304825 1159.336997 1159.051224 1158.841268 1158.826010 1159.090110 1159.608478 1159.044441 1157.036369 1155.462698 1155.075161 1155.019602 1155.595482 1156.940248 1157.312061 1156.875879 1156.957460 1157.370300 1158.061427 
0.001012 0.001205 0.001141 0.000883 0.000551 0.000275 0.000126 0.000078 0.000061 0.000050 0.000039 0.000031 0.000027 0.000025 0.000023 0.000021 0.000017 0.000013 0.000012 0.000012 0.000014 0.000014 0.000014 0.000013 0.000012 0.000011 0.000012 0.000012 0.000012 0.000012 
1182.701555 1183.199802 1184.877683 1187.577938 1190.120255 1192.045636 1192.808636 1190.538122 1189.743421 1189.534814 1189.604034 1190.037011 1190.491819 1190.686489 1190.774700 1190.942480 1191.503422 1193.078949 1195.235586 1196.281739 1196.381437 1196.402634 1196.369787 1196.405164 1196.866088 1197.400824 1197.649283 1198.035952 1197.890964 1196.956193 
0.000383 0.000444 0.000426 0.000300 0.000138 0.000064 0.000057 0.000040 0.000036 0.000030 0.000023 0.000018 0.000016 0.000016 0.000015 0.000013 0.000012 0.000013 0.000013 0.000013 0.000012 0.000009 0.000008 0.000008 0.000009 0.000010 0.000010 0.000010 0.000010 0.000011 
1209.136623 1209.084603 1208.150473 1206.657549 1204.112675 1204.168010 1207.966106 1208.744620 1207.183419 1206.437988 1206.179933 1205.944442 1205.715833 1205.638093 1205.288507 1204.731638 1204.819000 1205.371400 1205.624113 1205.571263 1205.307623 1204.929134 1204.722144 1205.019420 1205.588167 1205.807507 1205.589914 1205.310585 1205.528395 1205.950346 
0.000876 0.001720 0.001289 0.001083 0.000744 0.000417 0.000225 0.000126 0.000082 0.000059 0.000044 0.000034 0.000029 0.000026 0.000023 0.000020 0.000016 0.000013 0.000012 0.000013 0.000013 0.000012 0.000011 0.000010 0.000009 0.000009 0.000009 0.000009 0.000009 0.000008 
1238.322137 1240.998469 1244.247051 1247.259332 1247.766418 1245.702460 1244.209203 1246.374270 1246.451452 1246.673189 1246.915964 1246.976980 1247.496123 1247.441377 1246.711305 1246.369665 1247.395781 1250.055988 1251.378265 1250.247715 1250.043530 1251.925873 1254.649125 1255.808482 1255.565300 1255.530654 1256.428936 1257.048328 1255.747526 1252.452025 
0.001566 0.002012 0.001925 0.001371 0.000701 0.000246 0.000095 0.000068 0.000060 0.000048 0.000037 0.000029 0.000025 0.000024 0.000023 0.000020 0.000017 0.000015 0.000012 0.000010 0.000010 0.000012 0.000014 0.000013 0.000011 0.000009 0.000008 0.000009 0.000008 0.000008 
1291.342675 1291.010523 1289.946760 1287.778661 1283.976600 1278.788341 1282.854237 1283.067600 1283.072060 1282.798276 1282.155208 1281.705381 1281.407140 1280.973866 1280.340286 1279.724957 1279.379207 1279.508800 1279.843135 1279.612404 1278.883567 1277.805466 1276.803372 1276.443866 1277.524908 1278.511358 1278.131326 1276.719868 1277.598543 1280.193089 
0.001616 0.002144 0.002074 0.001479 0.000773 0.000315 0.000131 0.000067 0.000048 0.000037 0.000029 0.000023 0.000022 0.000020 0.000018 0.000016 0.000014 0.000012 0.000009 0.000009 0.000011 0.000011 0.000010 0.000011 0.000011 0.000010 0.000009 0.000007 0.000009 0.000012 
1330.888356 1330.887339 1330.931006 1331.094203 1331.517848 1332.013345 1330.813454 1330.103453 1332.049774 1333.421288 1333.881919 1333.250966 1332.478467 1332.518728 1332.686729 1331.950812 1330.615903 1329.568230 1329.154043 1329.716518 1329.974347 1329.577560 1328.798760 1328.233117 1327.645951 1326.810883 1326.469512 1328.315377 1331.098478 1331.679974 
0.000730 0.000875 0.000783 0.000524 0.000266 0.000133 0.000094 0.000079 0.000069 0.000058 0.000046 0.000036 0.000030 0.000028 0.000026 0.000023 0.000019 0.000015 0.000013 0.000013 0.000012 0.000011 0.000011 0.000011 0.000011 0.000010 0.000011 0.000011 0.000012 0.000010 
1393.270693 1396.212365 1399.624258 1403.166082 1405.456469 1402.998579 1400.546536 1398.706689 1397.387356 1396.771662 1396.343543 1396.211091 1396.246327 1396.096303 1396.152689 1396.380598 1395.936261 1394.323651 1392.442970 1391.469929 1391.825660 1392.454607 1390.992890 1388.252480 1387.549411 1389.240284 1390.703007 1390.858844 1389.487540 1389.390907 
0.000164 0.000273 0.000225 0.000184 0.000121 0.000067 0.000040 0.000033 0.000030 0.000026 0.000021 0.000016 0.000014 0.000013 0.000012 0.000011 0.000011 0.000011 0.000010 0.000010 0.000010 0.000009 0.000009 0.000009 0.000010 0.000011 0.000013 0.000013 0.000013 0.000011 
1436.421071 1435.977760 1435.690689 1435.667709 1436.018900 1436.761222 1437.240283 1436.831381 1436.563035 1436.694506 1437.050795 1437.330562 1437.392529 1437.604085 1437.993602 1438.020379 1437.860975 1438.077837 1438.315959 1438.282542 1438.485607 1438.914581 1438.934785 1438.938823 1439.102607 1438.786296 1438.046566 1437.744022 1437.755303 1437.625268 
0.000420 0.000478 0.000413 0.000272 0.000142 0.000078 0.000060 0.000054 0.000049 0.000041 0.000032 0.000025 0.000020 0.000018 0.000016 0.000014 0.000010 0.000008 0.000007 0.000007 0.000007 0.000006 0.000005 0.000005 0.000004 0.000005 0.000005 0.000005 0.000005 0.000005 
1474.493001 1474.882979 1475.243379 1475.287311 1474.684425 1474.450328 1474.717520 1474.538749 1474.783719 1474.980533 1475.048002 1475.000965 1474.915795 1474.917152 1474.974789 1474.890578 1474.631300 1474.951141 1476.264055 1476.285310 1474.746829 1473.457394 1473.525050 1474.957885 1476.396617 1475.496818 1473.750578 1472.773916 1473.313025 1475.177325 
0.000488 0.000554 0.000521 0.000405 0.000251 0.000123 0.000066 0.000054 0.000048 0.000041 0.000032 0.000025 0.000021 0.000019 0.000018 0.000016 0.000014 0.000013 0.000012 0.000013 0.000014 0.000013 0.000011 0.000009 0.000008 0.000008 0.000008 0.000009 0.000009 0.000008 
1517.180920 1515.331371 1513.304753 1511.856375 1510.949895 1509.492459 1510.441351 1513.443889 1514.061299 1514.084084 1513.892577 1513.444151 1512.950510 1512.910882 1512.822196 1511.923375 1509.991386 1507.770920 1506.581782 1506.864933 1507.835993 1508.467817 1508.642413 1509.585484 1511.570652 1511.347642 1509.414642 1509.296433 1510.361361 1511.908080 
0.001713 0.001893 0.001569 0.000984 0.000479 0.000213 0.000104 0.000073 0.000065 0.000055 0.000044 0.000035 0.000030 0.000029 0.000027 0.000023 0.000020 0.000018 0.000017 0.000016 0.000015 0.000016 0.000017 0.000017 0.000015 0.000014 0.000014 0.000014 0.000015 0.000014 
1564.197529 1564.416212 1564.993036 1566.550957 1569.610507 1572.650546 1568.681953 1561.577817 1560.919043 1561.371602 1561.779025 1561.847223 1561.428769 1561.233548 1561.538328 1561.770653 1561.579822 1562.071028 1563.078242 1563.908023 1563.482588 1562.714311 1562.584931 1561.838630 1560.800220 1561.298115 1561.866611 1561.586961 1562.286293 1563.713859 
0.001673 0.001784 0.001418 0.000843 0.000380 0.000162 0.000092 0.000068 0.000060 0.000052 0.000041 0.000031 0.000026 0.000024 0.000023 0.000020 0.000015 0.000011 0.000009 0.000009 0.000009 0.000009 0.000009 0.000009 0.000009 0.000008 0.000008 0.000007 0.000007 0.000006 
1626.451577 1627.260224 1628.029645 1628.643753 1628.469495 1622.155178 1617.738082 1620.576056 1621.246898 1621.513780 1621.709659 1622.188563 1622.773384 1622.368164 1621.162402 1620.067756 1620.100726 1622.134475 1624.737377 1624.676477 1622.856411 1620.976007 1619.207716 1616.356357 1614.121668 1615.274035 1618.304841 1620.896827 1623.715575 1627.112273 
0.000627 0.000607 0.000460 0.000313 0.000208 0.000115 0.000054 0.000039 0.000035 0.000030 0.000023 0.000018 0.000016 0.000016 0.000015 0.000011 0.000008 0.000007 0.000006 0.000007 0.000007 0.000008 0.000008 0.000008 0.000007 0.000005 0.000003 0.000004 0.000007 0.000009 
1666.426808 1665.826504 1665.182992 1665.258990 1666.069218 1666.679389 1667.222106 1668.038740 1667.720017 1667.927166 1668.242504 1668.072763 1668.258498 1669.211040 1670.008318 1670.315093 1670.341301 1670.946101 1672.308347 1673.068506 1673.018514 1672.831304 1672.957782 1673.082793 1672.440087 1670.002582 1664.368914 1666.521974 1670.144217 1670.744114 
0.000751 0.000754 0.000570 0.000389 0.000266 0.000169 0.000082 0.000046 0.000038 0.000032 0.000025 0.000020 0.000017 0.000016 0.000014 0.000012 0.000009 0.000008 0.000008 0.000007 0.000007 0.000007 0.000006 0.000005 0.000004 0.000004 0.000004 0.000004 0.000004 0.000004 
1716.473555 1716.707110 1716.904894 1717.635770 1718.751505 1719.629759 1718.121584 1715.066235 1715.521527 1715.370419 1715.228546 1715.021071 1714.615835 1714.455846 1714.624666 1715.007818 1715.595706 1715.919862 1716.127930 1716.668223 1717.285291 1717.794925 1717.931154 1717.786127 1717.186498 1715.235153 1713.853455 1714.101235 1715.034705 1716.017224 
0.000567 0.001000 0.000756 0.000734 0.000572 0.000337 0.000140 0.000054 0.000040 0.000033 0.000026 0.000020 0.000017 0.000016 0.000015 0.000013 0.000011 0.000009 0.000008 0.000009 0.000008 0.000008 0.000007 0.000006 0.000006 0.000006 0.000007 0.000008 0.000008 0.000007 
1737.534859 1739.223058 1742.823106 1745.007925 1745.589321 1745.295168 1745.628850 1746.034098 1743.540088 1742.825169 1742.448835 1742.244621 1742.073209 1742.070427 1742.653535 1743.256339 1743.142676 1742.436476 1742.179401 1742.850589 1743.290435 1742.590761 1741.790098 1742.669223 1744.555689 1744.659381 1744.928091 1745.640899 1745.410741 1744.065954 
0.000447 0.000559 0.000555 0.000437 0.000267 0.000128 0.000058 0.000041 0.000037 0.000032 0.000026 0.000020 0.000017 0.000015 0.000014 0.000011 0.000009 0.000008 0.000007 0.000008 0.000008 0.000008 0.000007 0.000006 0.000006 0.000005 0.000004 0.000004 0.000005 0.000005 
1769.410424 1768.282904 1766.194534 1763.718619 1761.601787 1761.193924 1765.435452 1769.723676 1769.627897 1769.420424 1769.283973 1768.669237 1767.875225 1767.676249 1767.973997 1768.265358 1767.546375 1765.150832 1763.972927 1766.669781 1770.868998 1773.891756 1774.877757 1773.290054 1770.716440 1770.343313 1770.971926 1768.147097 1766.734990 1767.143357 
0.000287 0.000364 0.000343 0.000240 0.000132 0.000068 0.000043 0.000034 0.000032 0.000030 0.000026 0.000023 0.000021 0.000019 0.000018 0.000015 0.000012 0.000009 0.000008 0.000008 0.000008 0.000009 0.000009 0.000009 0.000009 0.000010 0.000012 0.000013 0.000014 0.000013 
1807.653333 1806.221922 1804.658132 1802.799239 1801.426225 1802.396434 1804.470644 1803.559149 1803.367293 1803.227899 1802.522226 1801.603862 1801.292994 1801.860509 1802.812483 1803.572354 1803.362755 1801.590729 1800.255336 1800.803135 1801.708534 1802.221561 1803.590333 1804.787278 1803.800317 1801.051342 1800.127770 1800.382888 1801.388473 1802.329262 
0.001014 0.001052 0.000788 0.000418 0.000162 0.000069 0.000051 0.000047 0.000043 0.000037 0.000029 0.000022 0.000018 0.000017 0.000016 0.000014 0.000011 0.000010 0.000009 0.000009 0.000010 0.000010 0.000009 0.000007 0.000005 0.000005 0.000005 0.000005 0.000006 0.000007 
1848.240546 1847.824987 1847.879324 1849.199217 1852.328078 1851.906491 1849.575712 1849.939071 1850.281656 1850.481473 1850.408452 1850.361063 1850.546338 1850.427226 1850.305458 1850.973485 1852.616325 1854.350299 1853.832860 1851.608927 1850.554788 1851.142555 1852.506483 1853.479835 1851.907294 1851.190093 1853.534012 1856.348518 1856.744637 1856.556551 
0.001049 0.001058 0.000789 0.000451 0.000234 0.000126 0.000074 0.000058 0.000052 0.000045 0.000036 0.000029 0.000025 0.000024 0.000022 0.000019 0.000016 0.000014 0.000012 0.000011 0.000009 0.000009 0.000010 0.000010 0.000011 0.000012 0.000012 0.000011 0.000011 0.000011 
1899.584772 1900.876396 1903.066750 1905.800908 1908.452496 1907.452817 1902.919892 1899.733869 1899.619134 1900.109428 1900.789321 1900.831081 1899.647015 1898.518876 1898.412710 1900.782376 1906.078126 1910.054422 1909.324330 1906.060532 1901.482512 1898.162548 1898.954177 1902.386289 1903.997148 1902.863347 1901.528893 1902.874540 1906.530851 1906.872945 
0.000467 0.000457 0.000335 0.000201 0.000110 0.000059 0.000041 0.000038 0.000033 0.000028 0.000022 0.000017 0.000014 0.000013 0.000012 0.000010 0.000008 0.000006 0.000006 0.000006 0.000006 0.000005 0.000004 0.000004 0.000005 0.000005 0.000004 0.000004 0.000004 0.000004 
1967.865001 1967.584231 1966.726437 1965.957008 1966.668572 1968.429056 1966.219800 1966.159060 1966.539296 1966.764808 1966.965963 1966.918674 1966.943740 1967.407856 1967.787050 1967.600235 1966.705382 1965.909355 1966.746642 1968.170863 1968.717653 1968.091015 1967.052214 1968.374245 1970.435490 1969.414914 1966.751301 1966.797062 1969.007255 1970.070872 
0.000515 0.000542 0.000431 0.000272 0.000150 0.000077 0.000039 0.000028 0.000026 0.000022 0.000018 0.000014 0.000012 0.000011 0.000010 0.000008 0.000006 0.000004 0.000004 0.000004 0.000004 0.000005 0.000006 0.000007 0.000006 0.000004 0.000003 0.000003 0.000005 0.000005 
1993.524212 1993.516743 1993.377314 1992.970436 1992.371348 1992.145024 1992.653578 1993.297918 1993.398576 1993.622964 1993.741908 1993.532318 1993.353869 1993.585211 1993.936428 1994.129559 1993.935194 1993.009343 1992.920070 1994.396110 1995.213892 1993.996608 1992.988381 1992.578382 1992.339359 1992.696776 1994.462993 1994.133154 1993.554827 1993.856291 
0.000774 0.000852 0.000696 0.000429 0.000212 0.000100 0.000056 0.000046 0.000041 0.000035 0.000029 0.000024 0.000021 0.000020 0.000019 0.000017 0.000014 0.000013 0.000012 0.000010 0.000009 0.000008 0.000009 0.000010 0.000012 0.000012 0.000012 0.000010 0.000009 0.000008 
2020.758924 2022.202374 2023.907144 2025.476720 2026.476448 2026.886375 2026.658602 2024.500659 2024.929751 2025.583894 2026.569688 2027.774098 2028.334226 2028.527778 2029.318383 2030.892208 2033.080296 2034.691603 2034.349246 2032.674489 2031.301390 2031.682207 2033.706238 2035.330696 2036.093874 2036.779779 2037.316427 2036.987348 2034.978587 2031.121098 
0.000985 0.001075 0.000859 0.000497 0.000206 0.000075 0.000046 0.000042 0.000039 0.000033 0.000026 0.000020 0.000017 0.000016 0.000014 0.000012 0.000010 0.000009 0.000009 0.000009 0.000009 0.000009 0.000008 0.000007 0.000007 0.000006 0.000006 0.000006 0.000005 0.000005 
2093.345227 2092.959474 2092.374373 2091.205755 2088.178113 2083.314540 2086.589591 2087.853046 2088.045339 2088.108795 2087.986586 2087.848568 2088.207916 2088.995992 2089.234704 2088.230820 2085.637824 2083.667147 2085.779474 2090.157758 2092.709996 2093.168890 2093.414640 2094.121523 2094.203501 2092.770868 2091.108874 2089.170893 2086.996907 2087.000500 
0.000920 0.000934 0.000689 0.000367 0.000151 0.000067 0.000043 0.000037 0.000033 0.000028 0.000022 0.000018 0.000015 0.000013 0.000012 0.000010 0.000008 0.000007 0.000006 0.000006 0.000007 0.000008 0.000008 0.000007 0.000006 0.000006 0.000006 0.000004 0.000004 0.000005 
2139.204430 2138.524897 2137.636723 2136.741497 2137.696029 2141.104407 2140.630317 2140.595177 2141.195377 2141.550100 2141.902053 2142.252061 2142.287097 2141.669979 2140.957891 2140.873722 2142.039892 2144.316260 2144.712539 2143.602083 2144.785829 2146.729526 2147.856146 2146.946172 2142.938678 2138.122017 2136.502847 2136.870511 2144.142683 2148.118997 
0.001000 0.000994 0.000711 0.000362 0.000153 0.000085 0.000061 0.000053 0.000048 0.000041 0.000033 0.000025 0.000022 0.000021 0.000019 0.000017 0.000014 0.000012 0.000012 0.000014 0.000014 0.000013 0.000012 0.000011 0.000010 0.000010 0.000010 0.000011 0.000011 0.000009 
2188.120255 2188.539322 2189.327021 2191.205474 2195.558843 2196.975965 2194.565849 2193.551749 2193.522550 2193.299888 2192.696927 2191.567119 2190.712419 2190.934566 2191.200999 2191.065539 2191.562200 2193.552558 2194.202666 2193.093490 2191.924280 2189.874884 2188.022619 2188.267173 2189.183366 2189.507332 2189.844631 2189.295040 2186.795613 2184.340978 
0.000350 0.000335 0.000233 0.000123 0.000066 0.000045 0.000034 0.000029 0.000026 0.000022 0.000017 0.000014 0.000012 0.000011 0.000009 0.000008 0.000007 0.000006 0.000005 0.000005 0.000005 0.000004 0.000004 0.000003 0.000003 0.000005 0.000006 0.000007 0.000006 0.000005 
2244.391689 2244.388214 2243.806478 2242.077319 2241.950971 2244.521125 2244.203472 2243.513112 2243.744305 2244.028305 2244.097313 2244.024390 2244.055223 2244.282331 2244.625416 2244.593752 2243.579463 2241.843834 2240.827832 2241.422479 2242.181636 2242.416180 2242.651655 2244.037967 2246.146698 2246.664637 2245.929659 2244.441682 2242.350120 2240.473953 
0.000598 0.000624 0.000476 0.000269 0.000132 0.000076 0.000050 0.000042 0.000037 0.000031 0.000025 0.000019 0.000016 0.000015 0.000014 0.000013 0.000013 0.000012 0.000010 0.000009 0.000009 0.000009 0.000009 0.000009 0.000009 0.000008 0.000008 0.000008 0.000008 0.000007 
2286.183332 2286.815119 2287.603207 2288.361789 2288.557428 2288.382580 2288.177652 2287.122036 2286.922426 2286.701246 2286.423610 2286.378359 2286.697991 2286.618970 2285.996562 2285.353714 2285.054879 2285.356005 2286.012682 2286.518297 2287.253533 2287.547977 2285.545424 2282.476159 2281.370229 2283.089369 2285.768762 2287.334178 2287.016109 2286.754773 
0.001125 0.001282 0.001067 0.000639 0.000265 0.000092 0.000058 0.000052 0.000047 0.000039 0.000031 0.000024 0.000021 0.000020 0.000019 0.000016 0.000013 0.000010 0.000009 0.000009 0.000009 0.000009 0.000010 0.000010 0.000010 0.000009 0.000009 0.000009 0.000009 0.000009 
2372.479097 2371.187904 2369.836926 2368.368899 2366.830856 2367.328655 2370.854910 2371.239088 2370.773056 2370.272615 2370.057882 2370.312992 2370.332228 2369.445958 2368.357282 2368.296672 2370.420537 2373.337810 2374.529278 2374.848841 2374.369997 2372.641188 2369.110194 2366.028906 2364.789916 2364.038949 2364.114470 2366.476519 2367.447623 2366.584302 
0.000315 0.000375 0.000328 0.000210 0.000099 0.000045 0.000033 0.000030 0.000027 0.000023 0.000018 0.000014 0.000012 0.000011 0.000010 0.000008 0.000007 0.000006 0.000006 0.000007 0.000008 0.000007 0.000006 0.000005 0.000005 0.000004 0.000005 0.000005 0.000006 0.000005 
2427.917408 2429.228974 2430.385340 2431.399690 2431.946747 2430.671732 2429.372996 2429.331576 2429.442233 2429.559216 2429.541074 2429.237993 2428.930758 2428.866898 2428.825913 2428.695927 2428.205524 2426.763275 2425.253349 2425.093580 2426.127602 2428.374245 2430.002172 2429.264663 2428.170058 2429.049115 2429.802293 2429.169791 2428.763064 2429.326459 
0.000564 0.000607 0.000469 0.000252 0.000095 0.000052 0.000046 0.000042 0.000038 0.000033 0.000026 0.000020 0.000017 0.000016 0.000014 0.000012 0.000010 0.000009 0.000008 0.000008 0.000007 0.000007 0.000007 0.000007 0.000007 0.000007 0.000006 0.000006 0.000006 0.000007 
2488.985820 2488.509619 2488.181407 2487.891883 2486.847845 2485.973072 2487.030079 2486.598499 2486.219320 2486.286680 2486.396663 2485.881176 2485.084293 2485.041799 2485.517909 2486.155398 2487.668287 2490.165126 2490.179796 2489.128710 2492.010771 2494.158533 2491.170645 2486.446347 2482.063866 2480.018271 2479.436394 2481.650197 2486.283497 2489.657269 
0.000330 0.000332 0.000242 0.000129 0.000057 0.000034 0.000029 0.000027 0.000025 0.000021 0.000017 0.000014 0.000011 0.000009 0.000009 0.000008 0.000007 0.000005 0.000005 0.000004 0.000004 0.000004 0.000003 0.000003 0.000003 0.000004 0.000004 0.000004 0.000003 0.000003 
2562.623343 2562.066847 2561.331975 2560.544582 2560.961329 2562.322963 2562.504263 2562.595942 2562.653042 2562.814321 2562.860423 2562.442912 2561.828753 2562.057562 2562.362661 2561.534314 2560.124541 2559.461566 2561.088499 2563.054595 2563.331285 2562.543027 2561.997070 2561.749564 2559.779512 2557.357187 2557.112753 2558.046955 2560.004996 2562.933184 
0.000601 0.000589 0.000413 0.000203 0.000082 0.000050 0.000040 0.000036 0.000034 0.000029 0.000023 0.000019 0.000017 0.000015 0.000013 0.000011 0.000010 0.000008 0.000007 0.000007 0.000008 0.000007 0.000007 0.000006 0.000007 0.000008 0.000009 0.000009 0.000008 0.000007 
2600.603466 2601.029052 2601.619543 2602.239282 2600.463798 2597.300897 2597.321219 2597.584756 2597.645219 2597.497390 2597.248338 2597.431871 2597.731566 2597.216101 2596.915965 2598.796656 2601.636259 2602.015922 2598.567932 2595.227223 2593.950848 2594.091385 2595.528321 2597.390301 2598.293300 2596.310580 2592.970248 2591.187673 2591.843015 2594.007469 
0.000633 0.000621 0.000430 0.000202 0.000070 0.000040 0.000032 0.000030 0.000027 0.000023 0.000018 0.000015 0.000014 0.000014 0.000014 0.000012 0.000009 0.000007 0.000006 0.000006 0.000006 0.000006 0.000006 0.000007 0.000007 0.000007 0.000008 0.000010 0.000010 0.000009 
2640.163154 2640.810475 2641.679269 2642.793625 2641.198735 2638.142095 2637.537976 2637.302751 2637.488473 2637.299764 2636.910971 2636.693199 2636.724907 2636.814586 2637.001616 2637.195850 2637.113651 2637.410553 2639.326338 2640.203669 2639.298794 2638.000199 2638.197359 2639.266581 2639.740070 2640.070275 2640.437233 2640.404427 2640.089853 2640.375062 
0.000764 0.000784 0.000578 0.000295 0.000103 0.000048 0.000037 0.000034 0.000031 0.000026 0.000021 0.000016 0.000014 0.000013 0.000012 0.000011 0.000010 0.000010 0.000008 0.000007 0.000007 0.000007 0.000006 0.000006 0.000005 0.000006 0.000007 0.000007 0.000006 0.000005 
2700.076160 2699.656975 2699.453054 2699.864424 2702.375605 2704.669213 2704.327078 2704.858603 2705.047250 2705.321345 2705.725286 2705.987258 2705.819940 2705.502153 2705.462068 2705.997159 2707.117462 2707.960897 2707.719364 2706.319567 2706.093046 2707.255674 2707.802228 2706.560841 2706.426070 2707.618655 2707.647230 2707.975785 2708.944719 2709.577247 
0.000611 0.000669 0.000541 0.000324 0.000149 0.000067 0.000043 0.000037 0.000033 0.000028 0.000023 0.000018 0.000015 0.000014 0.000012 0.000010 0.000009 0.000009 0.000008 0.000008 0.000007 0.000008 0.000008 0.000008 0.000008 0.000006 0.000006 0.000006 0.000006 0.000006 
2754.224327 2754.885247 2755.059421 2754.287842 2752.154914 2751.581424 2753.851632 2754.895316 2754.987131 2755.004869 2755.014325 2755.018393 2755.515493 2755.585098 2754.712246 2754.621353 2757.258186 2760.535260 2761.445176 2760.160770 2758.637173 2759.499152 2762.042512 2764.377230 2764.636964 2762.609200 2759.873541 2759.631353 2760.538102 2759.618322 
0.000459 0.000534 0.000452 0.000275 0.000118 0.000049 0.000037 0.000035 0.000032 0.000027 0.000022 0.000017 0.000015 0.000014 0.000014 0.000012 0.000009 0.000007 0.000005 0.000005 0.000005 0.000006 0.000007 0.000007 0.000006 0.000005 0.000005 0.000005 0.000006 0.000007 
2829.130637 2828.023464 2826.709525 2824.854826 2822.248037 2824.310492 2828.239171 2829.146700 2829.840241 2830.303439 2830.221804 2829.305118 2827.834370 2826.671720 2826.502353 2827.069357 2828.000025 2829.293046 2830.535141 2830.200480 2829.944099 2831.421840 2831.592762 2829.952520 2828.404019 2829.649446 2834.089936 2837.040929 2835.305692 2833.052535 
0.000460 0.000480 0.000364 0.000201 0.000090 0.000046 0.000031 0.000026 0.000024 0.000020 0.000016 0.000013 0.000011 0.000010 0.000009 0.000008 0.000006 0.000005 0.000004 0.000004 0.000004 0.000005 0.000006 0.000005 0.000004 0.000003 0.000003 0.000004 0.000004 0.000004 
2930.071965 2930.313120 2930.614461 2930.891410 2930.077097 2927.988060 2927.959242 2928.679530 2928.723180 2928.682306 2928.381223 2927.654326 2927.189519 2927.298860 2927.600564 2928.361878 2929.493144 2930.369062 2930.760979 2930.099929 2928.937905 2928.365730 2928.629720 2929.133839 2929.316913 2929.725004 2929.322891 2928.985513 2928.867845 2929.771343 
0.000425 0.000451 0.000354 0.000205 0.000092 0.000042 0.000029 0.000025 0.000023 0.000020 0.000016 0.000012 0.000010 0.000009 0.000008 0.000007 0.000005 0.000005 0.000005 0.000004 0.000004 0.000005 0.000005 0.000004 0.000004 0.000003 0.000003 0.000005 0.000006 0.000005 
2966.025872 2966.253388 2966.863828 2968.225766 2970.578923 2970.715392 2968.381633 2967.870589 2967.890550 2967.950584 2967.926341 2967.589428 2967.582668 2968.463248 2969.191488 2969.396649 2969.764858 2970.750756 2971.432246 2971.131002 2970.353928 2970.344457 2970.428459 2969.566118 2968.061672 2967.444963 2966.457570 2965.178065 2964.545614 2964.222733 
0.000503 0.000559 0.000453 0.000264 0.000111 0.000048 0.000034 0.000031 0.000028 0.000024 0.000020 0.000015 0.000013 0.000012 0.000011 0.000010 0.000008 0.000007 0.000007 0.000007 0.000006 0.000006 0.000006 0.000006 0.000006 0.000006 0.000006 0.000006 0.000006 0.000005 
3026.096305 3026.183766 3025.848884 3024.699098 3021.961626 3021.359390 3024.492800 3025.831335 3026.099673 3025.898404 3025.671628 3025.153569 3024.259893 3023.663806 3023.434787 3023.240673 3022.397363 3020.901324 3020.375261 3021.708708 3023.890746 3024.885855 3023.384773 3022.985137 3026.781135 3030.659629 3029.890948 3026.827732 3025.584998 3025.666759 
0.000515 0.000583 0.000477 0.000276 0.000111 0.000048 0.000038 0.000035 0.000031 0.000026 0.000021 0.000016 0.000014 0.000014 0.000015 0.000014 0.000011 0.000008 0.000007 0.000007 0.000007 0.000007 0.000007 0.000008 0.000008 0.000007 0.000006 0.000005 0.000005 0.000004 
3104.888723 3103.813089 3102.811270 3101.722375 3100.872983 3104.277928 3105.896755 3105.175755 3104.472692 3104.467642 3104.879535 3104.616464 3102.381625 3100.071888 3098.803591 3097.263973 3096.214617 3098.036921 3106.031363 3108.791190 3108.762517 3110.089017 3112.528967 3113.510603 3112.638752 3109.902548 3107.199902 3106.653207 3104.351787 3098.595145 
0.000329 0.000333 0.000244 0.000128 0.000052 0.000029 0.000024 0.000022 0.000020 0.000017 0.000014 0.000011 0.000010 0.000009 0.000008 0.000007 0.000006 0.000006 0.000005 0.000005 0.000004 0.000004 0.000004 0.000003 0.000003 0.000003 0.000003 0.000004 0.000004 0.000005 
3162.406556 3162.236393 3161.857817 3161.297647 3161.948108 3164.025489 3162.660788 3161.406970 3160.523986 3160.224064 3160.511276 3161.101159 3161.008393 3160.195510 3159.526425 3159.864218 3161.647814 3163.071846 3163.584068 3164.392855 3165.090548 3164.365766 3163.443306 3161.998710 3159.594120 3158.277649 3159.058462 3161.574752 3162.682776 3162.444705 
0.000530 0.000553 0.000411 0.000211 0.000077 0.000034 0.000026 0.000023 0.000021 0.000018 0.000015 0.000012 0.000010 0.000009 0.000008 0.000007 0.000006 0.000005 0.000004 0.000004 0.000004 0.000004 0.000004 0.000005 0.000006 0.000006 0.000006 0.000005 0.000004 0.000003 
3214.341940 3214.345015 3214.528862 3215.332599 3216.956863 3216.629040 3214.667148 3215.491283 3216.039236 3216.553706 3217.015136 3216.884668 3215.527443 3214.498383 3214.252882 3213.510168 3212.752703 3213.729488 3216.542159 3218.107399 3217.125604 3216.405593 3215.747768 3214.982834 3214.758576 3215.584193 3216.768247 3216.619329 3215.286948 3215.092283 
0.000411 0.000433 0.000332 0.000184 0.000082 0.000043 0.000030 0.000027 0.000024 0.000020 0.000016 0.000013 0.000012 0.000011 0.000009 0.000008 0.000006 0.000005 0.000005 0.000006 0.000006 0.000007 0.000007 0.000007 0.000006 0.000005 0.000004 0.000003 0.000003 0.000003 
3247.321154 3247.767579 3248.491121 3249.799287 3251.276424 3250.813920 3248.793917 3247.344574 3246.932142 3247.103185 3247.502701 3247.108998 3245.882194 3245.762472 3247.256032 3249.793759 3251.785683 3251.293013 3246.923798 3243.902158 3243.845522 3245.661839 3247.486805 3247.952362 3246.823476 3244.898391 3244.790177 3249.021098 3251.009508 3249.502428 
0.000309 0.000366 0.000324 0.000216 0.000110 0.000047 0.000025 0.000020 0.000018 0.000015 0.000012 0.000009 0.000008 0.000008 0.000009 0.000009 0.000008 0.000007 0.000005 0.000004 0.000004 0.000003 0.000003 0.000004 0.000003 0.000003 0.000004 0.000005 0.000005 0.000005 
3494.140145 3493.724872 3493.260454 3492.888789 3493.073544 3494.317803 3494.043252 3493.482452 3493.674069 3493.786115 3493.831573 3493.847035 3494.137880 3495.041332 3495.694361 3495.710238 3495.352668 3494.647920 3494.226227 3494.573777 3494.159729 3491.427897 3490.260626 3491.056914 3492.253045 3491.888532 3488.691386 3487.298469 3488.412257 3490.144109 
0.000312 0.000369 0.000315 0.000190 0.000078 0.000032 0.000024 0.000022 0.000020 0.000017 0.000013 0.000011 0.000010 0.000011 0.000010 0.000008 0.000007 0.000007 0.000007 0.000007 0.000006 0.000006 0.000006 0.000006 0.000005 0.000005 0.000005 0.000005 0.000006 0.000006 
3725.900342 3725.464863 3725.206646 3725.241749 3726.107671 3727.418925 3726.191606 3725.834685 3725.696056 3725.558110 3725.477825 3725.742409 3726.418669 3727.199802 3728.194443 3729.317814 3729.294744 3728.072354 3727.028343 3725.897378 3724.254086 3723.174326 3724.433335 3728.048659 3731.752210 3732.124185 3728.859957 3723.797033 3721.984511 3722.286748 
0.000276 0.000291 0.000222 0.000121 0.000047 0.000021 0.000017 0.000016 0.000015 0.000012 0.000009 0.000007 0.000007 0.000007 0.000006 0.000005 0.000004 0.000004 0.000005 0.000005 0.000005 0.000005 0.000004 0.000004 0.000003 0.000002 0.000003 0.000004 0.000004 0.000004 
3938.014255 3937.944589 3937.882145 3937.918952 3938.461593 3938.639267 3937.827142 3938.144878 3938.190966 3938.003706 3937.792232 3937.281589 3936.671745 3936.539832 3936.774606 3937.560334 3939.765845 3941.693597 3941.216403 3940.778157 3941.136459 3941.138114 3939.961428 3938.576091 3938.090704 3938.693098 3939.250897 3939.960595 3940.057656 3940.317091 
0.000529 0.000528 0.000373 0.000179 0.000060 0.000035 0.000030 0.000029 0.000027 0.000024 0.000019 0.000014 0.000014 0.000015 0.000015 0.000014 0.000011 0.000008 0.000008 0.000008 0.000008 0.000007 0.000007 0.000007 0.000007 0.000006 0.000006 0.000006 0.000006 0.000006 
4109.862150 4109.816320 4109.759230 4109.645912 4109.363487 4109.459217 4109.694129 4109.996703 4109.954343 4109.885992 4110.149682 4109.396912 4106.501010 4106.146477 4107.365824 4108.414316 4109.699182 4112.764658 4114.789623 4112.161403 4107.699494 4104.044537 4104.497022 4105.817001 4107.221129 4112.408959 4118.385426 4117.285343 4112.922700 4110.956887 
0.000362 0.000361 0.000258 0.000127 0.000044 0.000023 0.000019 0.000018 0.000017 0.000015 0.000013 0.000011 0.000010 0.000009 0.000009 0.000008 0.000007 0.000006 0.000006 0.000006 0.000005 0.000005 0.000004 0.000005 0.000006 0.000006 0.000006 0.000006 0.000006 0.000005 
4425.043873 4425.148776 4425.483118 4426.494664 4428.995036 4426.640224 4424.571512 4424.345451 4424.579921 4424.445618 4423.251712 4422.159214 4423.145165 4425.274953 4425.951332 4425.735794 4425.509836 4425.917708 4427.725788 4429.422931 4430.269389 4429.041142 4424.424629 4420.865405 4420.722239 4422.109332 4422.492034 4422.789129 4424.277399 4426.854871 
0.000330 0.000329 0.000235 0.000117 0.000044 0.000024 0.000018 0.000017 0.000016 0.000013 0.000011 0.000009 0.000008 0.000007 0.000006 0.000006 0.000005 0.000005 0.000004 0.000003 0.000003 0.000004 0.000004 0.000004 0.000003 0.000003 0.000002 0.000002 0.000003 0.000003 
4524.610875 4524.805596 4525.170323 4525.964435 4527.326636 4526.123755 4524.522616 4523.706182 4523.907075 4524.296738 4524.677336 4525.123150 4525.487024 4525.495053 4524.918834 4524.073357 4523.485311 4522.859806 4522.478878 4523.870356 4524.720845 4523.108833 4522.129398 4522.207380 4523.309620 4525.672662 4526.837721 4524.970532 4522.349386 4521.041329 
0.000256 0.000266 0.000202 0.000109 0.000042 0.000018 0.000015 0.000015 0.000014 0.000013 0.000010 0.000008 0.000006 0.000006 0.000005 0.000004 0.000003 0.000004 0.000004 0.000005 0.000005 0.000005 0.000005 0.000005 0.000006 0.000006 0.000005 0.000005 0.000004 0.000003 
4585.278749 4585.286073 4585.197781 4584.798461 4583.335190 4583.314621 4585.638017 4586.298817 4585.791703 4585.037172 4584.747751 4584.973197 4585.187446 4585.265061 4585.090954 4584.792951 4585.880119 4587.096924 4586.596745 4586.160677 4586.304794 4586.865000 4587.521835 4587.017809 4585.560527 4584.444693 4584.609552 4585.833316 4586.973827 4586.683647 
