24.000000 72.000000 0.015986
0.000886 0.002891 0.002524 0.002203 0.002072 0.001753 0.001542 0.001435 0.001312 0.001148 0.000902 0.000668 0.000538 0.000488 0.000434 0.000388 0.000346 0.000303 0.000250 0.000188 0.000151 0.000153 0.000153 0.000164 
39.805392 38.574610 38.017623 37.746360 37.179867 37.628587 38.149843 38.607201 39.692179 39.145306 38.511720 38.139713 36.931121 36.807929 37.579676 38.815251 41.091482 45.440907 46.719259 43.010204 39.077261 39.010454 38.795889 34.291198 
0.003538 0.004184 0.003761 0.002864 0.002215 0.001865 0.001607 0.001430 0.001330 0.001176 0.000933 0.000664 0.000498 0.000451 0.000420 0.000372 0.000317 0.000254 0.000188 0.000164 0.000165 0.000153 0.000169 0.000288 
93.472285 93.332005 92.881063 91.942431 91.358813 91.716769 92.039433 92.124085 92.134569 92.129481 92.052455 91.867063 91.712030 91.959675 92.560006 93.187970 93.527209 93.760306 94.201604 94.052898 93.564563 93.615639 95.162337 94.547348 
0.188298 0.692681 0.584088 0.492519 0.457509 0.390952 0.340646 0.310177 0.284961 0.241863 0.187751 0.143563 0.117781 0.105139 0.095109 0.079127 0.059451 0.041780 0.032177 0.028895 0.029317 0.028788 0.025714 0.020699 
143.813847 143.723251 143.817677 143.825639 143.539884 143.225669 143.514110 144.293780 145.213575 145.484601 145.064695 144.570249 144.775085 145.777817 146.900186 147.438508 147.365571 146.567533 146.232282 146.744582 147.933271 148.553103 148.544922 148.079606 
0.034132 0.064622 0.057477 0.051121 0.047779 0.038240 0.029742 0.026845 0.027956 0.028341 0.028611 0.028689 0.026094 0.021371 0.016976 0.013292 0.010023 0.008313 0.007841 0.007921 0.007814 0.007661 0.007176 0.006075 
180.532802 181.071318 181.234238 181.458940 181.910846 181.437712 180.136567 180.332527 181.588113 182.148782 182.723815 183.365931 183.172144 182.273501 181.812222 181.624865 180.701881 180.229271 180.710426 181.560007 181.929188 182.417271 182.605870 181.864110 
0.028248 0.058153 0.047839 0.045702 0.038946 0.032274 0.025149 0.019840 0.016702 0.015072 0.012050 0.008772 0.006351 0.004904 0.003562 0.002907 0.002364 0.002104 0.001694 0.001361 0.001057 0.000820 0.000602 0.000449 
227.523860 226.910512 225.812504 225.666305 226.816185 227.840694 227.199594 227.288548 227.877409 229.079867 229.156913 228.090870 227.382598 226.620775 226.669954 226.496364 227.632057 227.494419 228.060539 227.956910 227.994527 225.266867 223.152333 224.166557 
0.011391 0.014937 0.014320 0.012298 0.011358 0.011329 0.008457 0.006074 0.006416 0.006670 0.005396 0.003533 0.002552 0.002141 0.001550 0.000974 0.000705 0.000499 0.000254 0.000214 0.000225 0.000269 0.000204 0.000139 
242.038995 242.746727 244.632812 246.340220 246.160223 244.083065 243.303927 243.219101 242.718748 242.838886 243.793674 245.650686 246.041603 244.812991 244.421383 244.085729 241.889177 241.408431 244.395759 246.223456 245.655356 243.829745 244.718116 245.229848 
0.023050 0.080133 0.059871 0.044733 0.036870 0.023552 0.014766 0.011340 0.010021 0.008113 0.006080 0.003656 0.001863 0.001220 0.000939 0.000538 0.000506 0.000507 0.000422 0.000306 0.000219 0.000169 0.000149 0.000120 
268.550772 267.220611 265.780206 264.951128 264.494919 264.109114 265.668072 267.312712 267.783911 267.109883 266.716740 268.369870 267.245221 262.617359 261.635723 264.538230 267.915881 267.702536 265.678293 266.121881 268.757199 268.232865 263.648845 263.917909 
0.012044 0.009464 0.008568 0.009172 0.010628 0.009988 0.008638 0.006050 0.003012 0.002030 0.001954 0.002208 0.001847 0.001256 0.000839 0.000618 0.000500 0.000410 0.000320 0.000261 0.000220 0.000171 0.000117 0.000087 
284.686808 287.075582 287.265742 285.308697 282.267033 281.754789 282.626822 283.523939 285.075732 285.613405 285.620864 284.347963 284.715834 285.448272 285.257595 284.060756 283.476639 284.147185 285.443264 285.708926 284.767620 283.384875 281.975852 281.782820 
0.020794 0.026305 0.025385 0.019020 0.012444 0.009129 0.007620 0.005301 0.002702 0.001788 0.001544 0.001418 0.001144 0.000881 0.000557 0.000262 0.000169 0.000163 0.000172 0.000162 0.000144 0.000112 0.000080 0.000065 
295.398777 295.603117 295.877284 296.584090 297.605688 297.462426 296.033274 295.691301 297.762682 297.607400 295.140290 292.567813 292.077650 292.985257 294.858691 297.222442 296.621468 293.623330 291.930434 291.925178 292.611900 293.562892 295.156491 295.996339 
0.026585 0.032170 0.028203 0.018122 0.009958 0.006455 0.004959 0.003566 0.002174 0.001576 0.001398 0.000981 0.000653 0.000561 0.000504 0.000359 0.000191 0.000110 0.000089 0.000082 0.000071 0.000054 0.000044 0.000041 
306.677802 306.285059 305.572046 304.194935 302.618216 302.629701 303.324373 303.758021 302.857938 303.454659 306.219656 307.903425 307.201498 305.970677 305.889442 307.410120 309.992125 310.800684 309.831416 309.275106 308.140770 307.788457 306.921473 305.049649 
0.041024 0.052524 0.049661 0.035353 0.019737 0.009889 0.006130 0.004487 0.003312 0.002384 0.001816 0.001209 0.000647 0.000419 0.000382 0.000383 0.000356 0.000325 0.000293 0.000237 0.000182 0.000145 0.000121 0.000104 
330.147812 331.293844 332.915578 334.966249 336.316563 336.634901 334.958998 333.545742 332.868360 331.083514 328.515247 328.505084 333.076147 336.131776 333.246149 328.839794 327.311627 327.908293 329.503980 332.203083 336.023403 339.011426 342.270700 346.543018 
0.002995 0.007326 0.005622 0.004314 0.004054 0.002762 0.001413 0.000767 0.000581 0.000455 0.000350 0.000269 0.000223 0.000198 0.000176 0.000146 0.000110 0.000079 0.000062 0.000057 0.000058 0.000062 0.000060 0.000049 
376.133202 378.065744 379.168792 379.499482 379.976944 381.391789 383.946556 383.275239 380.268153 380.369946 381.079201 381.668301 381.691562 381.359898 381.007263 380.892452 380.956718 380.398274 379.493704 380.406614 380.293176 378.038501 376.552595 376.660359 
0.001684 0.008080 0.006093 0.004595 0.003671 0.002328 0.001384 0.000929 0.000578 0.000365 0.000285 0.000240 0.000200 0.000170 0.000150 0.000126 0.000095 0.000067 0.000050 0.000046 0.000048 0.000048 0.000046 0.000041 
418.663862 416.930081 414.722750 413.394415 412.997584 414.563972 417.485322 418.684266 416.268103 411.345146 412.006173 414.830149 414.475363 412.267320 411.427332 411.686097 411.813576 411.847105 411.653337 411.866229 412.355995 412.366491 412.338237 412.225623 
0.001106 0.002116 0.001765 0.001258 0.000749 0.000623 0.000696 0.000941 0.000981 0.000833 0.000633 0.000477 0.000366 0.000275 0.000191 0.000132 0.000105 0.000096 0.000086 0.000070 0.000052 0.000034 0.000024 0.000021 
431.912672 431.629790 431.064907 430.254696 431.163566 432.382920 433.141163 432.549082 432.940663 433.408973 433.305469 432.834329 432.921877 433.556433 434.209065 434.411022 434.490220 434.300162 434.019129 433.754807 433.102469 431.695493 430.468771 431.610088 
0.006917 0.015655 0.011494 0.009698 0.006503 0.004381 0.003321 0.002700 0.001879 0.001040 0.000481 0.000331 0.000309 0.000309 0.000281 0.000224 0.000151 0.000082 0.000061 0.000061 0.000073 0.000070 0.000058 0.000049 
460.589037 460.235639 459.689428 458.647487 456.528369 454.302935 453.212046 452.507773 451.235400 450.478053 452.485142 456.114259 457.550968 455.443028 452.251813 450.563195 451.250822 455.968158 457.501552 456.245722 452.899755 451.884400 451.560029 453.035228 
0.002055 0.005278 0.003994 0.003570 0.002395 0.001310 0.000669 0.000374 0.000252 0.000203 0.000146 0.000113 0.000099 0.000100 0.000109 0.000103 0.000077 0.000046 0.000031 0.000028 0.000034 0.000036 0.000032 0.000022 
481.288175 482.033012 482.755824 483.650045 485.061373 486.352001 485.137080 481.538130 482.503522 484.658669 485.392306 484.772455 483.740054 483.045735 482.883856 483.112185 483.766251 485.205585 485.267462 483.785597 482.823551 483.200514 483.955110 485.187686 
0.004887 0.008747 0.006496 0.005745 0.004055 0.002251 0.001080 0.000582 0.000400 0.000313 0.000235 0.000176 0.000148 0.000135 0.000119 0.000098 0.000075 0.000056 0.000045 0.000043 0.000044 0.000043 0.000039 0.000032 
541.607011 543.908983 547.886973 551.219391 553.193238 553.847455 553.285810 549.654388 544.393706 541.449347 541.212677 541.600569 541.239934 540.852390 540.830112 540.939206 541.216197 541.897304 542.074997 541.485238 541.879327 542.478104 542.260094 541.968672 
0.011093 0.032170 0.022002 0.019916 0.013434 0.006756 0.002826 0.001249 0.000626 0.000366 0.000224 0.000150 0.000118 0.000109 0.000100 0.000082 0.000063 0.000050 0.000043 0.000036 0.000034 0.000036 0.000037 0.000035 
584.333165 585.958324 587.179835 588.176619 589.117030 589.988523 589.748422 589.103989 588.334609 587.044461 585.641959 584.748141 584.900815 585.687670 585.815709 585.094536 584.390448 585.188131 587.127864 588.068577 588.350309 589.334345 590.785587 592.096525 
0.035702 0.076271 0.052356 0.041651 0.025260 0.011960 0.004915 0.002007 0.000836 0.000419 0.000289 0.000269 0.000244 0.000193 0.000163 0.000154 0.000144 0.000127 0.000102 0.000075 0.000059 0.000061 0.000067 0.000063 
634.029120 633.034886 632.418472 632.174771 632.330221 632.380547 631.660371 631.248059 633.066524 635.348308 636.361128 637.023316 637.098838 637.480487 638.973338 639.066477 637.000777 635.375196 635.438239 636.686387 637.829233 638.387297 637.488942 636.789756 
0.012293 0.022970 0.016047 0.012934 0.008381 0.004553 0.002213 0.001063 0.000551 0.000334 0.000211 0.000155 0.000131 0.000113 0.000100 0.000087 0.000069 0.000052 0.000040 0.000033 0.000031 0.000030 0.000028 0.000025 
679.786238 681.257819 682.466691 682.703294 681.726954 680.031971 679.823072 680.534482 680.372411 680.144685 681.466463 682.172306 680.533078 680.157501 681.243667 682.489743 683.362995 683.082950 680.755708 679.923139 681.412083 682.104480 682.462856 681.637230 
0.009368 0.020400 0.014407 0.011720 0.007251 0.003522 0.001457 0.000625 0.000390 0.000317 0.000298 0.000259 0.000207 0.000156 0.000118 0.000094 0.000074 0.000055 0.000046 0.000044 0.000042 0.000037 0.000032 0.000029 
730.656446 731.012822 731.615399 732.589631 733.997469 734.895759 735.324262 736.201383 735.361676 733.859709 732.888352 733.156585 734.477453 735.480349 735.173152 734.454598 733.935686 733.459611 733.180691 733.155275 733.325214 733.425707 733.051177 733.397791 
0.010935 0.021232 0.014658 0.011690 0.007609 0.004171 0.002007 0.000858 0.000363 0.000219 0.000162 0.000122 0.000099 0.000087 0.000077 0.000065 0.000051 0.000039 0.000033 0.000032 0.000034 0.000034 0.000032 0.000028 
801.668943 800.637746 799.449726 798.663814 798.989048 800.688528 801.663124 800.695450 797.661658 794.536321 793.447105 792.419685 792.426700 793.001573 793.783890 794.240847 794.001885 792.611315 789.998089 788.816767 790.019291 792.004589 793.863325 794.956088 
0.007357 0.008659 0.007958 0.005842 0.003601 0.001956 0.001016 0.000510 0.000298 0.000211 0.000154 0.000116 0.000096 0.000088 0.000079 0.000065 0.000050 0.000037 0.000029 0.000026 0.000026 0.000026 0.000024 0.000025 
874.089064 876.263192 878.519507 880.772744 882.047200 882.432819 881.201591 879.273901 877.578756 876.322082 875.317984 874.710232 874.667912 874.692163 874.568314 874.389332 874.347140 875.013591 876.409669 876.397099 875.237788 874.808783 874.365595 872.306440 
0.004532 0.005726 0.005614 0.004277 0.002509 0.001217 0.000612 0.000355 0.000220 0.000154 0.000119 0.000094 0.000076 0.000065 0.000058 0.000050 0.000039 0.000026 0.000019 0.000019 0.000020 0.000019 0.000018 0.000018 
925.084726 925.347226 925.785631 926.244012 926.371759 925.962523 925.993271 926.686743 926.715277 926.170300 926.113325 926.149367 925.926531 925.403415 924.959844 924.856908 924.810504 924.524175 924.453209 925.200903 925.315473 924.959341 924.694330 924.513696 
0.009477 0.011797 0.011135 0.007946 0.004148 0.001630 0.000695 0.000382 0.000218 0.000159 0.000127 0.000103 0.000086 0.000074 0.000065 0.000054 0.000043 0.000034 0.000028 0.000026 0.000027 0.000029 0.000028 0.000026 
969.746596 969.346109 968.628804 967.746928 967.025190 969.244334 972.347118 972.270378 967.175217 965.798882 966.247541 966.493098 965.929740 965.428949 965.772952 966.114235 966.301581 966.031840 964.772709 963.824578 963.093403 962.774368 963.982670 966.270209 
0.011221 0.013352 0.011846 0.007890 0.003896 0.001360 0.000399 0.000192 0.000151 0.000124 0.000098 0.000076 0.000064 0.000057 0.000051 0.000044 0.000035 0.000025 0.000019 0.000018 0.000017 0.000017 0.000015 0.000013 
1015.649235 1015.050807 1014.234541 1013.236855 1012.523192 1013.584080 1015.643120 1014.844720 1015.435335 1016.013868 1015.730998 1015.529712 1015.402598 1015.147963 1014.884163 1014.988073 1015.348065 1015.275638 1014.850475 1015.267576 1015.923938 1016.366184 1016.054080 1014.225708 
0.007603 0.008351 0.006597 0.003657 0.001350 0.000430 0.000226 0.000162 0.000132 0.000105 0.000081 0.000063 0.000052 0.000047 0.000042 0.000035 0.000027 0.000020 0.000015 0.000014 0.000014 0.000013 0.000013 0.000013 
1050.127561 1050.453980 1050.845785 1051.272199 1051.064146 1048.195502 1048.556779 1049.008464 1049.735779 1050.011192 1049.840063 1049.546273 1049.531359 1049.687127 1049.733792 1049.586344 1049.246354 1048.890736 1048.793781 1048.808004 1048.845296 1048.901551 1048.595589 1048.139644 
0.006896 0.007729 0.006364 0.003895 0.001947 0.001028 0.000594 0.000357 0.000230 0.000162 0.000119 0.000091 0.000075 0.000068 0.000061 0.000051 0.000038 0.000028 0.000022 0.000020 0.000020 0.000021 0.000022 0.000020 
1102.532257 1102.320200 1102.252285 1102.256457 1101.439215 1099.768670 1099.428054 1100.495681 1103.609661 1108.145628 1110.169196 1110.091923 1110.208632 1110.336640 1110.210186 1110.318815 1110.540169 1110.290570 1109.694203 1110.012045 1109.701630 1107.082472 1104.714211 1105.138585 
0.002493 0.002590 0.001919 0.001048 0.000564 0.000356 0.000209 0.000156 0.000139 0.000117 0.000091 0.000069 0.000057 0.000052 0.000047 0.000039 0.000030 0.000022 0.000017 0.000017 0.000017 0.000016 0.000015 0.000013 
1164.331873 1164.403271 1164.415785 1164.882485 1165.327857 1165.384808 1164.576625 1164.344152 1164.051286 1163.694674 1163.410015 1163.197726 1163.110610 1163.001435 1162.803605 1162.656144 1162.671219 1162.786819 1162.930508 1163.197407 1163.364785 1163.541593 1163.935872 1164.006164 
0.002356 0.002739 0.002388 0.001645 0.000998 0.000588 0.000339 0.000210 0.000156 0.000125 0.000098 0.000075 0.000062 0.000056 0.000051 0.000044 0.000034 0.000024 0.000018 0.000017 0.000018 0.000018 0.000017 0.000016 
1216.629873 1217.089371 1217.984953 1218.878548 1219.045744 1219.071810 1220.754831 1220.476022 1220.923630 1221.703678 1221.616985 1221.591120 1221.687585 1221.694192 1221.647449 1221.525628 1221.281935 1220.691530 1219.295585 1218.563160 1218.875759 1218.346448 1216.761840 1215.722062 
0.000964 0.001933 0.001502 0.001335 0.000910 0.000469 0.000231 0.000179 0.000158 0.000133 0.000103 0.000079 0.000065 0.000060 0.000054 0.000045 0.000035 0.000027 0.000022 0.000020 0.000020 0.000019 0.000019 0.000019 
1265.147453 1268.359075 1271.644557 1274.299142 1276.219069 1276.312804 1271.668586 1271.914285 1272.895448 1272.728616 1272.639718 1272.643881 1272.804736 1272.873620 1272.731740 1272.404768 1271.991461 1271.760492 1271.550354 1271.657055 1272.579296 1273.766303 1274.297242 1272.842500 
0.000633 0.000791 0.000788 0.000683 0.000527 0.000339 0.000179 0.000117 0.000102 0.000086 0.000068 0.000053 0.000044 0.000040 0.000037 0.000034 0.000031 0.000027 0.000024 0.000021 0.000019 0.000019 0.000020 0.000022 
1318.407845 1318.259547 1317.581245 1316.480492 1315.719298 1315.564259 1315.734874 1316.471419 1317.229080 1317.845286 1318.322407 1318.603536 1318.726777 1318.845880 1318.982073 1319.109265 1319.461583 1319.899943 1319.823659 1319.509961 1319.639306 1319.808973 1319.445344 1318.936884 
0.001314 0.001555 0.001352 0.000874 0.000437 0.000215 0.000151 0.000134 0.000121 0.000103 0.000081 0.000062 0.000052 0.000047 0.000043 0.000036 0.000028 0.000021 0.000016 0.000015 0.000015 0.000015 0.000015 0.000015 
1383.910411 1384.063139 1384.180396 1384.207081 1384.000593 1383.118054 1381.494685 1380.835383 1380.697275 1380.626182 1380.605483 1380.682579 1380.886690 1380.967222 1380.820627 1380.572170 1380.426974 1380.612150 1381.206599 1381.698547 1381.591015 1380.821111 1380.553181 1382.509836 
0.001364 0.001543 0.001279 0.000797 0.000413 0.000247 0.000173 0.000133 0.000109 0.000088 0.000068 0.000052 0.000044 0.000040 0.000036 0.000031 0.000024 0.000019 0.000016 0.000017 0.000018 0.000018 0.000017 0.000018 
1436.567159 1436.074110 1435.948995 1437.291584 1441.608354 1444.677260 1443.555590 1441.719112 1439.975332 1439.159644 1439.210630 1439.676650 1439.940422 1439.738420 1439.374719 1439.176987 1439.264722 1439.221103 1438.526131 1438.236740 1438.875866 1439.866816 1440.648469 1440.613163 
0.001039 0.001164 0.001002 0.000704 0.000415 0.000218 0.000140 0.000130 0.000117 0.000095 0.000072 0.000055 0.000045 0.000041 0.000037 0.000031 0.000024 0.000018 0.000014 0.000013 0.000013 0.000012 0.000012 0.000012 
1466.881053 1468.155305 1469.719442 1470.415946 1469.717263 1468.022441 1467.469244 1466.538058 1467.015556 1468.038779 1468.684622 1468.975284 1469.154887 1469.344007 1469.509313 1469.552549 1469.343908 1468.802434 1468.316415 1468.122221 1467.877420 1467.667579 1467.668463 1467.402470 
0.000626 0.000765 0.000762 0.000622 0.000401 0.000201 0.000113 0.000099 0.000086 0.000071 0.000055 0.000043 0.000036 0.000032 0.000029 0.000025 0.000020 0.000016 0.000013 0.000011 0.000010 0.000010 0.000009 0.000008 
1512.837980 1512.845695 1513.143315 1513.554122 1513.843498 1513.924376 1513.221195 1512.193455 1512.148535 1512.401791 1512.527456 1512.599463 1512.673065 1512.756169 1512.857799 1512.869278 1512.585072 1512.060867 1511.876381 1512.366463 1512.623793 1512.078175 1511.332727 1511.280162 
0.001032 0.001266 0.001241 0.000992 0.000629 0.000304 0.000130 0.000088 0.000077 0.000065 0.000051 0.000039 0.000031 0.000028 0.000025 0.000021 0.000016 0.000012 0.000010 0.000009 0.000009 0.000009 0.000009 0.000008 
1540.677490 1541.021807 1540.622198 1539.400478 1538.150523 1537.857284 1538.674156 1537.264998 1536.872874 1536.855262 1536.806432 1536.797885 1536.813369 1536.772515 1536.707740 1536.664361 1536.617693 1536.611829 1536.880784 1537.204296 1537.355891 1537.361407 1537.111650 1536.654941 
0.000926 0.000875 0.000667 0.000474 0.000362 0.000227 0.000115 0.000077 0.000070 0.000060 0.000047 0.000035 0.000029 0.000026 0.000024 0.000020 0.000016 0.000011 0.000009 0.000009 0.000009 0.000009 0.000008 0.000008 
1590.685630 1592.002602 1592.822815 1591.899998 1589.085275 1588.408322 1589.558373 1589.778337 1589.515201 1589.697023 1589.974302 1590.222296 1590.247022 1590.151478 1590.132132 1590.129925 1590.000627 1589.556905 1588.900022 1588.890212 1589.408833 1590.038122 1590.343843 1589.516809 
0.004144 0.004644 0.003732 0.002085 0.000757 0.000228 0.000143 0.000125 0.000113 0.000095 0.000075 0.000057 0.000048 0.000043 0.000039 0.000033 0.000026 0.000019 0.000015 0.000014 0.000014 0.000013 0.000012 0.000011 
1637.829783 1637.830660 1637.623710 1636.959818 1635.594535 1635.470266 1636.498823 1635.951985 1635.645621 1635.404578 1635.208871 1635.048615 1635.143976 1635.571190 1635.960504 1636.013960 1635.680908 1635.078716 1634.052200 1633.056804 1633.188268 1633.910560 1634.976121 1636.350647 
0.002485 0.002688 0.002118 0.001265 0.000628 0.000317 0.000146 0.000089 0.000078 0.000066 0.000052 0.000039 0.000033 0.000030 0.000027 0.000023 0.000018 0.000014 0.000012 0.000010 0.000010 0.000011 0.000010 0.000008 
1668.426895 1667.739131 1666.789681 1666.269410 1667.143890 1669.359060 1668.626457 1669.251351 1670.249656 1669.954147 1669.552665 1669.277688 1669.392068 1669.678604 1669.798406 1669.959114 1670.477088 1671.302880 1671.749041 1671.413861 1671.559880 1672.516784 1673.026593 1671.988635 
0.002015 0.002107 0.001571 0.000848 0.000422 0.000265 0.000165 0.000117 0.000089 0.000072 0.000056 0.000043 0.000036 0.000033 0.000030 0.000025 0.000019 0.000014 0.000011 0.000011 0.000012 0.000014 0.000013 0.000012 
1692.777056 1692.971599 1693.007700 1692.240261 1690.266735 1689.958555 1692.059784 1695.147365 1694.738722 1693.781343 1693.483378 1693.320615 1693.006086 1692.633632 1692.446680 1692.565513 1693.001515 1693.383439 1692.895821 1692.035021 1691.666748 1691.582939 1691.539212 1691.788135 
0.001545 0.001939 0.001894 0.001492 0.000994 0.000560 0.000278 0.000135 0.000090 0.000074 0.000058 0.000043 0.000035 0.000031 0.000028 0.000024 0.000018 0.000013 0.000011 0.000011 0.000012 0.000011 0.000010 0.000009 
1716.173817 1716.955435 1718.427452 1720.324378 1721.405685 1721.017962 1718.469046 1717.343627 1719.859388 1720.294316 1720.141986 1720.184325 1720.342640 1720.328146 1720.208603 1720.153390 1720.081483 1719.855071 1719.709388 1720.560966 1722.443971 1724.035781 1724.219342 1722.506022 
0.001247 0.001441 0.001300 0.000952 0.000582 0.000308 0.000165 0.000119 0.000103 0.000085 0.000065 0.000049 0.000041 0.000038 0.000034 0.000029 0.000023 0.000017 0.000014 0.000014 0.000014 0.000014 0.000012 0.000011 
1766.580435 1765.331672 1764.185744 1763.553237 1763.832995 1765.701627 1768.050704 1766.796651 1766.609245 1766.891413 1767.129377 1767.322105 1767.374492 1767.642879 1768.001323 1767.894942 1767.122535 1766.035161 1764.700345 1763.776313 1764.814545 1766.849128 1768.576820 1770.393236 
0.001720 0.001929 0.001613 0.001014 0.000497 0.000249 0.000164 0.000131 0.000113 0.000094 0.000073 0.000055 0.000046 0.000042 0.000038 0.000032 0.000026 0.000021 0.000017 0.000018 0.000020 0.000020 0.000018 0.000015 
1812.530719 1813.261552 1813.955340 1814.256381 1813.808748 1812.207314 1811.911992 1811.398860 1811.020062 1810.990074 1811.028333 1810.976175 1810.838932 1810.672294 1810.687057 1810.725973 1810.082915 1808.348391 1806.854878 1806.861284 1806.798657 1806.994875 1808.162284 1809.763383 
0.000993 0.001130 0.001012 0.000739 0.000441 0.000218 0.000116 0.000091 0.000081 0.000068 0.000053 0.000040 0.000033 0.000030 0.000027 0.000022 0.000017 0.000013 0.000012 0.000011 0.000012 0.000012 0.000010 0.000009 
1860.640841 1860.535140 1860.273680 1860.394380 1861.817300 1864.546945 1863.336516 1860.234615 1859.834431 1859.835738 1859.783701 1859.665170 1859.515811 1859.499588 1859.611401 1859.678948 1859.690057 1859.824686 1859.611617 1859.498651 1860.437138 1861.134960 1861.014283 1860.683367 
0.000920 0.001041 0.000866 0.000539 0.000272 0.000140 0.000081 0.000060 0.000054 0.000047 0.000037 0.000029 0.000024 0.000021 0.000020 0.000017 0.000013 0.000010 0.000008 0.000008 0.000008 0.000007 0.000006 0.000006 
1919.298557 1919.233253 1919.085153 1918.862841 1918.908050 1919.804804 1920.282928 1919.692478 1919.265147 1919.139026 1919.084922 1919.031319 1918.944832 1918.910474 1918.993491 1919.145502 1919.400609 1919.789524 1919.969381 1919.753425 1919.625008 1919.776395 1919.830930 1919.507635 
0.001481 0.001810 0.001582 0.000972 0.000405 0.000159 0.000115 0.000100 0.000090 0.000076 0.000059 0.000045 0.000038 0.000034 0.000031 0.000026 0.000020 0.000014 0.000011 0.000010 0.000011 0.000011 0.000010 0.000009 
1945.663585 1947.151324 1948.506598 1949.692415 1948.758004 1945.284041 1946.597560 1947.132594 1946.884522 1946.897744 1946.732556 1946.341008 1946.166384 1946.274586 1946.301629 1946.091591 1945.587452 1945.187270 1946.421544 1948.515901 1948.859666 1948.745301 1949.080969 1948.740646 
0.000995 0.001371 0.001330 0.000910 0.000421 0.000158 0.000093 0.000076 0.000067 0.000056 0.000044 0.000033 0.000027 0.000025 0.000023 0.000019 0.000015 0.000011 0.000009 0.000009 0.000010 0.000011 0.000011 0.000011 
1978.228252 1977.831561 1977.551288 1977.208970 1976.295937 1975.024202 1975.529746 1976.965558 1976.742956 1976.463414 1976.277285 1976.208239 1976.260590 1976.281077 1976.181360 1976.059261 1976.054951 1976.309385 1976.950681 1977.770735 1978.008544 1977.708279 1977.812075 1978.491356 
0.001157 0.001246 0.000949 0.000493 0.000199 0.000118 0.000091 0.000074 0.000065 0.000055 0.000043 0.000033 0.000028 0.000025 0.000023 0.000021 0.000017 0.000013 0.000010 0.000010 0.000013 0.000015 0.000014 0.000012 
2030.249670 2029.971639 2029.500723 2028.673393 2029.661837 2031.611151 2030.990674 2030.839715 2030.957311 2030.771996 2030.577719 2030.532273 2030.662270 2030.726883 2030.854951 2031.393968 2032.430849 2033.580466 2033.762308 2033.308840 2033.675782 2034.465469 2035.403364 2035.495853 
0.001038 0.001121 0.000869 0.000508 0.000271 0.000173 0.000105 0.000076 0.000068 0.000058 0.000046 0.000036 0.000030 0.000028 0.000025 0.000021 0.000017 0.000013 0.000011 0.000011 0.000012 0.000012 0.000011 0.000010 
2052.515032 2052.218773 2051.627504 2051.389087 2052.767587 2055.327660 2055.769558 2054.186260 2053.494109 2053.503470 2053.483323 2053.267895 2052.952446 2052.867706 2052.833908 2052.581179 2052.131095 2051.489589 2050.133575 2049.227319 2049.869068 2051.032430 2052.591451 2054.011303 
0.000769 0.001012 0.000993 0.000730 0.000400 0.000171 0.000089 0.000078 0.000071 0.000060 0.000046 0.000035 0.000029 0.000027 0.000024 0.000020 0.000015 0.000011 0.000009 0.000008 0.000009 0.000009 0.000008 0.000007 
2075.994784 2078.160766 2080.038949 2081.286575 2081.084511 2078.418632 2078.238714 2079.105415 2079.305374 2079.538492 2079.711309 2079.836327 2079.809030 2079.697845 2079.793732 2080.080861 2080.008042 2079.063904 2078.156713 2077.890573 2077.332202 2076.916699 2076.401623 2075.213280 
0.001122 0.001336 0.001185 0.000781 0.000379 0.000160 0.000107 0.000098 0.000090 0.000076 0.000059 0.000044 0.000036 0.000033 0.000030 0.000026 0.000021 0.000016 0.000013 0.000012 0.000013 0.000015 0.000014 0.000012 
2120.591663 2117.132808 2113.237657 2109.219212 2106.692398 2111.566304 2115.753088 2115.616625 2115.619621 2115.565503 2115.483998 2115.404534 2115.333750 2115.308161 2115.270797 2114.982138 2114.161089 2112.979020 2112.319068 2112.965321 2114.168254 2114.618545 2114.940424 2115.439248 
0.002123 0.002353 0.001891 0.001094 0.000469 0.000207 0.000128 0.000105 0.000095 0.000081 0.000064 0.000049 0.000040 0.000037 0.000034 0.000028 0.000022 0.000017 0.000015 0.000014 0.000013 0.000013 0.000014 0.000014 
2169.325601 2169.262146 2169.044547 2168.317092 2166.375864 2165.589551 2168.166334 2168.017066 2167.810695 2168.001411 2168.282280 2168.417418 2168.418880 2168.413639 2168.450165 2168.496350 2167.813587 2165.409321 2163.420063 2164.040853 2165.886330 2167.487550 2167.126807 2165.145471 
0.001191 0.001341 0.001094 0.000645 0.000291 0.000144 0.000085 0.000060 0.000052 0.000045 0.000036 0.000028 0.000022 0.000020 0.000018 0.000015 0.000012 0.000008 0.000006 0.000006 0.000007 0.000007 0.000008 0.000007 
2219.840628 2219.975463 2219.979004 2219.538632 2217.941179 2217.248438 2218.590217 2219.148470 2219.358089 2219.562608 2219.699059 2219.777718 2219.911522 2220.140785 2220.271460 2220.193324 2219.974872 2219.802507 2219.714715 2219.742575 2220.337205 2220.985970 2221.294113 2221.676058 
0.001467 0.001747 0.001485 0.000888 0.000362 0.000146 0.000090 0.000067 0.000059 0.000050 0.000039 0.000029 0.000024 0.000022 0.000019 0.000016 0.000012 0.000009 0.000007 0.000007 0.000007 0.000008 0.000007 0.000006 
2253.561799 2253.442741 2253.291050 2253.229111 2254.293315 2256.827869 2255.660934 2254.469904 2254.301510 2254.433185 2254.753134 2255.029365 2255.116752 2255.155008 2255.250669 2255.364393 2255.358186 2254.957381 2253.897990 2252.879608 2252.736405 2253.081376 2253.457428 2253.658027 
0.001920 0.002261 0.001896 0.001110 0.000429 0.000145 0.000097 0.000086 0.000078 0.000067 0.000053 0.000041 0.000034 0.000031 0.000028 0.000024 0.000020 0.000016 0.000014 0.000014 0.000014 0.000014 0.000014 0.000015 
2290.919663 2290.444444 2289.886509 2288.949847 2286.957682 2286.299184 2290.479811 2290.396887 2290.355905 2290.253108 2290.214582 2290.173457 2289.864475 2289.793780 2290.139427 2290.093989 2289.008339 2287.459351 2286.661396 2286.848701 2287.000294 2286.851815 2286.453837 2286.000241 
0.003153 0.003508 0.002799 0.001565 0.000599 0.000218 0.000126 0.000106 0.000097 0.000083 0.000066 0.000051 0.000042 0.000037 0.000033 0.000027 0.000021 0.000016 0.000013 0.000012 0.000012 0.000012 0.000011 0.000010 
2361.232760 2361.956901 2363.132937 2365.299484 2368.779885 2366.259293 2358.979276 2357.591487 2357.549651 2357.539205 2357.459132 2357.307525 2357.225490 2357.354782 2357.548814 2357.763965 2358.312541 2359.469083 2360.173992 2358.602347 2356.571286 2356.064514 2356.172302 2355.296333 
0.002864 0.003204 0.002579 0.001456 0.000547 0.000186 0.000125 0.000111 0.000102 0.000087 0.000069 0.000054 0.000046 0.000042 0.000038 0.000031 0.000024 0.000018 0.000014 0.000013 0.000014 0.000015 0.000014 0.000013 
2430.761702 2431.878840 2433.067989 2434.322403 2434.914305 2434.230729 2435.786505 2435.754878 2435.663327 2435.503071 2435.244542 2434.887192 2434.878040 2435.316438 2435.562683 2435.198156 2434.090950 2433.199806 2434.055966 2433.685061 2430.986390 2428.832335 2427.970824 2429.501868 
0.000760 0.000888 0.000761 0.000475 0.000215 0.000094 0.000069 0.000063 0.000057 0.000049 0.000038 0.000029 0.000024 0.000022 0.000020 0.000017 0.000013 0.000011 0.000010 0.000009 0.000009 0.000008 0.000007 0.000006 
2650.934601 2650.770282 2650.353186 2649.404837 2647.448605 2647.442449 2650.811688 2651.378473 2651.270793 2651.159742 2651.073655 2650.946790 2650.784104 2650.636617 2650.516982 2650.441198 2650.411836 2650.622667 2651.617439 2653.204590 2654.092210 2653.903208 2653.600711 2654.015640 
0.000914 0.001033 0.000849 0.000504 0.000221 0.000105 0.000079 0.000072 0.000067 0.000058 0.000046 0.000035 0.000029 0.000027 0.000025 0.000021 0.000017 0.000013 0.000010 0.000010 0.000010 0.000011 0.000011 0.000010 
2762.276582 2761.455264 2760.257584 2758.397520 2756.232858 2759.070701 2761.672393 2761.685219 2761.517948 2761.559045 2761.737328 2761.562666 2761.122352 2761.221642 2761.468754 2761.348481 2760.989791 2761.036480 2762.118571 2762.955906 2762.323105 2760.948550 2759.282261 2757.699822 
0.000545 0.000591 0.000463 0.000261 0.000116 0.000066 0.000051 0.000045 0.000041 0.000035 0.000029 0.000022 0.000018 0.000015 0.000014 0.000012 0.000010 0.000007 0.000005 0.000005 0.000006 0.000006 0.000005 0.000004 
2811.458524 2811.355784 2811.069104 2810.298969 2808.781321 2809.534011 2810.992311 2811.407049 2811.518254 2811.659004 2811.831912 2811.926533 2811.982686 2812.204774 2812.557445 2812.733257 2812.454466 2811.704058 2810.720326 2810.769730 2811.639895 2812.438426 2813.007234 2813.344224 
0.000830 0.000928 0.000740 0.000409 0.000157 0.000081 0.000069 0.000064 0.000059 0.000050 0.000039 0.000030 0.000025 0.000023 0.000021 0.000018 0.000015 0.000011 0.000008 0.000008 0.000008 0.000008 0.000007 0.000007 
2871.502766 2871.690181 2871.943748 2872.299166 2872.544602 2871.925885 2872.083831 2872.051039 2872.094992 2872.105303 2872.003620 2871.800735 2871.739470 2872.104550 2872.652782 2873.165450 2873.620672 2873.358976 2871.292331 2870.087261 2870.161303 2870.163709 2870.367554 2870.480051 
0.000979 0.001183 0.001057 0.000706 0.000360 0.000156 0.000078 0.000062 0.000056 0.000048 0.000038 0.000029 0.000024 0.000023 0.000022 0.000019 0.000014 0.000010 0.000007 0.000007 0.000008 0.000009 0.000008 0.000007 
2974.235975 2974.695559 2975.337446 2976.169821 2976.920049 2976.501684 2974.905198 2974.240233 2974.250657 2974.179852 2974.088364 2974.006112 2974.049816 2974.145197 2974.261827 2974.614786 2975.332939 2975.951085 2975.290410 2975.359547 2976.225040 2975.811697 2974.591971 2973.028459 
0.001447 0.001528 0.001147 0.000592 0.000218 0.000117 0.000091 0.000080 0.000073 0.000062 0.000048 0.000036 0.000031 0.000030 0.000029 0.000024 0.000018 0.000014 0.000011 0.000011 0.000010 0.000009 0.000010 0.000009 
3178.557391 3178.502559 3178.534595 3178.767929 3179.546379 3176.777433 3174.656794 3173.724309 3172.865833 3172.500628 3172.594414 3172.878731 3173.680965 3174.935401 3175.389802 3175.081161 3175.062594 3175.600243 3174.642548 3173.429904 3173.509401 3174.088419 3175.453299 3176.638420 
0.002371 0.002516 0.001902 0.000988 0.000351 0.000157 0.000112 0.000097 0.000089 0.000076 0.000060 0.000047 0.000040 0.000036 0.000032 0.000027 0.000022 0.000018 0.000016 0.000015 0.000014 0.000014 0.000012 0.000011 
3248.264682 3248.093063 3248.171201 3248.921859 3251.776686 3254.205082 3254.212744 3254.410185 3253.877649 3253.561264 3253.443574 3253.143511 3252.118128 3251.479679 3252.445605 3254.034453 3254.689129 3255.128838 3256.169849 3255.750721 3254.750519 3254.712313 3254.506221 3255.632043 
0.000727 0.000737 0.000531 0.000265 0.000103 0.000063 0.000050 0.000046 0.000042 0.000036 0.000029 0.000023 0.000019 0.000017 0.000016 0.000013 0.000010 0.000007 0.000006 0.000007 0.000007 0.000007 0.000006 0.000005 
3324.211386 3324.233139 3324.207604 3323.963433 3323.073585 3323.543383 3324.148006 3324.154623 3324.199970 3324.166122 3323.889350 3323.490698 3323.560774 3323.997006 3323.978556 3323.518872 3322.981703 3322.875291 3324.333409 3325.125045 3325.072489 3325.132464 3324.250046 3322.156795 
0.001260 0.001362 0.001065 0.000590 0.000225 0.000090 0.000070 0.000064 0.000059 0.000050 0.000040 0.000032 0.000027 0.000024 0.000021 0.000018 0.000013 0.000010 0.000009 0.000009 0.000009 0.000009 0.000009 0.000007 
3390.009804 3390.433270 3391.028541 3391.869964 3392.650762 3391.028219 3390.390556 3390.000173 3389.828448 3389.680850 3389.351364 3388.681552 3387.981208 3387.849363 3388.292669 3389.107225 3389.853993 3390.195463 3391.403695 3393.114166 3394.247290 3394.521624 3393.656542 3392.211423 
0.000965 0.001085 0.000899 0.000544 0.000238 0.000092 0.000060 0.000053 0.000049 0.000041 0.000033 0.000025 0.000021 0.000019 0.000017 0.000015 0.000012 0.000009 0.000008 0.000007 0.000007 0.000008 0.000008 0.000008 
3449.946307 3449.817623 3449.553384 3448.990068 3447.797675 3447.362995 3450.135962 3450.757919 3450.706495 3450.701769 3450.638118 3450.520557 3450.473513 3450.413326 3450.288103 3450.075423 3449.671127 3449.437045 3450.379833 3452.513115 3453.113431 3451.282743 3449.712866 3449.532486 
0.000641 0.000718 0.000595 0.000367 0.000173 0.000076 0.000047 0.000042 0.000038 0.000033 0.000026 0.000020 0.000017 0.000015 0.000013 0.000011 0.000010 0.000008 0.000007 0.000006 0.000006 0.000006 0.000005 0.000005 
3503.277783 3503.018345 3502.490002 3501.522859 3500.149288 3500.216868 3502.680712 3503.419381 3503.273190 3503.246305 3503.325234 3503.424739 3503.391647 3503.200769 3503.223640 3503.532235 3503.562774 3503.113099 3503.175322 3503.874777 3503.455540 3502.528304 3502.232323 3502.648752 
0.000977 0.001274 0.001209 0.000838 0.000415 0.000161 0.000080 0.000063 0.000058 0.000050 0.000040 0.000031 0.000025 0.000022 0.000020 0.000018 0.000014 0.000011 0.000009 0.000009 0.000009 0.000009 0.000007 0.000006 
3602.390896 3603.678679 3604.714719 3605.456225 3605.371499 3603.154390 3603.814172 3604.936673 3604.575392 3604.518147 3604.793771 3605.147719 3604.567121 3603.572116 3603.732460 3604.774745 3605.629202 3605.737594 3605.487855 3604.383890 3602.034856 3599.759422 3598.699494 3599.283451 
0.000432 0.000583 0.000572 0.000408 0.000206 0.000076 0.000039 0.000034 0.000031 0.000027 0.000021 0.000016 0.000013 0.000012 0.000011 0.000009 0.000007 0.000006 0.000005 0.000004 0.000004 0.000003 0.000004 0.000004 
3688.902342 3688.874986 3688.868541 3688.920495 3689.185339 3690.072412 3689.515452 3688.755287 3688.882575 3689.053751 3689.244290 3689.379260 3689.331060 3689.242797 3689.388032 3689.705412 3690.037408 3689.847277 3689.003500 3688.193388 3687.431151 3688.258740 3690.031012 3690.529656 
0.000611 0.000715 0.000617 0.000389 0.000178 0.000069 0.000042 0.000037 0.000035 0.000030 0.000024 0.000019 0.000016 0.000014 0.000012 0.000010 0.000008 0.000008 0.000008 0.000008 0.000007 0.000006 0.000006 0.000006 
3888.316820 3888.265616 3888.153920 3887.888468 3887.243901 3886.652724 3888.179064 3888.408968 3888.133627 3887.813315 3887.369584 3887.040908 3887.368103 3888.060620 3888.354510 3888.017416 3887.148334 3885.957540 3885.319629 3885.762283 3887.464299 3888.750064 3888.052708 3887.563400 
