0.063946 9.361420
0.063946 10.490054
0.063946 7.529090
0.095918 11.629514
0.047959 12.888820
0.047959 18.816656
0.063946 16.968018
0.031973 20.699325
0.031973 17.135604
0.015986 10.441038
0.047959 16.324907
0.047959 14.839380
0.031973 17.796421
0.031973 21.136936
0.031973 22.615394
0.031973 17.465304
0.047959 18.266405
0.031973 21.822057
0.031973 18.237790
0.047959 16.500244
0.031973 14.721717
0.031973 18.214691
0.031973 23.321103
0.031973 21.954017
0.047959 20.456777
0.047959 18.837446
0.047959 19.856927
0.047959 20.176975
0.031973 16.373352
0.031973 17.844849
0.031973 19.024819
0.047959 19.389026
0.047959 16.849749
0.047959 16.172553
0.047959 17.929885
0.031973 17.879360
0.031973 19.848365
0.031973 19.405488
0.031973 21.517897
0.031973 19.639789
0.031973 15.761274
0.031973 15.371502
0.031973 15.812944
0.031973 17.625645
0.031973 19.605714
0.031973 19.310358
0.031973 16.734024
0.031973 17.063308
0.031973 16.749746
0.031973 16.038777
0.031973 18.704701
0.031973 19.739415
0.031973 19.332107
0.031973 19.464307
0.031973 19.699079
0.031973 18.402005
0.031973 17.159440
0.031973 15.824925
0.031973 16.488665
0.031973 17.917774
0.047959 17.347566
0.031973 17.238856
0.031973 16.903858
0.031973 16.617675
0.031973 16.823723
0.031973 17.334480
0.031973 16.885751
0.031973 16.643400
0.031973 16.257767
0.031973 17.473758
0.031973 18.024305
0.031973 17.779576
0.031973 17.234098
0.031973 17.346862
0.047959 18.082927
0.031973 17.134628
0.031973 16.322288
0.031973 17.487539
0.031973 17.449647
0.031973 17.102569
0.031973 16.675405
0.031973 17.803708
0.031973 17.922389
