0.063946 8.431179
0.031973 11.129572
0.063946 10.679603
0.063946 7.385910
0.095918 10.777214
0.047959 12.310467
0.031973 12.262747
0.063946 18.676322
0.015986 11.851858
0.031973 19.995901
0.031973 18.259657
0.031973 21.395502
0.047959 16.420397
0.079932 14.951521
0.063946 17.905653
0.031973 9.511463
0.063946 17.070189
0.063946 19.291203
0.031973 15.204449
0.047959 16.153983
0.047959 19.466512
0.047959 23.463326
0.047959 23.968490
0.047959 20.948084
0.047959 21.027208
0.031973 22.668662
0.031973 23.562593
0.031973 18.774961
0.031973 20.056320
0.031973 22.885025
0.031973 24.162008
0.031973 21.992554
0.031973 20.867612
0.031973 17.223177
0.031973 15.373203
0.063946 14.420287
0.047959 16.926217
0.031973 19.161689
0.031973 14.530994
0.031973 15.748542
0.031973 15.854573
0.031973 15.772995
0.031973 16.815010
0.031973 19.527759
0.031973 18.289303
0.047959 17.604016
0.031973 16.009925
0.031973 16.970951
0.031973 17.694191
0.031973 17.003909
0.031973 18.133732
0.031973 15.770087
0.031973 15.273600
0.031973 16.225492
0.031973 17.097802
0.031973 18.226011
0.031973 19.226627
0.031973 17.249109
0.031973 19.702871
0.031973 16.281928
0.031973 17.529922
0.031973 18.196153
0.031973 18.266093
0.031973 16.157925
0.031973 17.885689
0.031973 16.639799
0.031973 17.879629
0.031973 16.936622
0.031973 17.488276
0.031973 16.472936
0.031973 17.834290
