30.000000 71.000000 0.015986
0.001039 0.003195 0.002792 0.002440 0.002293 0.001951 0.001713 0.001593 0.001456 0.001278 0.001025 0.000777 0.000637 0.000572 0.000516 0.000455 0.000397 0.000335 0.000282 0.000234 0.000209 0.000205 0.000213 0.000226 0.000245 0.000259 0.000239 0.000193 0.000221 0.000346 
41.632672 40.454564 39.746538 39.613421 38.892020 39.327726 39.880611 40.130148 41.556571 41.375474 41.135965 41.329552 40.142183 39.575551 40.780082 42.351473 44.024603 47.713518 48.917862 45.630824 42.116586 42.012922 45.658244 50.209154 52.156211 52.068722 51.247426 47.805268 42.134350 40.160377 
0.010023 0.011725 0.010094 0.006871 0.004555 0.003533 0.003006 0.002735 0.002530 0.002190 0.001728 0.001286 0.001041 0.000965 0.000912 0.000822 0.000680 0.000519 0.000415 0.000399 0.000409 0.000385 0.000347 0.000302 0.000239 0.000187 0.000175 0.000184 0.000299 0.000525 
101.607134 101.446919 100.834562 98.824403 95.235386 93.336445 92.880219 92.856057 92.604627 92.301031 92.021799 91.761958 92.061976 92.964445 93.949110 94.917115 95.445279 95.152821 95.384656 96.373514 96.957896 97.102114 97.330220 96.791140 94.680766 93.425155 96.257768 95.485089 93.748137 92.463706 
0.205799 0.734220 0.618985 0.521835 0.482191 0.410051 0.356510 0.324645 0.299579 0.255073 0.197936 0.150465 0.123080 0.109709 0.099832 0.083536 0.063036 0.044212 0.033978 0.030490 0.031161 0.030928 0.027912 0.022778 0.017172 0.013762 0.012543 0.012754 0.012549 0.010934 
143.652584 143.763715 143.912392 143.925157 143.626934 143.265519 143.529921 144.302615 145.261110 145.559775 145.152260 144.613461 144.810801 145.804371 146.983904 147.559247 147.509279 146.683306 146.297536 146.753822 147.936136 148.579884 148.562853 147.933533 146.650129 145.896399 146.089427 147.087008 147.785647 147.919048 
0.041006 0.067409 0.059901 0.053230 0.049753 0.039883 0.030917 0.027663 0.028841 0.029072 0.029127 0.029210 0.026511 0.021728 0.017318 0.013680 0.010370 0.008538 0.008048 0.008071 0.007953 0.007786 0.007294 0.006298 0.005232 0.004369 0.003573 0.002939 0.002569 0.002324 
178.933396 180.194998 180.974720 181.555458 182.340954 181.853068 180.148597 180.405517 181.664974 182.202930 182.778785 183.374337 183.168557 182.179336 181.810666 181.688996 180.705100 180.217854 180.645115 181.556382 181.903818 182.478034 182.844672 182.452251 181.989184 181.588639 181.083405 180.216801 179.621449 178.992146 
0.012188 0.051378 0.043246 0.036402 0.030641 0.025792 0.023156 0.018786 0.013609 0.010737 0.010043 0.011178 0.009624 0.006273 0.004761 0.004447 0.004370 0.003689 0.002819 0.001911 0.001638 0.001795 0.001832 0.001226 0.000840 0.000769 0.000874 0.000775 0.000681 0.000582 
197.340938 198.865521 200.933177 200.947233 198.876024 197.799095 197.530522 197.943130 199.592022 200.649216 200.130839 198.118716 198.119971 200.084776 200.317231 199.015555 198.016108 198.219756 198.735570 200.399408 200.415891 198.621907 197.377737 198.749247 200.337269 200.137141 198.217194 198.575207 198.780867 198.434263 
0.031063 0.062697 0.051496 0.049490 0.042016 0.034347 0.026505 0.021084 0.017899 0.016088 0.012825 0.009339 0.006851 0.005219 0.003734 0.002979 0.002442 0.002209 0.001845 0.001512 0.001208 0.000932 0.000649 0.000439 0.000328 0.000265 0.000217 0.000188 0.000204 0.000262 
227.570254 227.188644 226.233948 225.874330 226.936334 227.960641 227.397458 227.457558 228.095041 229.250130 229.255712 228.336158 227.566545 227.098170 226.965340 226.868911 227.830920 228.000334 228.310899 228.671101 229.008935 227.571838 226.160283 226.344211 225.527430 222.190235 222.413653 226.827399 224.481769 217.637873 
0.012324 0.015861 0.014913 0.012455 0.011414 0.011552 0.008691 0.006230 0.006635 0.006864 0.005481 0.003548 0.002573 0.002204 0.001596 0.000971 0.000689 0.000473 0.000250 0.000242 0.000309 0.000360 0.000260 0.000144 0.000088 0.000062 0.000042 0.000052 0.000087 0.000131 
242.003379 242.654157 244.538760 246.396803 246.239095 244.084939 243.352985 243.250261 242.692186 242.789186 243.787604 245.706490 246.081251 244.691866 244.215580 243.803062 241.761917 241.479211 244.998794 246.279965 244.641073 243.467730 244.313257 246.150841 246.252838 244.408466 241.668610 240.714331 241.920496 242.728267 
0.027246 0.090993 0.067506 0.050081 0.040218 0.024846 0.015270 0.011635 0.010529 0.008689 0.006557 0.003991 0.002091 0.001340 0.001001 0.000564 0.000528 0.000519 0.000422 0.000301 0.000236 0.000213 0.000181 0.000121 0.000080 0.000078 0.000084 0.000073 0.000078 0.000111 
268.839064 267.743249 266.413170 265.547554 265.112471 264.837476 266.468080 267.649220 267.968310 267.229095 266.973148 268.527672 267.305699 262.542705 261.560650 264.566463 268.013622 267.864346 265.478300 266.176710 267.957595 266.074392 262.299281 262.642165 266.269366 266.390868 265.973572 267.482189 267.992362 266.870452 
0.013739 0.010441 0.007518 0.008384 0.011281 0.010700 0.009048 0.006241 0.003020 0.001963 0.001910 0.002205 0.001843 0.001254 0.000872 0.000663 0.000540 0.000433 0.000325 0.000244 0.000196 0.000150 0.000104 0.000069 0.000053 0.000048 0.000053 0.000057 0.000058 0.000055 
284.241048 285.765984 287.597786 285.664383 282.392477 281.685861 282.424131 283.431646 285.216710 285.810646 285.558208 284.184430 284.699066 285.655269 285.424362 284.309508 283.551885 283.869823 284.792144 285.239123 284.587838 283.999647 284.041574 284.669102 284.928029 284.191243 282.984929 282.399010 281.835057 281.352315 
0.021008 0.025735 0.024296 0.018050 0.011531 0.008382 0.007154 0.005249 0.002604 0.001697 0.001399 0.001360 0.001132 0.000876 0.000550 0.000235 0.000155 0.000161 0.000154 0.000114 0.000083 0.000065 0.000050 0.000037 0.000033 0.000031 0.000025 0.000030 0.000037 0.000038 
295.314975 295.504209 295.744254 296.386214 297.649086 297.679873 296.215929 295.557933 297.764779 297.646926 295.586465 292.663768 292.118882 292.881729 294.459382 297.627632 297.603461 294.500424 292.573322 292.051369 292.503556 293.823825 295.392578 296.452205 295.357432 295.320227 297.030536 296.318818 296.193393 297.304404 
0.026626 0.030466 0.024213 0.014228 0.007907 0.004774 0.001395 0.000446 0.000722 0.000818 0.000978 0.000795 0.000437 0.000274 0.000274 0.000310 0.000285 0.000243 0.000201 0.000158 0.000119 0.000087 0.000058 0.000036 0.000026 0.000024 0.000022 0.000022 0.000029 0.000045 
313.969272 314.332455 315.162837 316.423344 316.320723 313.670661 310.186391 312.231445 314.590160 315.633490 313.744762 312.946568 311.775199 310.939714 311.897406 313.369940 314.563061 315.253916 315.301446 315.222355 314.986803 314.466143 313.888584 313.472468 313.594148 313.947076 313.456845 311.626715 311.218679 312.242147 
0.044898 0.059869 0.058777 0.042681 0.022484 0.010251 0.006003 0.004178 0.002922 0.002135 0.001628 0.001074 0.000605 0.000377 0.000316 0.000286 0.000251 0.000249 0.000256 0.000214 0.000164 0.000137 0.000114 0.000088 0.000069 0.000058 0.000061 0.000071 0.000080 0.000090 
333.462647 333.220001 333.149096 333.309980 334.062084 336.323810 337.635335 337.693770 337.492617 335.971643 333.507875 334.029209 339.288920 342.287128 338.992706 337.299324 337.948116 337.688909 336.795399 338.094009 340.951521 341.991956 341.347554 343.336329 347.301788 350.602380 352.056240 352.158003 350.964370 347.530754 
0.003029 0.005142 0.003955 0.003563 0.002685 0.001562 0.000681 0.000390 0.000372 0.000324 0.000252 0.000196 0.000167 0.000150 0.000131 0.000109 0.000084 0.000059 0.000045 0.000044 0.000047 0.000046 0.000041 0.000032 0.000023 0.000017 0.000019 0.000024 0.000030 0.000041 
377.459926 377.104147 377.021456 377.510776 378.324601 379.141896 379.696464 378.426890 378.910635 379.288692 379.210364 379.284805 379.281473 379.135783 379.107149 379.270212 379.348220 379.223792 379.076367 378.951096 378.684168 378.522082 378.613666 378.888786 379.393216 379.903894 378.831133 378.604636 379.395387 379.521444 
0.000964 0.003032 0.002387 0.001880 0.001480 0.001158 0.000653 0.000382 0.000315 0.000268 0.000212 0.000164 0.000136 0.000118 0.000103 0.000085 0.000064 0.000045 0.000035 0.000032 0.000033 0.000032 0.000029 0.000024 0.000018 0.000014 0.000013 0.000012 0.000015 0.000025 
390.788111 393.190251 394.810818 393.591840 391.928667 391.436536 391.350606 391.936867 392.200502 392.251191 392.400467 392.545897 392.499302 392.600106 392.757734 392.772043 392.735110 392.604947 392.128406 391.788829 391.935339 392.126487 392.146133 391.997739 391.691355 391.377203 391.494138 392.252377 392.284385 391.555339 
0.003163 0.010386 0.007800 0.005859 0.004672 0.002936 0.001677 0.001133 0.000766 0.000476 0.000354 0.000311 0.000265 0.000213 0.000176 0.000144 0.000107 0.000077 0.000060 0.000059 0.000061 0.000057 0.000048 0.000039 0.000031 0.000025 0.000024 0.000025 0.000036 0.000054 
417.745551 415.043578 413.336758 412.906542 413.367568 414.746681 417.697993 419.457968 418.638415 414.836740 414.834430 418.293928 418.011536 414.813240 413.073188 413.608393 414.155097 414.266140 413.178362 413.325728 414.185382 413.944638 413.336300 413.010964 412.917272 413.156631 413.186594 413.511041 414.731578 414.518246 
0.001824 0.001896 0.001817 0.001758 0.001492 0.000795 0.000598 0.000701 0.000938 0.000899 0.000683 0.000487 0.000387 0.000335 0.000273 0.000212 0.000166 0.000137 0.000117 0.000096 0.000072 0.000047 0.000031 0.000029 0.000030 0.000030 0.000031 0.000030 0.000024 0.000023 
435.546401 437.118341 437.847391 437.220861 436.058529 434.957377 434.473761 433.482622 434.979142 435.105947 434.537075 433.638426 434.005164 435.437893 436.689878 437.292887 437.339279 436.908425 436.340811 436.146135 436.268142 436.640010 437.009499 436.614279 435.981298 435.456336 435.158152 434.410326 432.275074 431.661730 
0.001805 0.007952 0.006053 0.004608 0.004307 0.003314 0.002383 0.001722 0.001217 0.000707 0.000327 0.000208 0.000206 0.000265 0.000299 0.000257 0.000171 0.000083 0.000059 0.000068 0.000085 0.000081 0.000064 0.000042 0.000024 0.000019 0.000025 0.000032 0.000034 0.000034 
443.872726 444.220278 445.251558 446.112405 446.818717 447.556071 447.669580 446.877336 445.324768 444.075168 444.341203 445.515660 446.526953 445.549460 444.819684 444.600166 444.523938 444.727061 445.018171 444.571902 444.748849 445.075221 445.360935 445.760603 447.243627 447.926635 445.998311 445.659178 446.433018 446.979571 
0.001249 0.009802 0.007201 0.005290 0.004896 0.003182 0.001723 0.001026 0.000735 0.000379 0.000166 0.000118 0.000134 0.000154 0.000135 0.000097 0.000068 0.000049 0.000038 0.000034 0.000039 0.000041 0.000034 0.000023 0.000017 0.000014 0.000012 0.000012 0.000018 0.000027 
459.692156 459.607148 457.723400 456.623638 455.809763 454.435507 453.011493 453.058022 455.275483 456.720507 456.618279 455.367253 455.807984 455.621169 455.099279 454.899698 455.160978 454.891716 454.440959 454.023922 454.723518 455.196046 455.303882 455.148606 454.857048 455.109311 455.271039 455.020570 454.320062 454.903427 
0.002760 0.003723 0.003585 0.002549 0.001554 0.001166 0.000856 0.000524 0.000324 0.000256 0.000194 0.000153 0.000129 0.000115 0.000111 0.000101 0.000076 0.000057 0.000049 0.000059 0.000068 0.000072 0.000067 0.000052 0.000035 0.000024 0.000021 0.000020 0.000018 0.000021 
484.157910 483.953696 483.578192 484.004674 486.389816 488.407338 487.364692 485.832762 486.645266 487.880508 488.097743 486.943764 486.044061 485.823124 485.552168 485.716168 486.911719 487.192657 486.189674 483.122979 482.483786 482.959748 483.584670 484.000096 484.433897 485.218289 484.806861 484.233174 486.463736 488.970569 
0.002541 0.004546 0.003512 0.002835 0.002002 0.001273 0.000763 0.000540 0.000429 0.000333 0.000263 0.000208 0.000170 0.000143 0.000121 0.000100 0.000077 0.000056 0.000042 0.000037 0.000037 0.000037 0.000034 0.000028 0.000021 0.000017 0.000017 0.000020 0.000025 0.000032 
513.229916 511.952356 511.186035 510.807843 510.727443 510.549427 509.959122 509.449411 509.618040 510.467691 511.286423 511.831793 511.826279 511.296146 510.508378 509.886333 509.852389 510.542337 511.195384 510.544669 509.650411 509.256723 509.011379 508.819094 508.867151 509.006647 508.504855 507.316048 506.570710 507.476840 
0.006035 0.011815 0.008656 0.007371 0.004855 0.002471 0.001126 0.000627 0.000443 0.000351 0.000265 0.000197 0.000165 0.000151 0.000134 0.000110 0.000084 0.000060 0.000045 0.000043 0.000046 0.000046 0.000042 0.000035 0.000028 0.000023 0.000021 0.000021 0.000025 0.000033 
543.104683 545.008986 548.225881 551.109467 553.193691 553.919133 553.395100 550.605062 546.072280 543.300932 543.145347 543.597696 542.830967 542.349218 542.664009 542.991086 543.220994 543.470322 542.973734 541.722858 541.188184 541.468579 542.231271 542.992304 543.279092 543.041624 542.972161 542.650477 541.468829 541.185424 
0.011010 0.030716 0.021109 0.018995 0.012934 0.006762 0.003032 0.001394 0.000688 0.000372 0.000223 0.000150 0.000120 0.000107 0.000097 0.000084 0.000068 0.000052 0.000044 0.000045 0.000044 0.000041 0.000034 0.000028 0.000025 0.000023 0.000022 0.000028 0.000031 0.000029 
586.370211 587.132853 587.644776 588.104868 588.674326 589.408781 589.668618 589.400521 588.931599 586.804137 584.608221 584.180663 584.388344 584.281581 584.242527 584.704208 585.481437 586.460810 588.386962 590.046116 590.338365 589.640468 588.521696 588.004833 589.101783 590.286165 590.926257 590.704660 589.608458 587.335548 
0.027967 0.069620 0.047460 0.040646 0.026857 0.014042 0.006112 0.002413 0.000963 0.000443 0.000287 0.000239 0.000216 0.000179 0.000149 0.000133 0.000119 0.000103 0.000085 0.000063 0.000050 0.000049 0.000050 0.000047 0.000039 0.000032 0.000027 0.000022 0.000021 0.000028 
632.404904 631.703065 631.414045 631.435459 631.559569 631.189802 630.450756 630.753373 631.216314 631.473363 631.737818 632.631542 633.057666 632.922786 633.347316 634.019710 633.652009 632.856348 632.127041 632.034230 632.593529 632.843598 633.229253 633.088345 632.275751 630.327171 627.915764 628.906119 628.765033 624.719211 
0.009450 0.018397 0.013162 0.011154 0.007404 0.003834 0.001777 0.000883 0.000493 0.000325 0.000222 0.000168 0.000140 0.000119 0.000106 0.000096 0.000081 0.000062 0.000046 0.000036 0.000033 0.000032 0.000030 0.000025 0.000020 0.000016 0.000015 0.000015 0.000019 0.000026 
679.902423 681.200954 682.061872 682.257779 681.575961 680.245341 679.936145 680.414161 680.212391 680.109944 680.474706 680.119494 678.929337 679.195874 680.778255 681.935228 682.774252 683.186217 681.780043 679.609812 680.157106 681.224432 681.340279 681.205062 681.313357 680.766653 678.821320 677.971335 679.587162 681.287973 
0.010046 0.020617 0.014731 0.011727 0.007109 0.003515 0.001562 0.000680 0.000405 0.000326 0.000293 0.000262 0.000222 0.000179 0.000141 0.000108 0.000084 0.000068 0.000058 0.000049 0.000045 0.000045 0.000043 0.000038 0.000032 0.000031 0.000034 0.000036 0.000037 0.000037 
730.373019 730.587870 730.534124 730.652271 731.331663 732.193999 732.616247 733.456927 731.615720 730.118284 729.865935 730.206127 730.602686 730.180546 729.343627 729.375083 729.789950 729.582164 728.552602 727.760938 727.334991 726.411636 725.405233 724.921385 724.919629 725.310269 726.430107 726.488773 724.632670 722.136380 
0.017317 0.022649 0.021724 0.015545 0.008638 0.004326 0.002140 0.000940 0.000390 0.000249 0.000184 0.000135 0.000110 0.000101 0.000096 0.000084 0.000069 0.000054 0.000044 0.000038 0.000034 0.000032 0.000029 0.000025 0.000020 0.000018 0.000018 0.000020 0.000021 0.000023 
801.946314 801.734670 801.208821 800.310891 799.584969 798.979028 798.341819 795.257294 793.551137 792.058761 790.419438 789.691071 789.655102 789.267647 788.901298 788.863273 788.940339 788.785593 788.110923 787.421135 788.021203 789.220750 789.271962 788.254283 787.716084 788.171183 786.882353 784.738311 784.298369 786.072319 
0.018456 0.023094 0.020961 0.013815 0.006662 0.002525 0.000952 0.000409 0.000289 0.000205 0.000147 0.000110 0.000094 0.000088 0.000081 0.000068 0.000056 0.000047 0.000043 0.000043 0.000042 0.000039 0.000036 0.000033 0.000031 0.000031 0.000030 0.000028 0.000027 0.000023 
826.953338 827.218670 827.861533 829.104475 830.604917 830.748530 828.653584 830.237952 829.527544 829.756612 829.139346 828.927363 829.493249 830.100960 830.768346 831.898075 833.622169 835.468646 836.208944 835.725156 835.321496 835.490716 836.060670 837.103250 838.070881 838.162275 838.161713 838.201185 837.714445 836.992621 
0.004435 0.005260 0.004916 0.003716 0.002360 0.001351 0.000757 0.000400 0.000241 0.000176 0.000130 0.000097 0.000081 0.000074 0.000067 0.000056 0.000043 0.000031 0.000022 0.000020 0.000021 0.000021 0.000019 0.000016 0.000013 0.000011 0.000009 0.000009 0.000011 0.000016 
880.390690 881.305702 882.492456 883.395149 883.214250 882.546898 881.732948 881.084782 881.551153 882.475325 882.509078 882.375231 882.464200 882.599594 882.647417 882.800822 883.179231 883.227659 882.390644 882.412687 883.339219 883.578175 883.343064 883.074042 882.780088 882.237049 882.469819 882.778203 881.162286 881.205233 
0.005752 0.007180 0.006858 0.004969 0.002641 0.001138 0.000592 0.000379 0.000238 0.000171 0.000135 0.000105 0.000083 0.000070 0.000063 0.000054 0.000042 0.000031 0.000024 0.000022 0.000023 0.000022 0.000021 0.000018 0.000014 0.000011 0.000011 0.000012 0.000016 0.000020 
924.037772 924.019718 923.783408 923.461220 923.106781 923.757267 924.396927 925.113172 922.561537 920.015307 920.226762 920.614583 920.369101 920.232999 920.503974 920.576788 919.781138 917.792557 916.471511 918.326624 919.406917 918.705932 918.229931 919.120438 920.324104 919.324730 916.343347 913.909810 913.023203 914.545042 
0.013783 0.016777 0.015337 0.010583 0.005385 0.002171 0.000921 0.000505 0.000260 0.000178 0.000139 0.000111 0.000093 0.000080 0.000070 0.000059 0.000048 0.000038 0.000032 0.000030 0.000032 0.000032 0.000028 0.000026 0.000025 0.000024 0.000023 0.000023 0.000024 0.000026 
970.183767 970.021475 969.333378 967.937300 965.894061 966.462658 970.677527 972.626634 967.666071 963.921413 964.383470 964.986652 964.699269 963.718185 963.351520 963.350024 962.989323 962.265932 962.266212 962.910891 963.237237 963.736825 963.944678 963.789357 963.836452 962.786991 961.335868 961.339179 960.848069 959.140875 
0.017300 0.020591 0.018389 0.012578 0.006608 0.002604 0.000776 0.000324 0.000223 0.000163 0.000123 0.000096 0.000080 0.000071 0.000063 0.000054 0.000043 0.000031 0.000025 0.000023 0.000023 0.000022 0.000020 0.000018 0.000016 0.000015 0.000015 0.000014 0.000013 0.000015 
1012.495941 1012.446636 1012.467081 1012.404743 1011.845884 1010.047934 1007.043936 1008.060697 1009.994811 1013.746327 1015.250858 1015.189298 1014.856381 1014.839087 1015.101009 1015.616125 1016.165350 1016.179273 1015.140548 1014.308316 1014.276611 1014.597807 1015.316718 1016.370713 1017.457204 1018.075072 1018.125048 1017.478817 1015.229929 1013.471750 
0.009312 0.010226 0.008330 0.005208 0.002476 0.000949 0.000336 0.000214 0.000179 0.000149 0.000116 0.000087 0.000071 0.000064 0.000058 0.000049 0.000037 0.000026 0.000019 0.000019 0.000020 0.000019 0.000017 0.000014 0.000011 0.000009 0.000010 0.000010 0.000012 0.000014 
1052.409553 1053.689317 1055.020446 1055.005786 1052.990080 1048.298170 1049.525857 1051.358508 1052.259112 1052.327900 1052.223472 1052.170513 1052.384622 1052.411315 1052.109298 1051.914508 1051.929288 1052.019753 1052.007788 1052.058311 1052.317810 1052.412289 1052.300441 1052.124456 1051.939204 1051.478282 1049.845504 1048.157501 1048.640858 1049.843650 
0.008102 0.009566 0.008590 0.005962 0.003183 0.001273 0.000435 0.000255 0.000212 0.000171 0.000131 0.000100 0.000083 0.000075 0.000068 0.000058 0.000046 0.000036 0.000030 0.000029 0.000029 0.000029 0.000027 0.000025 0.000023 0.000023 0.000025 0.000025 0.000024 0.000022 
1101.176068 1102.021117 1102.224926 1101.474183 1099.634975 1097.206346 1095.585339 1097.433780 1098.375562 1099.231148 1099.421393 1098.958190 1098.437353 1098.324334 1098.196275 1097.585695 1096.236159 1094.127928 1092.095743 1091.515545 1091.861410 1091.977979 1091.379520 1089.836041 1087.294967 1085.549147 1085.695409 1086.688695 1089.576778 1095.094946 
0.002338 0.002403 0.001754 0.000938 0.000463 0.000281 0.000187 0.000157 0.000140 0.000118 0.000091 0.000069 0.000056 0.000050 0.000046 0.000038 0.000029 0.000022 0.000017 0.000016 0.000017 0.000018 0.000017 0.000015 0.000012 0.000010 0.000009 0.000009 0.000009 0.000010 
1142.241274 1142.937629 1143.730614 1144.081451 1144.439208 1145.423539 1145.508060 1144.019124 1143.807749 1143.801909 1143.837210 1143.868015 1143.845984 1143.811738 1143.847457 1143.920574 1143.904917 1143.697638 1143.505163 1143.434902 1143.280419 1143.108553 1142.987863 1143.071387 1143.362354 1143.576524 1143.990945 1144.418421 1143.756774 1142.788321 
0.001172 0.001410 0.001356 0.001093 0.000734 0.000397 0.000195 0.000140 0.000126 0.000108 0.000085 0.000065 0.000053 0.000048 0.000044 0.000037 0.000028 0.000019 0.000014 0.000013 0.000015 0.000016 0.000015 0.000012 0.000009 0.000007 0.000007 0.000008 0.000009 0.000011 
1165.912966 1166.590852 1168.499201 1171.107232 1172.316161 1170.954443 1169.293118 1170.840223 1170.747321 1170.768000 1170.923465 1170.984180 1170.929281 1170.884147 1170.873295 1170.865318 1170.846790 1170.827818 1170.933396 1171.157830 1171.299294 1171.366350 1171.353354 1171.209443 1171.049536 1171.017006 1170.497307 1169.472927 1169.079626 1169.758585 
0.000563 0.001396 0.001109 0.000880 0.000705 0.000428 0.000204 0.000129 0.000118 0.000100 0.000079 0.000060 0.000049 0.000044 0.000040 0.000035 0.000029 0.000025 0.000022 0.000021 0.000021 0.000019 0.000017 0.000016 0.000015 0.000015 0.000017 0.000017 0.000017 0.000016 
1195.504464 1195.205901 1193.850581 1192.886166 1193.189141 1194.373015 1194.700760 1193.032754 1193.940805 1194.342867 1194.477814 1194.556881 1194.717730 1194.976572 1195.298499 1195.750148 1196.288382 1196.930791 1197.727254 1198.091214 1197.895663 1197.879893 1198.086691 1198.337496 1198.972051 1199.457121 1199.337859 1199.316885 1199.731278 1199.636906 
0.000895 0.002394 0.001826 0.001784 0.001372 0.000901 0.000530 0.000295 0.000180 0.000139 0.000107 0.000082 0.000068 0.000060 0.000053 0.000044 0.000033 0.000024 0.000019 0.000018 0.000018 0.000018 0.000017 0.000014 0.000011 0.000009 0.000008 0.000009 0.000011 0.000015 
1235.316420 1234.347514 1234.902651 1235.474843 1235.320043 1233.741670 1231.670177 1231.316844 1233.109834 1233.815737 1233.715333 1233.636388 1233.615430 1233.595874 1233.479954 1233.166231 1232.831114 1233.047011 1233.964184 1234.356626 1233.889428 1233.240370 1233.279957 1234.383438 1235.714526 1235.841170 1233.641428 1233.294434 1235.272322 1235.000298 
0.004746 0.005959 0.005454 0.003637 0.001733 0.000719 0.000363 0.000244 0.000200 0.000166 0.000128 0.000096 0.000078 0.000071 0.000066 0.000057 0.000044 0.000034 0.000028 0.000027 0.000030 0.000031 0.000030 0.000027 0.000025 0.000023 0.000022 0.000022 0.000022 0.000021 
1328.237315 1328.700542 1329.087614 1329.289513 1329.156714 1327.407948 1326.947054 1329.284921 1330.606021 1330.639074 1330.713761 1331.013119 1331.198572 1331.131893 1330.837508 1330.388002 1329.919106 1329.187792 1328.534861 1328.948144 1329.421434 1329.247158 1328.557414 1327.260965 1325.347672 1323.849134 1323.871783 1324.721802 1325.395153 1326.988931 
0.000921 0.001178 0.001127 0.000818 0.000462 0.000239 0.000167 0.000147 0.000133 0.000112 0.000087 0.000067 0.000055 0.000050 0.000045 0.000037 0.000029 0.000021 0.000017 0.000017 0.000018 0.000018 0.000016 0.000014 0.000011 0.000010 0.000010 0.000011 0.000011 0.000013 
1394.581563 1394.954657 1394.762638 1393.942490 1392.907485 1394.132798 1396.221339 1395.976794 1395.751968 1395.686251 1395.631244 1395.413317 1395.168888 1395.328290 1395.781952 1396.230824 1396.433790 1395.973248 1394.673128 1393.822519 1393.654546 1393.416860 1393.041186 1392.662042 1392.008288 1390.887136 1390.449578 1391.860375 1395.875287 1399.457131 
0.001413 0.001673 0.001462 0.000958 0.000511 0.000275 0.000189 0.000156 0.000138 0.000116 0.000090 0.000068 0.000056 0.000051 0.000046 0.000039 0.000030 0.000022 0.000019 0.000019 0.000019 0.000019 0.000018 0.000017 0.000017 0.000016 0.000014 0.000014 0.000015 0.000017 
1505.500752 1504.506780 1503.654109 1503.176067 1503.243381 1502.905267 1501.298217 1500.557024 1500.311328 1500.099603 1499.795676 1499.556089 1499.510052 1499.503912 1499.408617 1499.193139 1498.901450 1499.073924 1500.254998 1500.724021 1500.242487 1499.921626 1500.235822 1501.205980 1502.343084 1502.675731 1502.150415 1502.955478 1505.389582 1506.182379 
0.001744 0.001913 0.001553 0.000953 0.000470 0.000248 0.000176 0.000149 0.000133 0.000112 0.000088 0.000067 0.000055 0.000051 0.000047 0.000041 0.000033 0.000025 0.000020 0.000020 0.000021 0.000021 0.000020 0.000018 0.000018 0.000017 0.000018 0.000018 0.000017 0.000016 
1552.934685 1553.460325 1554.363022 1555.434596 1556.209015 1553.923159 1552.743018 1552.153038 1551.801907 1551.874321 1552.195910 1552.607995 1552.716706 1552.629015 1553.008923 1553.984232 1555.053894 1555.784692 1556.588402 1556.950354 1556.266025 1555.288895 1554.707098 1555.863479 1558.674975 1560.531137 1560.260734 1559.303768 1557.998010 1554.527704 
0.001142 0.001197 0.000985 0.000699 0.000478 0.000286 0.000150 0.000106 0.000096 0.000082 0.000064 0.000048 0.000039 0.000036 0.000033 0.000028 0.000021 0.000016 0.000013 0.000012 0.000012 0.000012 0.000011 0.000009 0.000008 0.000007 0.000007 0.000008 0.000009 0.000010 
1590.886840 1591.734410 1591.950620 1590.894434 1588.733935 1588.280928 1589.837479 1589.810573 1589.430706 1589.680005 1589.892196 1590.039662 1590.259686 1590.486948 1590.547987 1590.400880 1589.991244 1589.227362 1588.736456 1589.659163 1590.718217 1590.901131 1590.426683 1589.676605 1589.364511 1589.896626 1590.277471 1590.192787 1588.936661 1587.878614 
0.001585 0.001634 0.001211 0.000644 0.000282 0.000162 0.000121 0.000108 0.000099 0.000085 0.000067 0.000051 0.000041 0.000038 0.000034 0.000029 0.000022 0.000016 0.000012 0.000012 0.000012 0.000012 0.000012 0.000010 0.000008 0.000007 0.000007 0.000009 0.000010 0.000011 
1623.976810 1624.789913 1625.632502 1625.937632 1623.412948 1621.360997 1620.551597 1620.054953 1620.129712 1620.141532 1620.159899 1620.156595 1620.135565 1620.149539 1620.170322 1620.170865 1620.209255 1620.431814 1620.807563 1620.936032 1621.179422 1621.713670 1622.240241 1622.756471 1623.306106 1623.287278 1622.469728 1622.535617 1623.164333 1623.084319 
0.003432 0.003806 0.003043 0.001755 0.000765 0.000342 0.000173 0.000127 0.000116 0.000099 0.000077 0.000058 0.000048 0.000044 0.000040 0.000033 0.000026 0.000019 0.000015 0.000014 0.000015 0.000015 0.000014 0.000011 0.000010 0.000011 0.000012 0.000013 0.000012 0.000010 
1659.986902 1659.708335 1659.388227 1659.642484 1662.321445 1665.360722 1661.703938 1658.461243 1658.916459 1658.765179 1658.578106 1658.499637 1658.489308 1658.562824 1658.732837 1658.967723 1659.544396 1660.671544 1661.448696 1661.818075 1662.826395 1663.529686 1663.407420 1662.596090 1662.995892 1666.105852 1667.699793 1667.003755 1665.801557 1664.053389 
0.001775 0.002068 0.001834 0.001301 0.000846 0.000489 0.000255 0.000137 0.000097 0.000078 0.000060 0.000045 0.000036 0.000033 0.000030 0.000025 0.000019 0.000014 0.000010 0.000009 0.000010 0.000010 0.000009 0.000008 0.000007 0.000006 0.000006 0.000006 0.000006 0.000006 
1714.628741 1714.812216 1715.935380 1718.433845 1720.549485 1720.610699 1716.811827 1714.682163 1717.157041 1718.214105 1718.680427 1719.130471 1719.341796 1719.401055 1719.530782 1719.747101 1719.949665 1719.839324 1719.293608 1718.967249 1718.993025 1718.932074 1718.482175 1717.722239 1717.043064 1717.263738 1719.361084 1720.963074 1720.663808 1719.258641 
0.001136 0.001881 0.001419 0.001158 0.000750 0.000372 0.000157 0.000109 0.000098 0.000082 0.000063 0.000048 0.000039 0.000036 0.000032 0.000028 0.000022 0.000016 0.000013 0.000013 0.000014 0.000013 0.000011 0.000009 0.000007 0.000008 0.000011 0.000012 0.000011 0.000010 
1765.709943 1765.133629 1763.877872 1761.986720 1760.051116 1759.186802 1762.214768 1763.991415 1764.089470 1764.679552 1764.987347 1765.069066 1765.165421 1765.321446 1765.350357 1765.341542 1765.510158 1765.772042 1764.942366 1763.377881 1763.318751 1764.299645 1764.937257 1764.316349 1763.536564 1764.097276 1763.668800 1762.620557 1761.382730 1761.165883 
0.001274 0.001453 0.001232 0.000771 0.000354 0.000152 0.000104 0.000095 0.000087 0.000073 0.000056 0.000043 0.000036 0.000034 0.000032 0.000029 0.000024 0.000020 0.000018 0.000018 0.000019 0.000019 0.000016 0.000013 0.000011 0.000011 0.000012 0.000012 0.000012 0.000012 
1808.121209 1808.318545 1807.980669 1806.704163 1803.823127 1802.737403 1805.073509 1805.243808 1805.113903 1805.123916 1805.313638 1805.440291 1805.332196 1804.954899 1804.260982 1803.399201 1802.504000 1802.160824 1803.540863 1804.873570 1804.831591 1804.654712 1804.815845 1804.917326 1804.108742 1803.051546 1803.077616 1804.052004 1804.211218 1803.069763 
0.001070 0.001161 0.000975 0.000657 0.000382 0.000202 0.000112 0.000080 0.000070 0.000059 0.000045 0.000033 0.000028 0.000025 0.000023 0.000019 0.000015 0.000012 0.000009 0.000008 0.000008 0.000007 0.000007 0.000007 0.000006 0.000005 0.000004 0.000004 0.000004 0.000004 
1825.732021 1824.854157 1824.681345 1825.973470 1829.173680 1830.585050 1828.864521 1827.949506 1827.799364 1827.628940 1827.562323 1827.594964 1827.707483 1827.735578 1827.664986 1827.598624 1827.575286 1827.539780 1827.665946 1828.078070 1828.121813 1828.007230 1827.988493 1827.738483 1827.442505 1827.449162 1827.953864 1829.004165 1829.802931 1829.918725 
0.002176 0.002514 0.002192 0.001437 0.000710 0.000286 0.000156 0.000128 0.000114 0.000097 0.000077 0.000059 0.000049 0.000044 0.000040 0.000034 0.000027 0.000021 0.000016 0.000015 0.000015 0.000015 0.000014 0.000013 0.000011 0.000009 0.000010 0.000011 0.000011 0.000010 
1862.120200 1862.448530 1862.243971 1861.324749 1858.925677 1858.979433 1866.094583 1864.037234 1862.544434 1862.242351 1862.297897 1862.499870 1862.485992 1862.412137 1862.555689 1862.967999 1863.635830 1863.735195 1862.753361 1862.339965 1862.565099 1862.791739 1862.974605 1862.670258 1862.416286 1864.007741 1866.350026 1866.345830 1864.115156 1860.420283 
0.001424 0.001558 0.001256 0.000746 0.000336 0.000151 0.000106 0.000097 0.000088 0.000074 0.000058 0.000044 0.000037 0.000034 0.000031 0.000026 0.000020 0.000016 0.000013 0.000012 0.000012 0.000013 0.000013 0.000013 0.000013 0.000012 0.000010 0.000010 0.000010 0.000009 
1915.369083 1915.209245 1914.259456 1911.828250 1907.523833 1907.772119 1911.580181 1911.921217 1911.939718 1911.907448 1911.804702 1911.790856 1911.894797 1911.609514 1910.951380 1910.520759 1910.931828 1912.103618 1912.694329 1912.536244 1912.890737 1914.353446 1916.876991 1919.106291 1920.147837 1920.269264 1919.001006 1916.836591 1916.482166 1917.671108 
0.002557 0.002808 0.002192 0.001171 0.000399 0.000171 0.000141 0.000129 0.000119 0.000102 0.000080 0.000061 0.000050 0.000045 0.000041 0.000035 0.000027 0.000021 0.000017 0.000016 0.000017 0.000016 0.000015 0.000014 0.000014 0.000013 0.000012 0.000011 0.000011 0.000012 
1961.684836 1962.719422 1963.836878 1965.129134 1965.546335 1959.975325 1959.725005 1959.412676 1959.309139 1959.361952 1959.523797 1959.697599 1959.441419 1958.831258 1958.468890 1958.397563 1958.389659 1959.065477 1962.211850 1965.410649 1966.034213 1966.271311 1967.083177 1967.344601 1966.530850 1966.426119 1968.643519 1971.087351 1967.997742 1958.274352 
0.000798 0.001069 0.001021 0.000705 0.000364 0.000173 0.000104 0.000081 0.000074 0.000063 0.000050 0.000037 0.000031 0.000028 0.000026 0.000023 0.000019 0.000016 0.000013 0.000013 0.000014 0.000015 0.000015 0.000014 0.000013 0.000012 0.000012 0.000013 0.000014 0.000014 
2045.079897 2044.766136 2044.202359 2043.194050 2042.309417 2043.949731 2047.106129 2046.983370 2046.967520 2047.142138 2047.357459 2047.615371 2047.851739 2047.919061 2047.886135 2047.771094 2047.338414 2046.282842 2045.003753 2044.614529 2044.611155 2044.142386 2043.750985 2043.612500 2043.742854 2044.040256 2043.825694 2042.932112 2042.105461 2042.069709 
0.000556 0.000676 0.000605 0.000395 0.000188 0.000090 0.000072 0.000066 0.000060 0.000050 0.000039 0.000029 0.000024 0.000022 0.000020 0.000017 0.000014 0.000012 0.000010 0.000008 0.000008 0.000007 0.000007 0.000006 0.000006 0.000007 0.000006 0.000005 0.000005 0.000005 
2129.140116 2129.163605 2129.202244 2129.227772 2129.171994 2129.061610 2129.122389 2129.101334 2129.031339 2128.978742 2128.959583 2128.956661 2128.962423 2129.002955 2129.150970 2129.528676 2129.878710 2129.604471 2129.096145 2128.924980 2129.000581 2129.420371 2130.343346 2130.896578 2130.318450 2129.608981 2129.662871 2130.425504 2129.973009 2127.879202 
0.001208 0.001335 0.001053 0.000582 0.000241 0.000137 0.000108 0.000099 0.000091 0.000078 0.000061 0.000047 0.000038 0.000035 0.000032 0.000027 0.000021 0.000016 0.000014 0.000013 0.000014 0.000014 0.000013 0.000011 0.000009 0.000008 0.000007 0.000006 0.000007 0.000008 
2201.063541 2200.971374 2200.806936 2200.447038 2199.218431 2198.368213 2198.816623 2198.851529 2198.810754 2198.992351 2199.269550 2199.434603 2199.370833 2199.262647 2199.136193 2198.992828 2199.032503 2199.194930 2198.445939 2197.216460 2197.305729 2198.189806 2198.451442 2197.365041 2195.666122 2195.384660 2197.260740 2198.230686 2197.323880 2198.040821 
0.001414 0.001630 0.001337 0.000763 0.000298 0.000139 0.000111 0.000098 0.000089 0.000076 0.000059 0.000044 0.000036 0.000033 0.000030 0.000026 0.000021 0.000016 0.000013 0.000012 0.000012 0.000012 0.000011 0.000009 0.000009 0.000009 0.000009 0.000008 0.000010 0.000011 
2245.470440 2246.042738 2246.631716 2247.347711 2247.613699 2244.977496 2244.151280 2244.302591 2244.478625 2244.543716 2244.603254 2244.650449 2244.532059 2244.279620 2243.966143 2243.415259 2242.290199 2240.968023 2241.753388 2245.009334 2247.511085 2248.259919 2247.537135 2245.935130 2245.054178 2244.565024 2242.727781 2239.785590 2238.312133 2238.104778 
0.001688 0.002055 0.001793 0.001109 0.000467 0.000163 0.000102 0.000092 0.000084 0.000072 0.000056 0.000043 0.000036 0.000033 0.000030 0.000025 0.000019 0.000015 0.000013 0.000012 0.000013 0.000016 0.000017 0.000015 0.000012 0.000011 0.000011 0.000011 0.000012 0.000014 
2291.743764 2292.030236 2292.489117 2293.169588 2293.846368 2291.822830 2289.567915 2289.350873 2289.085599 2288.816921 2288.573796 2288.465598 2288.315699 2287.953986 2287.686300 2287.597417 2287.496483 2287.192874 2286.661299 2286.221720 2286.571636 2286.735101 2286.272568 2285.990996 2286.144800 2285.201498 2283.011015 2283.120761 2285.712292 2287.953677 
0.001996 0.002306 0.001911 0.001109 0.000424 0.000141 0.000092 0.000082 0.000075 0.000065 0.000052 0.000040 0.000033 0.000030 0.000027 0.000022 0.000017 0.000012 0.000009 0.000009 0.000009 0.000009 0.000009 0.000008 0.000007 0.000007 0.000007 0.000008 0.000007 0.000008 
2350.294897 2350.144752 2349.825689 2349.054051 2346.855010 2345.826811 2349.523788 2350.055915 2350.002818 2349.910483 2349.838478 2349.803681 2349.646421 2349.336202 2349.155728 2349.249926 2349.603050 2350.163966 2350.766688 2351.064162 2350.963247 2350.494277 2350.022811 2350.167973 2351.318953 2351.676251 2350.261050 2349.960517 2350.995304 2350.397751 
0.001336 0.001417 0.001070 0.000566 0.000226 0.000117 0.000082 0.000075 0.000070 0.000060 0.000047 0.000035 0.000029 0.000027 0.000024 0.000021 0.000017 0.000014 0.000012 0.000010 0.000009 0.000009 0.000010 0.000009 0.000008 0.000006 0.000005 0.000005 0.000006 0.000007 
2409.287331 2409.911760 2410.633942 2411.005033 2409.189258 2407.079939 2407.970967 2407.643666 2407.539016 2407.457260 2407.212436 2406.792050 2406.614234 2406.819250 2406.915739 2407.010184 2407.467980 2408.136260 2408.459514 2408.147323 2407.838389 2407.493908 2406.382738 2405.380086 2405.358472 2407.805831 2410.674495 2408.897318 2405.951647 2404.490609 
0.002268 0.002629 0.002183 0.001271 0.000497 0.000160 0.000095 0.000082 0.000075 0.000064 0.000050 0.000038 0.000031 0.000029 0.000026 0.000022 0.000017 0.000013 0.000012 0.000012 0.000012 0.000011 0.000011 0.000009 0.000007 0.000006 0.000006 0.000008 0.000009 0.000009 
2463.403266 2463.676282 2464.008768 2464.436159 2464.155015 2462.125525 2461.710198 2462.695601 2462.773679 2462.798114 2462.783919 2462.837332 2462.886310 2462.605585 2462.294880 2462.479543 2463.121537 2462.956089 2461.838722 2461.618407 2461.963704 2462.459844 2462.661842 2462.068479 2460.550303 2458.721546 2458.180998 2459.013515 2459.791094 2460.235136 
0.001058 0.001145 0.000887 0.000484 0.000195 0.000098 0.000073 0.000067 0.000062 0.000053 0.000043 0.000034 0.000029 0.000026 0.000023 0.000020 0.000018 0.000015 0.000012 0.000011 0.000012 0.000012 0.000011 0.000010 0.000009 0.000009 0.000008 0.000007 0.000007 0.000008 
2525.502129 2525.656390 2526.020717 2526.860889 2528.348923 2527.223522 2526.164856 2526.103689 2526.290249 2526.348164 2526.018811 2525.447153 2525.395734 2525.877413 2526.339844 2526.774870 2527.052843 2526.639661 2525.515558 2525.596430 2526.908559 2526.746972 2525.169075 2524.321861 2524.802009 2524.539194 2524.800557 2525.793695 2524.719868 2523.128458 
0.001614 0.001756 0.001365 0.000737 0.000276 0.000128 0.000102 0.000094 0.000087 0.000074 0.000058 0.000044 0.000036 0.000032 0.000029 0.000025 0.000020 0.000015 0.000013 0.000012 0.000012 0.000012 0.000011 0.000009 0.000007 0.000007 0.000007 0.000007 0.000007 0.000007 
2576.123524 2576.620033 2577.155696 2577.725171 2577.625604 2574.094787 2573.252504 2573.419694 2573.621326 2573.622982 2573.537348 2573.493312 2573.328377 2573.148067 2573.193945 2573.254908 2572.995378 2572.033591 2570.306646 2570.040860 2572.429581 2574.681526 2574.931044 2573.803849 2572.258237 2572.556141 2574.787121 2575.937938 2575.990284 2576.184182 
0.002124 0.002404 0.001953 0.001112 0.000421 0.000151 0.000114 0.000106 0.000098 0.000084 0.000066 0.000050 0.000041 0.000037 0.000034 0.000029 0.000023 0.000018 0.000015 0.000014 0.000014 0.000013 0.000012 0.000011 0.000011 0.000010 0.000010 0.000011 0.000011 0.000012 
2637.332244 2638.020573 2639.020289 2640.726035 2643.692676 2641.205569 2638.446802 2638.569509 2638.332531 2638.144173 2638.069102 2638.075079 2637.956197 2637.822887 2637.859347 2637.777674 2637.422667 2638.045157 2641.717569 2644.869790 2643.552312 2639.452217 2635.439480 2632.444092 2630.211764 2629.905025 2632.493378 2635.315830 2636.614690 2636.702063 
0.001901 0.002343 0.002094 0.001349 0.000603 0.000211 0.000117 0.000098 0.000089 0.000076 0.000059 0.000045 0.000037 0.000034 0.000031 0.000027 0.000022 0.000017 0.000014 0.000013 0.000013 0.000012 0.000010 0.000009 0.000008 0.000008 0.000008 0.000009 0.000010 0.000011 
2712.831025 2713.547348 2714.032630 2713.997655 2712.927619 2710.000241 2712.245688 2712.823589 2712.971819 2713.010213 2713.049103 2713.100372 2713.126199 2713.185789 2713.211116 2713.088678 2712.722819 2711.823856 2710.402019 2709.485971 2709.536378 2710.496739 2711.382337 2711.590053 2713.532144 2719.161784 2724.036338 2723.548947 2716.238146 2707.694415 
0.000501 0.000562 0.000451 0.000253 0.000099 0.000051 0.000043 0.000040 0.000037 0.000033 0.000026 0.000020 0.000017 0.000015 0.000014 0.000012 0.000009 0.000007 0.000005 0.000005 0.000007 0.000007 0.000007 0.000006 0.000004 0.000004 0.000004 0.000005 0.000006 0.000008 
2931.369142 2931.216046 2931.006440 2930.707317 2930.482638 2931.152933 2931.138082 2931.169496 2931.223494 2931.259483 2931.212607 2931.105014 2931.139529 2931.214000 2931.096238 2930.883460 2930.731710 2930.635953 2930.843206 2931.573344 2931.612125 2931.369650 2931.561412 2932.405391 2933.895388 2933.762906 2930.561789 2927.936925 2928.313446 2929.629066 
0.001621 0.001874 0.001561 0.000923 0.000374 0.000134 0.000091 0.000083 0.000077 0.000067 0.000054 0.000041 0.000033 0.000030 0.000027 0.000023 0.000019 0.000016 0.000013 0.000012 0.000012 0.000011 0.000010 0.000010 0.000009 0.000008 0.000008 0.000009 0.000010 0.000010 
2971.455901 2971.924921 2972.508381 2973.247413 2973.725611 2970.169421 2967.512059 2967.323313 2967.344790 2967.473291 2967.641545 2967.557819 2967.211923 2967.350982 2967.673017 2968.000790 2968.663173 2968.346081 2964.925006 2961.739942 2962.141834 2964.602957 2967.052910 2967.961917 2966.396046 2962.989198 2962.752281 2963.739029 2963.049242 2964.322643 
0.000941 0.001031 0.000807 0.000440 0.000169 0.000086 0.000070 0.000065 0.000060 0.000052 0.000040 0.000031 0.000026 0.000024 0.000021 0.000018 0.000015 0.000011 0.000010 0.000010 0.000010 0.000009 0.000008 0.000008 0.000008 0.000007 0.000007 0.000008 0.000008 0.000009 
3021.813214 3022.194301 3022.732631 3023.589200 3024.716756 3023.425478 3022.488837 3022.402924 3022.572947 3022.593483 3022.456262 3022.146668 3021.932391 3022.247572 3022.871802 3023.195346 3022.517088 3020.033589 3016.780718 3015.816163 3016.754134 3019.060865 3022.426461 3023.270447 3020.464106 3017.752004 3017.357983 3018.869975 3021.277301 3023.700123 
0.001293 0.001515 0.001286 0.000779 0.000319 0.000104 0.000070 0.000065 0.000060 0.000052 0.000041 0.000031 0.000025 0.000023 0.000022 0.000019 0.000016 0.000013 0.000010 0.000009 0.000010 0.000010 0.000009 0.000008 0.000007 0.000007 0.000007 0.000007 0.000007 0.000007 
3615.553820 3614.972114 3614.422020 3613.851393 3613.254026 3613.656101 3614.710031 3614.343446 3614.486847 3614.889548 3615.269503 3615.278796 3614.942682 3614.724706 3614.786584 3615.087276 3615.658095 3616.732640 3617.622580 3617.042609 3616.350000 3616.214743 3616.418826 3616.347643 3614.253137 3611.432649 3611.700904 3614.506068 3617.276862 3619.478425 
0.000671 0.000787 0.000687 0.000447 0.000216 0.000085 0.000046 0.000041 0.000038 0.000033 0.000026 0.000020 0.000016 0.000015 0.000014 0.000012 0.000010 0.000008 0.000006 0.000006 0.000007 0.000008 0.000007 0.000006 0.000006 0.000006 0.000006 0.000005 0.000005 0.000006 
3667.053502 3667.289571 3667.534790 3667.748019 3667.815309 3667.616804 3667.453775 3667.309283 3667.171680 3666.978239 3666.744479 3666.515959 3666.567639 3666.970897 3667.295460 3667.403216 3667.635069 3668.307065 3668.196639 3666.285971 3667.149820 3669.141911 3669.861314 3668.504531 3666.919287 3667.274814 3667.744513 3667.337996 3666.709902 3666.599240 
0.000855 0.000978 0.000810 0.000475 0.000189 0.000069 0.000052 0.000048 0.000044 0.000037 0.000029 0.000023 0.000019 0.000017 0.000015 0.000013 0.000011 0.000009 0.000008 0.000007 0.000007 0.000007 0.000006 0.000006 0.000005 0.000005 0.000005 0.000007 0.000008 0.000008 
4089.873477 4089.706025 4089.435606 4088.918580 4087.832030 4088.212671 4090.166033 4090.026335 4089.959688 4090.045631 4090.250680 4090.248361 4089.747818 4089.523844 4089.648908 4089.548734 4089.363935 4089.159201 4088.380539 4088.178367 4090.124148 4092.855307 4095.003584 4095.202535 4093.264780 4090.423909 4089.305456 4088.688487 4089.086325 4091.005740 
0.000592 0.000685 0.000580 0.000361 0.000167 0.000072 0.000044 0.000036 0.000032 0.000027 0.000021 0.000016 0.000014 0.000013 0.000012 0.000012 0.000010 0.000007 0.000005 0.000004 0.000005 0.000005 0.000005 0.000004 0.000003 0.000003 0.000003 0.000002 0.000002 0.000003 
4331.171406 4330.992528 4330.723250 4330.306708 4329.798392 4329.983086 4330.318113 4330.390294 4330.625556 4330.752080 4330.736548 4330.520324 4330.272050 4330.289043 4330.538217 4330.836609 4330.973160 4330.620347 4328.949587 4327.012237 4327.469898 4329.239921 4330.889638 4331.684558 4330.648876 4329.369123 4329.565779 4332.298471 4334.864207 4334.466849 
0.000423 0.000503 0.000434 0.000268 0.000114 0.000040 0.000027 0.000025 0.000022 0.000019 0.000015 0.000012 0.000010 0.000009 0.000007 0.000006 0.000005 0.000004 0.000004 0.000004 0.000004 0.000004 0.000005 0.000004 0.000003 0.000002 0.000003 0.000004 0.000005 0.000005 
4536.852179 4536.797074 4536.710312 4536.554447 4536.221766 4535.893528 4536.467771 4536.615744 4536.731701 4536.911575 4537.115304 4537.144798 4537.001356 4537.018601 4537.196691 4537.168032 4536.879162 4536.569708 4536.478494 4537.145729 4538.403522 4538.682067 4537.976933 4537.723261 4538.446223 4539.617279 4538.654849 4537.338318 4537.053791 4536.975912 
