0.063946 10.663546
0.063946 10.737613
0.063946 8.093062
0.031973 12.143382
0.063946 10.749372
0.047959 7.316462
0.079932 10.566673
0.047959 12.475539
0.031973 12.480999
0.047959 18.065496
0.015986 12.011535
0.031973 17.472389
0.015986 18.180080
0.047959 20.676787
0.031973 21.860732
0.031973 18.103508
0.015986 14.414329
0.031973 14.060515
0.063946 19.208873
0.063946 18.902873
0.047959 14.371911
0.047959 21.888250
0.047959 22.622196
0.047959 24.448633
0.047959 20.958680
0.031973 18.753339
0.031973 21.427713
0.031973 20.560035
0.031973 15.501515
0.031973 19.743387
0.031973 21.074424
0.031973 21.593350
0.031973 21.002132
0.047959 18.748206
0.031973 17.837434
0.031973 20.123795
0.031973 19.104781
0.047959 16.408776
0.031973 17.751009
0.047959 14.446276
0.031973 14.842473
0.031973 15.491166
0.031973 15.157576
0.031973 18.241913
0.031973 16.078452
0.031973 16.496348
0.031973 18.641085
0.031973 16.216914
0.031973 18.217347
0.031973 19.472403
0.031973 21.243921
0.031973 17.889355
0.031973 18.595371
0.031973 17.243047
0.031973 15.993876
0.031973 18.397932
0.031973 16.956055
0.031973 16.185428
0.031973 18.413380
0.031973 18.866543
0.031973 17.257112
0.031973 16.703229
0.015986 16.103804
0.031973 18.241708
0.015986 16.703307
0.031973 18.145236
