0.063946 11.107296
0.063946 9.510821
0.063946 7.274817
0.031973 9.982027
0.063946 10.758827
0.063946 7.213806
0.095918 10.505056
0.047959 12.469318
0.047959 13.670212
0.063946 18.333039
0.079932 15.763496
0.031973 19.963305
0.031973 17.839893
0.031973 20.632973
0.063946 15.259780
0.063946 15.158192
0.047959 17.493622
0.031973 12.670708
0.047959 18.161528
0.031973 15.185427
0.079932 15.206864
0.047959 19.083725
0.047959 24.100044
0.047959 23.763219
0.031973 21.172617
0.031973 20.180432
0.031973 22.977731
0.031973 21.183490
0.031973 21.330453
0.031973 21.731870
0.031973 21.595875
0.015986 16.396764
0.015986 15.787411
0.031973 17.204907
0.015986 12.475670
0.031973 15.618968
0.031973 15.951670
0.031973 17.201439
0.031973 17.624918
0.031973 14.496566
0.047959 16.024855
0.047959 17.818648
0.047959 16.266385
0.047959 16.123978
0.031973 14.326652
0.031973 19.838114
0.031973 19.219030
0.031973 18.187023
0.031973 17.126784
0.031973 16.607819
0.031973 16.892929
0.031973 15.504933
0.031973 18.437965
0.031973 18.234725
0.015986 15.438546
0.015986 18.659278
0.031973 18.874157
0.015986 14.714457
0.031973 15.502289
0.031973 16.989487
0.031973 16.536369
0.031973 18.856417
0.015986 16.112743
0.031973 17.031377
0.015986 16.233184
0.015986 17.302719
0.015986 15.290280
0.031973 17.171103
0.015986 16.238686
0.015986 16.347901
0.015986 16.739081
0.015986 17.610383
0.031973 18.637522
0.031973 18.121342
0.015986 17.354569
0.031973 17.155259
0.031973 16.309913
0.031973 17.270708
0.031973 18.007110
