30.000000 115.000000 0.015986
0.000145 0.000236 0.000279 0.000327 0.000282 0.000232 0.000215 0.000178 0.000174 0.000149 0.000115 0.000084 0.000069 0.000067 0.000059 0.000047 0.000033 0.000023 0.000022 0.000020 0.000018 0.000017 0.000016 0.000014 0.000011 0.000009 0.000009 0.000010 0.000011 0.000013 
15.176522 14.933237 16.011229 14.501827 14.856409 14.992769 14.150946 15.311066 14.536185 14.355462 14.078063 14.208952 14.033507 13.362935 13.747820 13.933637 13.895872 14.231980 13.847639 13.914329 14.250135 14.178442 13.978564 13.740117 13.687385 13.406647 13.153557 12.445952 11.431546 12.282704 
0.000181 0.000272 0.000339 0.000358 0.000325 0.000280 0.000253 0.000256 0.000263 0.000234 0.000171 0.000114 0.000090 0.000078 0.000079 0.000115 0.000152 0.000149 0.000104 0.000065 0.000057 0.000063 0.000072 0.000102 0.000152 0.000164 0.000127 0.000066 0.000052 0.000053 
44.955524 44.768004 44.680819 44.649717 44.755839 44.983636 45.350870 45.991401 46.420897 46.463175 45.911531 44.990155 45.245972 45.286373 45.245678 46.808566 47.434765 47.232537 45.616928 42.154951 41.780264 42.562838 42.584676 44.695366 47.086511 47.574414 46.930873 42.519580 41.761054 44.465334 
0.000254 0.000348 0.000386 0.000433 0.000376 0.000374 0.000374 0.000342 0.000343 0.000311 0.000255 0.000197 0.000178 0.000174 0.000190 0.000210 0.000232 0.000234 0.000205 0.000163 0.000144 0.000148 0.000165 0.000194 0.000234 0.000260 0.000250 0.000209 0.000173 0.000147 
61.524663 61.423290 60.738739 60.816046 60.464121 60.201742 59.778380 58.378148 58.551741 59.073763 59.732492 60.496422 60.660955 60.438646 59.088661 57.839783 57.703024 58.172031 58.472415 58.390002 58.880077 59.711038 59.827797 58.644350 57.982330 58.187446 58.644670 58.808115 59.199514 59.900470 
0.000294 0.000382 0.000387 0.000387 0.000357 0.000315 0.000286 0.000239 0.000208 0.000176 0.000139 0.000107 0.000091 0.000086 0.000077 0.000065 0.000054 0.000046 0.000044 0.000046 0.000051 0.000053 0.000044 0.000028 0.000027 0.000044 0.000058 0.000054 0.000058 0.000070 
74.724994 74.467433 74.241892 73.858058 73.915613 74.102123 74.136922 74.411926 74.465675 74.534382 74.840180 75.210227 75.165831 74.871606 75.089737 75.479050 74.672048 72.443359 71.776028 73.764254 74.778481 74.099519 73.728890 74.183096 73.839111 72.527684 73.045776 75.368191 76.108443 75.479493 
0.001022 0.001229 0.001087 0.000747 0.000496 0.000412 0.000372 0.000352 0.000327 0.000280 0.000223 0.000171 0.000138 0.000123 0.000114 0.000099 0.000094 0.000105 0.000111 0.000095 0.000088 0.000101 0.000113 0.000108 0.000100 0.000088 0.000063 0.000037 0.000030 0.000053 
93.535734 93.441020 93.040285 91.915058 90.585242 91.428113 92.446928 92.715614 92.790707 92.973880 93.145742 93.373818 93.529286 93.559701 93.660566 94.258181 95.067412 94.977137 94.848780 95.642953 96.061765 95.583277 95.619187 96.197023 96.245782 95.822382 95.850021 96.093458 96.139109 95.314830 
0.005469 0.006704 0.005773 0.003436 0.001465 0.000883 0.000721 0.000611 0.000559 0.000497 0.000386 0.000287 0.000259 0.000242 0.000214 0.000211 0.000204 0.000179 0.000182 0.000205 0.000195 0.000170 0.000169 0.000184 0.000195 0.000190 0.000177 0.000187 0.000227 0.000257 
114.311876 114.414154 114.438984 114.309844 113.608289 112.673411 111.994749 111.606777 111.577335 111.648292 112.059405 112.654479 112.073251 111.708947 111.812280 111.406854 110.938722 110.338474 109.315435 108.113999 106.428629 104.517502 103.740654 103.953466 104.492568 105.263086 105.615519 106.306934 107.223755 107.873776 
0.044078 0.076943 0.103139 0.111854 0.103362 0.088991 0.078302 0.071451 0.064875 0.054797 0.042986 0.033391 0.027568 0.024399 0.021642 0.017828 0.013485 0.009798 0.007709 0.006861 0.006716 0.006430 0.005722 0.004701 0.003638 0.002977 0.002712 0.002711 0.002644 0.002299 
143.173472 143.288087 143.547999 143.732147 143.625356 143.403591 143.636230 144.310029 145.063844 145.288450 144.925301 144.527227 144.756996 145.665111 146.612909 147.062300 146.960798 146.326505 146.120433 146.611871 147.647392 148.231012 148.226752 147.650337 146.509531 145.938451 146.150262 147.011226 147.618989 147.767719 
0.004836 0.005621 0.005509 0.005176 0.004788 0.004128 0.003564 0.003085 0.002725 0.002494 0.002459 0.002394 0.002093 0.001808 0.001558 0.001306 0.001027 0.000860 0.000779 0.000722 0.000688 0.000669 0.000621 0.000556 0.000500 0.000445 0.000372 0.000318 0.000280 0.000245 
180.293156 181.458666 181.991341 181.874345 181.441593 180.588989 180.024401 180.503060 181.227726 181.681024 182.412678 182.703856 181.781505 180.985915 181.183904 181.601607 180.945387 181.050555 181.710527 182.002107 181.890083 181.806563 181.597696 181.312476 181.158511 180.863397 180.269339 179.999091 179.731740 177.997222 
0.002313 0.002609 0.002141 0.001611 0.001315 0.001231 0.001106 0.001102 0.000931 0.000839 0.000960 0.001023 0.000821 0.000615 0.000545 0.000499 0.000373 0.000281 0.000238 0.000193 0.000168 0.000156 0.000124 0.000090 0.000078 0.000085 0.000078 0.000082 0.000102 0.000110 
199.236103 200.361537 202.251063 202.111158 198.769828 198.062553 199.465861 200.214047 200.165443 199.458796 198.785945 198.510287 199.103251 199.489415 199.141671 198.602105 198.624866 198.538117 198.947360 201.210521 201.303144 199.295255 198.873836 200.057133 199.463125 197.106987 197.687072 198.998161 199.087135 199.213840 
0.002684 0.003708 0.003750 0.002725 0.001743 0.001505 0.001736 0.001552 0.000912 0.000634 0.000640 0.000697 0.000464 0.000271 0.000241 0.000310 0.000253 0.000169 0.000148 0.000167 0.000142 0.000080 0.000051 0.000048 0.000052 0.000040 0.000035 0.000036 0.000040 0.000054 
213.799114 213.691443 213.475758 212.724499 212.885285 213.466815 215.169008 215.056030 214.596208 214.406497 213.868825 213.737939 214.067131 214.738754 214.716587 213.621811 214.752632 214.453479 213.471974 211.883285 212.478489 214.590638 215.114322 213.925187 213.162548 213.889467 213.740598 213.167898 215.582182 215.312871 
0.001480 0.001733 0.001948 0.002202 0.002247 0.002144 0.002005 0.001740 0.001376 0.001062 0.000835 0.000651 0.000452 0.000312 0.000259 0.000256 0.000223 0.000159 0.000115 0.000087 0.000056 0.000027 0.000020 0.000027 0.000041 0.000046 0.000048 0.000051 0.000059 0.000062 
226.087046 225.023099 225.298502 227.089802 228.392802 228.216136 227.422319 227.533590 228.660461 229.252346 228.562193 227.536357 227.688417 228.408008 228.084004 227.382538 227.837520 229.229558 229.501440 228.341777 226.410293 224.770844 226.914792 229.199238 229.158336 229.602048 229.787071 229.083278 227.355778 226.443916 
0.007624 0.009381 0.009568 0.009001 0.007615 0.004695 0.001364 0.000920 0.000859 0.001172 0.001429 0.001070 0.000782 0.000636 0.000473 0.000233 0.000107 0.000092 0.000092 0.000086 0.000087 0.000093 0.000085 0.000053 0.000031 0.000027 0.000023 0.000021 0.000026 0.000034 
253.450087 254.347860 255.012850 254.920599 253.963381 252.982160 249.815851 248.838663 247.644045 248.526565 250.080735 248.387997 247.878826 249.100434 250.294110 249.394459 251.491724 253.179499 252.168478 249.450870 248.608716 248.860982 249.287870 247.714727 246.042534 247.846239 248.105426 246.531480 247.562824 249.031480 
0.025512 0.040104 0.047648 0.043860 0.031270 0.016830 0.009126 0.006658 0.006809 0.006366 0.004903 0.003186 0.001877 0.001049 0.000618 0.000380 0.000325 0.000328 0.000303 0.000239 0.000180 0.000131 0.000091 0.000066 0.000054 0.000050 0.000038 0.000024 0.000016 0.000013 
265.395549 265.483663 265.453190 265.261338 264.740743 263.137528 262.233808 263.329100 265.495442 266.151608 266.309852 266.587718 266.200451 264.410582 263.073426 264.135870 265.321882 266.069838 266.000143 266.479210 266.304937 264.990543 262.295468 261.659332 262.503253 264.153380 264.115958 262.538548 260.125183 260.295647 
0.029472 0.040867 0.041047 0.030078 0.015478 0.009439 0.007597 0.007677 0.006140 0.003861 0.002404 0.001933 0.001775 0.001460 0.000985 0.000693 0.000561 0.000507 0.000421 0.000318 0.000244 0.000195 0.000150 0.000105 0.000071 0.000054 0.000039 0.000028 0.000027 0.000031 
284.466823 284.157837 283.836410 283.684442 285.064482 287.141442 287.358718 284.365737 283.075478 283.824384 286.412814 287.314497 285.941304 285.127131 285.600243 285.796501 285.688482 285.150327 285.396215 286.107959 285.951312 284.644421 283.772595 284.265561 286.635024 287.749826 287.192708 283.082459 282.015537 284.030013 
0.007121 0.010263 0.011250 0.009825 0.007098 0.004379 0.002428 0.001274 0.000657 0.000284 0.000156 0.000117 0.000081 0.000052 0.000042 0.000039 0.000043 0.000046 0.000047 0.000049 0.000045 0.000032 0.000020 0.000015 0.000013 0.000014 0.000014 0.000015 0.000021 0.000032 
322.091093 322.227702 322.290215 322.321267 322.148470 321.558803 320.934931 321.222668 323.555930 326.805126 329.426167 328.059893 326.926989 327.736953 328.453892 328.273483 324.887719 322.456491 322.259692 323.912502 325.993689 328.386699 331.424451 332.416466 331.891976 331.233219 331.087822 330.686162 329.434145 328.469172 
0.001084 0.001456 0.001483 0.001230 0.000914 0.000662 0.000465 0.000281 0.000162 0.000111 0.000102 0.000096 0.000089 0.000081 0.000075 0.000066 0.000058 0.000056 0.000060 0.000066 0.000067 0.000065 0.000063 0.000062 0.000059 0.000052 0.000048 0.000049 0.000058 0.000063 
364.441697 365.020063 366.177102 367.280025 366.807402 364.092369 361.986260 361.826594 362.831430 362.473232 362.117962 361.523372 361.274047 361.578043 362.062716 361.872677 360.880921 360.531910 361.030528 361.475104 361.393835 361.075113 361.127620 361.564447 361.828752 361.284824 360.730472 361.076526 363.057881 364.518416 
0.000379 0.000572 0.000821 0.000920 0.000764 0.000455 0.000237 0.000154 0.000108 0.000074 0.000055 0.000042 0.000035 0.000032 0.000029 0.000025 0.000019 0.000014 0.000011 0.000010 0.000012 0.000012 0.000010 0.000008 0.000008 0.000011 0.000013 0.000014 0.000017 0.000026 
375.291618 375.455972 376.880693 378.018056 379.116256 380.835901 381.856476 380.666985 378.744856 379.156856 379.746993 379.419593 379.300113 379.334458 379.158078 378.869181 378.581407 378.436668 378.325985 378.480932 379.233752 379.731613 379.267560 378.388000 377.741312 377.358345 376.836509 375.726345 375.637797 377.056184 
0.000772 0.001037 0.001113 0.000929 0.000550 0.000328 0.000266 0.000239 0.000172 0.000128 0.000092 0.000058 0.000037 0.000030 0.000028 0.000024 0.000018 0.000015 0.000014 0.000013 0.000011 0.000012 0.000011 0.000010 0.000009 0.000009 0.000009 0.000010 0.000016 0.000025 
408.632794 409.151236 408.845979 407.382444 403.705182 401.320040 404.560830 406.449119 405.516455 405.424454 406.238987 406.667732 406.119681 405.541641 405.556541 405.920185 406.657317 406.879255 406.204835 406.485486 407.371202 407.381517 407.661621 408.630162 408.549484 406.618596 403.498098 402.190213 402.493871 403.683454 
0.001275 0.002205 0.003234 0.003956 0.004086 0.003592 0.002698 0.001767 0.001030 0.000532 0.000229 0.000101 0.000069 0.000059 0.000055 0.000042 0.000027 0.000020 0.000021 0.000023 0.000023 0.000023 0.000024 0.000020 0.000016 0.000014 0.000015 0.000015 0.000018 0.000025 
451.596440 451.675235 452.442563 452.348002 451.273776 449.758507 448.360314 447.442106 446.809014 446.444973 446.752833 449.738439 451.266717 450.788161 449.933736 451.980231 455.021846 451.983811 448.547320 448.141744 448.529120 450.479382 453.972478 456.385298 457.138001 459.713680 464.773147 464.610800 456.992193 452.476486 
0.000687 0.000925 0.000918 0.000674 0.000431 0.000346 0.000272 0.000175 0.000103 0.000072 0.000054 0.000044 0.000040 0.000039 0.000040 0.000040 0.000035 0.000029 0.000024 0.000021 0.000020 0.000020 0.000021 0.000020 0.000019 0.000021 0.000023 0.000024 0.000023 0.000024 
484.159518 484.636718 484.681910 484.838371 487.496596 490.177838 490.503621 490.448690 489.854344 488.405494 487.704055 486.426697 485.045142 484.742109 485.038683 485.140230 484.679001 484.008701 484.164655 484.716317 485.008078 485.228504 485.115251 484.615639 483.903109 483.148592 483.293699 484.780386 488.195077 490.782630 
0.001367 0.001827 0.001863 0.001499 0.000949 0.000481 0.000210 0.000108 0.000081 0.000065 0.000051 0.000043 0.000040 0.000036 0.000030 0.000023 0.000019 0.000017 0.000015 0.000013 0.000014 0.000015 0.000014 0.000013 0.000012 0.000012 0.000012 0.000012 0.000015 0.000024 
538.468063 540.365992 542.021563 542.501113 541.409707 538.346431 537.398144 537.900088 537.082488 535.771411 535.492598 536.570308 537.898859 538.059147 537.363575 536.559807 536.991323 538.482538 539.766829 540.660106 540.755222 539.760840 538.175892 537.111153 537.462183 537.467751 536.458570 534.067279 532.000760 532.692405 
0.003817 0.006167 0.007357 0.006707 0.004715 0.002549 0.001065 0.000429 0.000211 0.000130 0.000086 0.000052 0.000036 0.000032 0.000028 0.000022 0.000018 0.000017 0.000018 0.000019 0.000017 0.000013 0.000012 0.000013 0.000011 0.000009 0.000011 0.000015 0.000022 0.000031 
583.691912 582.226538 581.172707 580.865718 581.641759 583.677174 586.647076 587.134355 584.781227 583.505931 583.563859 581.877514 580.362808 581.546568 581.130140 577.342940 574.968719 579.634491 585.806604 587.512180 586.889372 585.477142 586.912577 589.417800 589.743551 587.158697 587.722056 590.324256 587.886959 583.324061 
0.011542 0.017338 0.019662 0.017227 0.011747 0.006266 0.002686 0.000959 0.000299 0.000148 0.000095 0.000083 0.000070 0.000054 0.000046 0.000043 0.000039 0.000031 0.000024 0.000021 0.000022 0.000024 0.000025 0.000023 0.000018 0.000013 0.000009 0.000010 0.000014 0.000019 
626.947566 626.323836 626.049223 625.927337 625.878457 625.915179 626.260173 626.993060 627.752291 627.889129 629.570776 630.973456 630.925045 631.053523 634.036637 634.834297 633.108989 631.556195 630.579672 630.242954 631.304650 634.295613 635.045179 632.898046 630.194344 630.513832 632.799705 626.381660 624.221040 627.982018 
0.000997 0.000736 0.000377 0.000234 0.000210 0.000186 0.000123 0.000056 0.000048 0.000044 0.000040 0.000037 0.000033 0.000027 0.000019 0.000012 0.000009 0.000009 0.000009 0.000008 0.000007 0.000008 0.000008 0.000006 0.000004 0.000005 0.000006 0.000005 0.000006 0.000009 
661.412737 662.489454 662.555379 659.522062 658.169224 660.258254 661.823725 663.785972 663.107414 662.173353 662.274303 661.626941 660.968976 660.622947 660.290650 660.065744 660.112487 660.064816 660.163366 659.780525 659.474967 660.285234 661.071234 662.002192 663.312753 662.554811 662.884436 664.285478 664.203618 662.529440 
0.003031 0.004001 0.004033 0.003184 0.002026 0.001106 0.000552 0.000271 0.000153 0.000096 0.000059 0.000041 0.000035 0.000032 0.000029 0.000022 0.000016 0.000011 0.000010 0.000010 0.000010 0.000010 0.000010 0.000011 0.000012 0.000012 0.000011 0.000010 0.000012 0.000017 
679.607800 680.625685 681.265289 681.327651 680.614351 679.480140 679.456447 679.715044 679.073953 678.313533 680.544618 682.815677 682.022776 680.618095 680.031055 680.018583 679.438573 677.154365 675.085869 675.829004 676.033821 673.878141 671.705955 671.861579 672.689372 672.757988 671.891409 671.304234 672.513824 674.962803 
0.003715 0.005586 0.006443 0.005732 0.003925 0.002153 0.001074 0.000522 0.000235 0.000137 0.000125 0.000122 0.000100 0.000073 0.000057 0.000052 0.000048 0.000038 0.000028 0.000023 0.000023 0.000022 0.000020 0.000022 0.000025 0.000026 0.000024 0.000022 0.000022 0.000022 
729.323129 729.476556 730.373666 731.545922 732.728009 734.194820 735.810869 738.413397 737.638791 734.943284 733.190687 732.559992 733.327053 734.282524 733.811851 732.025156 729.935540 728.131609 726.654036 726.112864 726.090636 725.553280 724.656063 724.327279 724.478865 724.462915 724.119932 724.330687 725.808372 727.547444 
0.001473 0.002200 0.002565 0.002392 0.001766 0.000980 0.000353 0.000106 0.000055 0.000039 0.000036 0.000033 0.000032 0.000031 0.000029 0.000024 0.000019 0.000016 0.000015 0.000013 0.000012 0.000013 0.000014 0.000015 0.000016 0.000015 0.000013 0.000012 0.000013 0.000016 
778.249900 780.888981 782.358087 782.561947 781.734812 780.547742 781.505395 782.867793 777.211565 775.381019 775.723195 776.974403 778.210396 778.214835 777.625039 777.790315 779.233318 780.519296 781.040425 781.432674 780.547448 778.651954 777.930735 778.987619 780.597695 781.178503 780.597599 779.915399 779.752072 779.232307 
0.002780 0.004153 0.004749 0.004302 0.003047 0.001666 0.000685 0.000254 0.000121 0.000066 0.000037 0.000023 0.000018 0.000017 0.000015 0.000012 0.000009 0.000008 0.000009 0.000010 0.000009 0.000008 0.000008 0.000008 0.000008 0.000008 0.000007 0.000007 0.000008 0.000010 
803.419289 800.916433 799.022854 798.315810 798.719465 800.788378 803.673521 802.895257 800.009019 799.825283 801.961545 802.010424 800.639069 800.714126 801.610290 802.200125 801.492279 799.780991 798.773550 798.793715 798.654059 799.051391 798.769005 796.508046 795.706652 796.876196 799.214961 801.340945 803.459971 803.429863 
0.002059 0.002251 0.001726 0.001105 0.000678 0.000384 0.000149 0.000083 0.000049 0.000025 0.000018 0.000014 0.000014 0.000014 0.000015 0.000013 0.000010 0.000008 0.000007 0.000007 0.000006 0.000006 0.000007 0.000007 0.000007 0.000007 0.000006 0.000004 0.000004 0.000006 
820.051140 820.570525 821.742214 822.297703 821.113942 817.676566 816.319128 817.790604 819.667319 819.025937 819.179100 819.435709 819.677332 819.980419 820.051310 820.114099 820.491225 820.882388 820.835230 821.170487 821.927632 821.486682 820.409310 819.954391 819.805120 819.602051 819.435758 820.507386 822.024619 820.403374 
0.000969 0.001347 0.001516 0.001262 0.000714 0.000229 0.000081 0.000055 0.000048 0.000039 0.000030 0.000025 0.000023 0.000022 0.000023 0.000025 0.000026 0.000025 0.000022 0.000019 0.000019 0.000020 0.000020 0.000021 0.000021 0.000020 0.000020 0.000020 0.000021 0.000021 
843.923388 844.247353 844.869533 845.263461 845.300005 844.430710 845.606501 846.156704 845.734396 844.711948 843.921089 843.941678 844.113354 843.844049 843.868189 844.250315 844.465309 844.375763 843.969174 843.536057 843.694767 844.046369 844.175099 844.159781 844.049397 843.937772 843.845404 843.715866 843.868229 844.479889 
0.002026 0.002367 0.002077 0.001396 0.000798 0.000480 0.000294 0.000155 0.000073 0.000043 0.000030 0.000020 0.000015 0.000014 0.000013 0.000011 0.000008 0.000007 0.000006 0.000007 0.000007 0.000006 0.000005 0.000005 0.000005 0.000005 0.000006 0.000006 0.000006 0.000008 
880.322834 879.890730 879.642960 879.998666 881.506518 882.393963 882.038704 880.940958 880.332615 880.316365 881.025310 882.147731 883.073176 883.272117 883.394173 883.658683 884.102651 884.750163 884.345234 882.772790 881.793570 881.024482 879.745169 879.070880 879.413026 879.078829 879.975803 882.693827 883.510667 880.576078 
0.000753 0.000635 0.000387 0.000216 0.000157 0.000118 0.000085 0.000040 0.000028 0.000020 0.000016 0.000013 0.000011 0.000010 0.000010 0.000010 0.000009 0.000008 0.000006 0.000004 0.000005 0.000007 0.000008 0.000010 0.000010 0.000009 0.000008 0.000008 0.000009 0.000008 
896.753451 896.084280 895.918017 898.827800 899.771086 898.034626 896.304317 896.139768 897.557480 897.512216 897.931043 898.352768 898.396687 898.307688 898.017133 897.597088 897.513950 897.987128 898.720478 899.175447 898.311215 898.160286 898.527349 898.971857 899.415699 900.092622 900.243270 899.776706 899.467815 899.873622 
0.003104 0.003867 0.003679 0.002643 0.001388 0.000575 0.000266 0.000155 0.000083 0.000053 0.000040 0.000034 0.000027 0.000021 0.000019 0.000018 0.000015 0.000012 0.000010 0.000010 0.000009 0.000009 0.000010 0.000013 0.000014 0.000013 0.000011 0.000010 0.000012 0.000014 
924.574026 925.594886 925.939148 925.635162 924.114898 923.457075 925.141933 926.918233 923.510906 921.230464 922.738574 924.082189 923.035898 920.798777 920.769730 922.255769 922.513489 919.853572 915.386628 915.487668 918.560471 919.809598 915.799280 912.093216 910.374671 910.261434 911.347450 911.713810 911.384372 912.187418 
0.001435 0.002034 0.002328 0.002013 0.001268 0.000599 0.000257 0.000131 0.000068 0.000044 0.000032 0.000027 0.000027 0.000026 0.000023 0.000019 0.000015 0.000013 0.000011 0.000009 0.000008 0.000007 0.000005 0.000004 0.000003 0.000002 0.000002 0.000004 0.000005 0.000007 
938.949716 939.467999 940.601212 941.708675 942.909326 943.787536 942.519509 939.347770 938.212942 938.433791 938.437880 938.587945 939.345368 939.792104 939.784763 939.265661 938.838897 939.221126 939.835245 939.572950 939.569563 939.466916 940.245257 941.592146 941.384201 941.037900 941.967291 942.496855 942.359570 942.108034 
0.001086 0.001550 0.001868 0.001634 0.000983 0.000420 0.000155 0.000074 0.000042 0.000033 0.000026 0.000024 0.000021 0.000018 0.000017 0.000018 0.000018 0.000018 0.000017 0.000017 0.000017 0.000018 0.000019 0.000019 0.000019 0.000018 0.000016 0.000015 0.000014 0.000013 
959.320945 958.633940 956.802945 955.346119 953.722763 952.579580 954.486907 958.390941 958.300103 957.719045 958.070241 957.864027 957.934591 958.688931 958.664136 958.246048 958.583448 958.741281 959.105068 959.525699 959.412966 959.107165 959.033418 958.944306 959.021636 959.170341 959.315837 959.569243 959.826147 959.469853 
0.002968 0.003673 0.003437 0.002408 0.001212 0.000509 0.000246 0.000136 0.000052 0.000031 0.000030 0.000030 0.000028 0.000020 0.000015 0.000014 0.000015 0.000015 0.000014 0.000013 0.000013 0.000014 0.000013 0.000013 0.000014 0.000014 0.000013 0.000014 0.000017 0.000020 
972.751674 972.383567 972.222059 972.320004 972.637520 972.643270 972.626501 973.488930 974.085762 974.046620 972.345402 971.455896 971.568775 971.481681 970.738427 969.054644 967.708000 967.401992 967.285182 966.957703 967.041266 966.931864 966.156754 965.721611 966.111240 965.907612 965.005238 965.150726 966.734818 968.270985 
0.001815 0.001945 0.001860 0.001610 0.001150 0.000587 0.000237 0.000102 0.000045 0.000020 0.000015 0.000013 0.000010 0.000009 0.000008 0.000006 0.000005 0.000004 0.000003 0.000002 0.000003 0.000004 0.000004 0.000003 0.000003 0.000003 0.000002 0.000003 0.000004 0.000006 
998.903408 999.883284 999.960261 999.166818 997.986870 996.663254 995.133105 995.145988 996.340957 996.788027 997.044198 996.189710 995.749065 995.567860 995.931473 995.866889 995.511681 996.381494 997.756968 998.862297 998.134974 997.948612 998.418058 999.234618 999.232430 997.424970 995.475141 995.353560 997.855217 998.749372 
0.005611 0.006989 0.006467 0.004453 0.002215 0.000759 0.000227 0.000084 0.000048 0.000034 0.000027 0.000024 0.000024 0.000023 0.000021 0.000018 0.000014 0.000011 0.000009 0.000009 0.000009 0.000009 0.000009 0.000008 0.000008 0.000008 0.000008 0.000009 0.000011 0.000012 
1016.765788 1016.188787 1015.401597 1014.407826 1013.427501 1014.424983 1015.859340 1014.863848 1013.802156 1017.209138 1017.576914 1017.020766 1016.417373 1016.376440 1016.590998 1017.026323 1017.820167 1019.311091 1021.784063 1022.902117 1021.785000 1020.521296 1019.708948 1019.375889 1020.401971 1022.312089 1023.397540 1022.212944 1019.613819 1017.373259 
0.002931 0.003387 0.002852 0.001740 0.000773 0.000262 0.000104 0.000060 0.000048 0.000039 0.000033 0.000029 0.000027 0.000026 0.000025 0.000024 0.000023 0.000023 0.000023 0.000024 0.000024 0.000023 0.000023 0.000024 0.000024 0.000025 0.000025 0.000024 0.000021 0.000017 
1057.658411 1058.689152 1060.064968 1061.744975 1062.087526 1059.575225 1058.322314 1062.163960 1066.970333 1067.815408 1069.536394 1072.000042 1073.972781 1075.003199 1075.418653 1076.059690 1077.212982 1078.415846 1079.331270 1079.912284 1080.296118 1080.654628 1080.702085 1080.378245 1079.871251 1079.380932 1079.199062 1079.532506 1079.769812 1079.156331 
0.000664 0.000822 0.000834 0.000722 0.000536 0.000334 0.000175 0.000084 0.000047 0.000033 0.000024 0.000018 0.000015 0.000014 0.000012 0.000010 0.000008 0.000006 0.000005 0.000004 0.000005 0.000006 0.000006 0.000006 0.000005 0.000005 0.000004 0.000004 0.000007 0.000011 
1111.561723 1110.244385 1107.554719 1104.593723 1102.915969 1102.086643 1101.190436 1100.994712 1103.711616 1106.974122 1108.711957 1109.289458 1109.565594 1109.242767 1108.786052 1109.271829 1110.048758 1108.945898 1106.151694 1105.660631 1106.224137 1106.279513 1107.132130 1107.802512 1106.815218 1106.187495 1108.306348 1108.176745 1104.438196 1104.690840 
0.001426 0.001800 0.001657 0.001114 0.000534 0.000199 0.000097 0.000064 0.000049 0.000040 0.000032 0.000026 0.000023 0.000021 0.000019 0.000018 0.000017 0.000017 0.000018 0.000018 0.000017 0.000015 0.000015 0.000015 0.000016 0.000015 0.000014 0.000013 0.000015 0.000016 
1165.051166 1165.849088 1166.532253 1167.209364 1167.853764 1170.926528 1172.285744 1169.584385 1167.517311 1167.950930 1168.601330 1168.819028 1169.409920 1171.749776 1174.793964 1175.639300 1172.170669 1168.387404 1169.223038 1173.282711 1177.365720 1178.956668 1177.785937 1177.871410 1181.043169 1184.685688 1188.158719 1188.228874 1183.682189 1176.070708 
0.000762 0.000926 0.000837 0.000588 0.000363 0.000205 0.000109 0.000062 0.000042 0.000033 0.000026 0.000022 0.000019 0.000018 0.000016 0.000014 0.000013 0.000012 0.000013 0.000014 0.000016 0.000015 0.000012 0.000010 0.000010 0.000012 0.000014 0.000015 0.000015 0.000015 
1223.130747 1223.360378 1222.900659 1221.385730 1220.997457 1222.071868 1222.497740 1217.044179 1217.271269 1218.181777 1218.169213 1217.255978 1216.225596 1215.592504 1215.050815 1214.393844 1213.087440 1211.609292 1211.000735 1210.781436 1210.321548 1209.154160 1207.335252 1206.164152 1206.340525 1208.155745 1208.602861 1207.942009 1208.830758 1213.029817 
0.000459 0.000526 0.000499 0.000424 0.000335 0.000232 0.000132 0.000061 0.000031 0.000021 0.000015 0.000011 0.000010 0.000009 0.000008 0.000007 0.000007 0.000005 0.000005 0.000005 0.000005 0.000004 0.000005 0.000006 0.000006 0.000006 0.000006 0.000005 0.000006 0.000009 
1242.974809 1242.300153 1242.866490 1244.783513 1246.250787 1245.987402 1244.892225 1244.086798 1244.385622 1245.356651 1245.897623 1245.535143 1245.024072 1245.143418 1245.139505 1244.814289 1244.574714 1244.907772 1246.241540 1246.083086 1245.236045 1245.554266 1246.709283 1246.462735 1245.272436 1244.552667 1244.478091 1244.324863 1245.238474 1245.875410 
0.000852 0.001009 0.000918 0.000640 0.000344 0.000156 0.000095 0.000061 0.000037 0.000027 0.000021 0.000017 0.000015 0.000013 0.000012 0.000012 0.000011 0.000009 0.000008 0.000008 0.000008 0.000008 0.000007 0.000008 0.000009 0.000009 0.000009 0.000010 0.000011 0.000012 
1276.925981 1275.730882 1274.874795 1274.422597 1275.640181 1281.135505 1286.619415 1287.363642 1285.134913 1281.530224 1279.989468 1278.895529 1278.347570 1278.531187 1278.597794 1278.265244 1277.850787 1276.832545 1274.705948 1272.992924 1272.087447 1271.963522 1273.437452 1275.232775 1275.471421 1275.026845 1274.707178 1274.075614 1274.831446 1279.022507 
0.001487 0.001713 0.001476 0.000971 0.000516 0.000235 0.000108 0.000067 0.000048 0.000038 0.000032 0.000029 0.000028 0.000028 0.000027 0.000026 0.000024 0.000023 0.000021 0.000020 0.000021 0.000020 0.000020 0.000020 0.000021 0.000021 0.000021 0.000021 0.000020 0.000018 
1331.198044 1330.971562 1329.948414 1327.998948 1326.303018 1324.206402 1320.597345 1320.054953 1321.798696 1322.863643 1323.191465 1322.896548 1322.285951 1321.660578 1321.639659 1321.486772 1320.867880 1320.897810 1321.908471 1322.776141 1323.155175 1323.055055 1322.554765 1322.031094 1321.412537 1321.640621 1322.523577 1322.853864 1322.237418 1320.626036 
0.000541 0.000662 0.000627 0.000474 0.000289 0.000140 0.000059 0.000038 0.000033 0.000028 0.000023 0.000020 0.000018 0.000017 0.000016 0.000014 0.000012 0.000011 0.000010 0.000010 0.000009 0.000010 0.000011 0.000012 0.000011 0.000009 0.000008 0.000008 0.000009 0.000012 
1381.404223 1383.435359 1385.513371 1387.482793 1389.414909 1392.462764 1393.311680 1388.736684 1388.544873 1388.941688 1389.173214 1388.663241 1387.786699 1387.187823 1386.528948 1385.973712 1385.868308 1386.098980 1386.690025 1387.112241 1386.910865 1386.229933 1385.676968 1385.337656 1384.703045 1383.988122 1384.965017 1386.345551 1386.594229 1386.465516 
0.000905 0.001033 0.000884 0.000593 0.000325 0.000173 0.000083 0.000042 0.000031 0.000027 0.000023 0.000019 0.000018 0.000016 0.000015 0.000014 0.000014 0.000015 0.000016 0.000016 0.000015 0.000015 0.000015 0.000017 0.000018 0.000018 0.000016 0.000015 0.000015 0.000015 
1434.799277 1433.948928 1433.073618 1433.138172 1434.805428 1437.444697 1437.253531 1432.601463 1431.294503 1432.430856 1433.155131 1433.947816 1434.986556 1435.765180 1436.079825 1436.408541 1437.903166 1439.798570 1440.747758 1440.653819 1440.247758 1440.356916 1440.794948 1440.677922 1440.299735 1439.997942 1439.527699 1438.928079 1437.871249 1435.753320 
0.000932 0.000995 0.000798 0.000531 0.000304 0.000153 0.000065 0.000040 0.000032 0.000024 0.000018 0.000014 0.000012 0.000010 0.000009 0.000008 0.000008 0.000008 0.000008 0.000008 0.000007 0.000007 0.000007 0.000007 0.000007 0.000007 0.000005 0.000004 0.000004 0.000005 
1464.416145 1464.476023 1464.733378 1464.559854 1463.637273 1461.290942 1460.619077 1462.748943 1463.442650 1463.765291 1463.394795 1462.590903 1462.514805 1463.218790 1463.850684 1463.752731 1461.882917 1458.534396 1456.464940 1457.294804 1460.213052 1461.584208 1460.547189 1458.623959 1457.314360 1457.525411 1459.174391 1459.898997 1459.707668 1460.984568 
0.000481 0.000447 0.000313 0.000222 0.000176 0.000121 0.000057 0.000023 0.000019 0.000018 0.000015 0.000011 0.000009 0.000009 0.000008 0.000007 0.000007 0.000005 0.000004 0.000004 0.000005 0.000005 0.000005 0.000004 0.000003 0.000004 0.000005 0.000006 0.000006 0.000005 
1490.801512 1490.591109 1490.849239 1491.395812 1492.158880 1492.128812 1492.388437 1492.736929 1491.514013 1491.633725 1491.631188 1491.300403 1491.262581 1491.925638 1492.656936 1493.239780 1493.878690 1494.839364 1495.271896 1494.039524 1493.414613 1493.283517 1493.227551 1493.315597 1494.477352 1496.226857 1496.578369 1496.632424 1497.054145 1497.317136 
0.001143 0.001326 0.001171 0.000807 0.000435 0.000197 0.000080 0.000043 0.000035 0.000030 0.000025 0.000022 0.000021 0.000019 0.000017 0.000015 0.000014 0.000015 0.000016 0.000018 0.000018 0.000016 0.000014 0.000013 0.000013 0.000013 0.000014 0.000015 0.000016 0.000016 
1549.140464 1550.658445 1552.097448 1552.295453 1550.755359 1549.151533 1554.965703 1558.797434 1556.405555 1556.037755 1556.334668 1557.152374 1557.766281 1557.751840 1558.162567 1559.696911 1560.327563 1560.394884 1561.939938 1563.082710 1562.952831 1562.328294 1562.316847 1562.285159 1561.401796 1560.249450 1559.610631 1558.752124 1558.092471 1557.576854 
0.000112 0.000118 0.000136 0.000146 0.000131 0.000087 0.000037 0.000018 0.000017 0.000014 0.000011 0.000009 0.000008 0.000007 0.000007 0.000006 0.000005 0.000004 0.000004 0.000003 0.000003 0.000003 0.000003 0.000003 0.000003 0.000002 0.000002 0.000003 0.000003 0.000004 
1588.503096 1587.093670 1583.492135 1582.698273 1583.602941 1584.398519 1584.374302 1584.938657 1585.357989 1585.582277 1586.134409 1586.318579 1585.981811 1585.833974 1585.744614 1585.131104 1584.391984 1584.257322 1584.649679 1585.485006 1586.307821 1585.089543 1583.981804 1583.613315 1583.513570 1584.261971 1586.145985 1587.427916 1588.257235 1588.771606 
0.001554 0.001773 0.001454 0.000837 0.000320 0.000115 0.000055 0.000036 0.000031 0.000026 0.000021 0.000018 0.000016 0.000014 0.000013 0.000012 0.000011 0.000010 0.000009 0.000008 0.000009 0.000009 0.000009 0.000009 0.000008 0.000008 0.000008 0.000008 0.000009 0.000009 
1628.382844 1628.525983 1628.287647 1627.040998 1621.472391 1611.903492 1613.661275 1618.175991 1619.307559 1619.765579 1618.924850 1617.442810 1617.358554 1618.478827 1619.247114 1619.342592 1620.037578 1622.028959 1625.810929 1628.208068 1626.213553 1622.379388 1619.265917 1619.092079 1621.682405 1625.198235 1627.175524 1626.499318 1622.601482 1619.142309 
0.001434 0.001686 0.001414 0.000823 0.000300 0.000088 0.000041 0.000027 0.000022 0.000019 0.000015 0.000012 0.000012 0.000011 0.000011 0.000011 0.000010 0.000008 0.000008 0.000008 0.000009 0.000008 0.000008 0.000010 0.000010 0.000010 0.000010 0.000011 0.000011 0.000010 
1667.088836 1667.394044 1667.845133 1668.658914 1670.531862 1670.143178 1667.693785 1668.334736 1668.623789 1668.101049 1667.919282 1668.061605 1669.157538 1670.859619 1672.241710 1672.923068 1673.493588 1674.562703 1675.758978 1676.005022 1675.848852 1675.817831 1675.157063 1674.494660 1674.941696 1676.033100 1676.542328 1676.252345 1675.896783 1675.327475 
0.000663 0.000756 0.000628 0.000379 0.000163 0.000057 0.000025 0.000021 0.000019 0.000016 0.000012 0.000009 0.000008 0.000007 0.000006 0.000005 0.000004 0.000004 0.000004 0.000004 0.000004 0.000004 0.000003 0.000003 0.000004 0.000004 0.000004 0.000005 0.000006 0.000007 
1704.864934 1704.595796 1704.505912 1704.929422 1706.836848 1709.184386 1707.659924 1706.697832 1707.005840 1706.974532 1706.957801 1706.632310 1706.151814 1706.226415 1706.213293 1706.021228 1706.601320 1707.119779 1706.857428 1707.489007 1708.757625 1709.415643 1709.254807 1707.321350 1706.510012 1709.050389 1709.468558 1706.062013 1702.280397 1701.467511 
0.000631 0.000709 0.000582 0.000349 0.000160 0.000069 0.000035 0.000023 0.000021 0.000018 0.000015 0.000012 0.000010 0.000009 0.000009 0.000009 0.000008 0.000007 0.000007 0.000008 0.000009 0.000009 0.000009 0.000008 0.000007 0.000007 0.000007 0.000006 0.000005 0.000006 
1747.635179 1747.628929 1747.814180 1748.516335 1749.957000 1750.617772 1748.378945 1748.433736 1748.534577 1748.569246 1748.952218 1748.996572 1748.210780 1747.910401 1748.841892 1750.203152 1750.768136 1748.060173 1743.775343 1742.545055 1742.952571 1743.091838 1743.288341 1744.230861 1746.658471 1748.330443 1748.217975 1747.945225 1748.016916 1747.349145 
0.000640 0.000684 0.000537 0.000311 0.000138 0.000066 0.000042 0.000034 0.000028 0.000024 0.000021 0.000018 0.000016 0.000015 0.000015 0.000015 0.000015 0.000015 0.000015 0.000015 0.000016 0.000017 0.000017 0.000015 0.000012 0.000010 0.000010 0.000011 0.000012 0.000012 
1802.496335 1803.037208 1803.489873 1803.459414 1803.193078 1803.267331 1803.936697 1803.569182 1802.213991 1801.763553 1801.837015 1801.579589 1801.024948 1801.008963 1802.077482 1803.414749 1803.958202 1803.430861 1802.464322 1801.987360 1801.461966 1800.950858 1801.436816 1802.712235 1803.735368 1803.390814 1801.892390 1801.629767 1803.809026 1807.428530 
0.000276 0.000294 0.000228 0.000134 0.000065 0.000038 0.000025 0.000019 0.000017 0.000014 0.000012 0.000009 0.000008 0.000007 0.000006 0.000005 0.000005 0.000005 0.000006 0.000006 0.000005 0.000005 0.000004 0.000004 0.000004 0.000003 0.000003 0.000003 0.000004 0.000007 
1851.300774 1852.336448 1853.794053 1854.884006 1853.243737 1848.308181 1848.263638 1849.988482 1850.716499 1851.205985 1851.337191 1851.240026 1851.635162 1852.249411 1852.342128 1852.345885 1853.322173 1854.890818 1855.878407 1855.858716 1854.484902 1851.801432 1849.328874 1849.613368 1850.770180 1850.629640 1850.088897 1850.730385 1850.749369 1849.615633 
0.000224 0.000293 0.000272 0.000182 0.000091 0.000044 0.000025 0.000018 0.000016 0.000014 0.000011 0.000009 0.000007 0.000007 0.000007 0.000007 0.000006 0.000005 0.000004 0.000003 0.000003 0.000003 0.000003 0.000003 0.000004 0.000004 0.000003 0.000003 0.000005 0.000006 
1890.536551 1890.800532 1890.914813 1890.583828 1888.844241 1886.351429 1887.236054 1888.275784 1889.156605 1889.411422 1889.377489 1889.065053 1888.238455 1888.133516 1889.355069 1890.667041 1891.718005 1892.825830 1893.266046 1892.137288 1889.863524 1888.916790 1889.896356 1892.519154 1893.618509 1892.282862 1890.021713 1888.027705 1888.275473 1888.901420 
0.000698 0.000801 0.000667 0.000398 0.000171 0.000071 0.000037 0.000026 0.000022 0.000019 0.000015 0.000012 0.000011 0.000011 0.000011 0.000010 0.000010 0.000011 0.000011 0.000011 0.000010 0.000010 0.000010 0.000010 0.000011 0.000013 0.000013 0.000012 0.000011 0.000010 
1930.785666 1929.422307 1927.900813 1926.299831 1926.342322 1928.221493 1928.630341 1930.462381 1932.013700 1931.759138 1931.697970 1930.999049 1928.475102 1926.324272 1925.226578 1924.722382 1924.540054 1924.071886 1922.993927 1922.137492 1922.916221 1925.658686 1927.946781 1927.818696 1926.505716 1924.654016 1923.291006 1923.392194 1927.396155 1933.382934 
0.000305 0.000327 0.000253 0.000138 0.000052 0.000026 0.000019 0.000016 0.000013 0.000010 0.000009 0.000008 0.000008 0.000008 0.000008 0.000007 0.000006 0.000004 0.000003 0.000002 0.000002 0.000003 0.000002 0.000002 0.000002 0.000004 0.000005 0.000006 0.000006 0.000007 
1974.960014 1974.883304 1974.881314 1975.217281 1977.311095 1978.701535 1977.350422 1976.566581 1975.871814 1975.254933 1975.318336 1975.776324 1976.323058 1977.213391 1977.744653 1977.454174 1976.890211 1976.533747 1976.175901 1975.192477 1975.197329 1975.911517 1975.295204 1973.840030 1975.700877 1977.170071 1978.053436 1978.258864 1977.452118 1976.163933 
0.000136 0.000158 0.000148 0.000119 0.000080 0.000045 0.000022 0.000016 0.000017 0.000015 0.000012 0.000009 0.000008 0.000008 0.000009 0.000008 0.000007 0.000006 0.000005 0.000005 0.000003 0.000003 0.000004 0.000004 0.000004 0.000005 0.000005 0.000005 0.000005 0.000005 
2028.798988 2029.272826 2029.717423 2029.811575 2029.611908 2029.790240 2030.949627 2030.716632 2030.300524 2030.218209 2030.010072 2030.444577 2031.515356 2032.263832 2032.817736 2033.297665 2034.004304 2034.570903 2034.538006 2033.814178 2032.089253 2031.419443 2032.969538 2034.248167 2035.219874 2035.921530 2036.656690 2036.611339 2036.237953 2035.083282 
0.000210 0.000244 0.000225 0.000173 0.000113 0.000062 0.000030 0.000019 0.000016 0.000014 0.000011 0.000009 0.000007 0.000007 0.000007 0.000007 0.000006 0.000004 0.000003 0.000004 0.000005 0.000006 0.000006 0.000007 0.000006 0.000005 0.000005 0.000004 0.000004 0.000004 
2069.290696 2068.639682 2067.765223 2067.132014 2067.012428 2066.568828 2065.396946 2067.112343 2068.095941 2067.701625 2066.863811 2065.754345 2065.868063 2067.147050 2067.905948 2068.203280 2068.349756 2067.756629 2066.825297 2067.469619 2068.306616 2068.225488 2068.359642 2068.922799 2068.756863 2067.933683 2068.735305 2070.942726 2069.806328 2065.982165 
0.000297 0.000314 0.000245 0.000154 0.000088 0.000049 0.000026 0.000021 0.000020 0.000018 0.000014 0.000012 0.000010 0.000010 0.000009 0.000009 0.000008 0.000007 0.000006 0.000005 0.000006 0.000006 0.000005 0.000005 0.000007 0.000008 0.000009 0.000008 0.000007 0.000007 
2096.964218 2097.426233 2097.727998 2096.238671 2094.004971 2092.602092 2094.346810 2097.315436 2098.064012 2097.513855 2096.706600 2097.153423 2098.137059 2097.826059 2097.442990 2098.052074 2099.418457 2100.888249 2100.509307 2095.825225 2093.948684 2095.809237 2097.286874 2096.918521 2098.466429 2099.903602 2100.311457 2099.641781 2098.815076 2099.571529 
0.000165 0.000195 0.000172 0.000112 0.000056 0.000026 0.000018 0.000016 0.000015 0.000012 0.000010 0.000008 0.000007 0.000006 0.000006 0.000004 0.000004 0.000003 0.000004 0.000004 0.000004 0.000005 0.000005 0.000005 0.000004 0.000004 0.000004 0.000004 0.000003 0.000004 
2122.575973 2123.723100 2125.008156 2126.179133 2125.993512 2122.461524 2121.870032 2122.412382 2122.674650 2122.983788 2122.946596 2122.748704 2123.703564 2125.026030 2125.251451 2124.515942 2123.018436 2120.991753 2119.182410 2118.683150 2120.004232 2121.109335 2121.324892 2121.555848 2122.417814 2122.700219 2122.261248 2122.349144 2124.186617 2124.788699 
0.000388 0.000473 0.000427 0.000283 0.000132 0.000048 0.000030 0.000026 0.000024 0.000020 0.000017 0.000014 0.000013 0.000013 0.000013 0.000013 0.000013 0.000013 0.000011 0.000009 0.000008 0.000008 0.000008 0.000009 0.000010 0.000010 0.000010 0.000009 0.000008 0.000009 
2169.028190 2166.313916 2163.715096 2161.310101 2159.647819 2162.204804 2164.885684 2165.406220 2165.681374 2165.486126 2165.146528 2165.427257 2166.578449 2167.795353 2169.139045 2168.961915 2164.978113 2160.287642 2158.273750 2159.831326 2163.931460 2167.066361 2167.853915 2167.002355 2164.754624 2161.978726 2161.641782 2163.597650 2167.839871 2170.466412 
0.000157 0.000164 0.000132 0.000085 0.000050 0.000029 0.000020 0.000016 0.000014 0.000012 0.000009 0.000008 0.000007 0.000007 0.000007 0.000006 0.000005 0.000003 0.000003 0.000004 0.000004 0.000004 0.000004 0.000004 0.000003 0.000003 0.000004 0.000004 0.000003 0.000003 
2218.211739 2218.148666 2217.405609 2215.562003 2214.152844 2214.894978 2217.516619 2218.151186 2217.726392 2217.469231 2217.657098 2218.032792 2218.044361 2217.765264 2217.474113 2217.277146 2216.678162 2215.872524 2218.670414 2220.716230 2220.683509 2219.645934 2218.497052 2218.376889 2219.886834 2220.818109 2219.701691 2218.823513 2219.170969 2219.317059 
0.000233 0.000245 0.000191 0.000115 0.000061 0.000033 0.000019 0.000013 0.000011 0.000010 0.000008 0.000007 0.000006 0.000005 0.000004 0.000004 0.000004 0.000002 0.000002 0.000003 0.000003 0.000003 0.000003 0.000003 0.000004 0.000004 0.000004 0.000002 0.000002 0.000002 
2247.416569 2247.242208 2247.056142 2247.157507 2248.249443 2249.186277 2248.298160 2247.492926 2247.587133 2247.575287 2247.584308 2247.625549 2247.298366 2246.536321 2246.354697 2246.707134 2246.944121 2248.208919 2250.357962 2248.351784 2246.807579 2246.225936 2244.880959 2245.290431 2246.780444 2247.211681 2247.177002 2246.957489 2246.719294 2246.962948 
0.000240 0.000242 0.000191 0.000138 0.000095 0.000058 0.000028 0.000015 0.000013 0.000011 0.000009 0.000007 0.000006 0.000005 0.000005 0.000004 0.000003 0.000003 0.000003 0.000002 0.000002 0.000003 0.000003 0.000003 0.000004 0.000004 0.000004 0.000002 0.000002 0.000004 
2265.414547 2265.473606 2266.705388 2268.616287 2269.214413 2267.574229 2265.580830 2264.962491 2265.681815 2266.033567 2266.113810 2266.078161 2266.196153 2266.511799 2266.495254 2265.929491 2265.226513 2266.437855 2267.440246 2264.243093 2263.080267 2266.569406 2267.532979 2264.283862 2263.960230 2266.277884 2269.556837 2269.015825 2265.583467 2266.377697 
0.000362 0.000394 0.000346 0.000247 0.000144 0.000060 0.000022 0.000017 0.000017 0.000015 0.000012 0.000010 0.000010 0.000010 0.000011 0.000010 0.000009 0.000008 0.000007 0.000007 0.000007 0.000006 0.000005 0.000006 0.000007 0.000008 0.000008 0.000007 0.000007 0.000007 
2290.920804 2292.086644 2292.059160 2290.856019 2288.343762 2286.378442 2285.761213 2286.058407 2287.104274 2287.088327 2286.303125 2286.009344 2286.677905 2286.955655 2286.799789 2286.472378 2286.022510 2285.249766 2284.845879 2285.457099 2285.346859 2284.024386 2283.816026 2285.613003 2286.516705 2286.290242 2285.940521 2285.255820 2283.849667 2284.179808 
0.000699 0.000746 0.000573 0.000307 0.000111 0.000039 0.000023 0.000019 0.000018 0.000015 0.000012 0.000009 0.000008 0.000007 0.000008 0.000007 0.000006 0.000006 0.000005 0.000005 0.000005 0.000005 0.000005 0.000005 0.000006 0.000006 0.000006 0.000005 0.000004 0.000004 
2319.867650 2319.053719 2318.256384 2317.673615 2318.928535 2321.485370 2321.150158 2322.460273 2322.333620 2322.562110 2322.936266 2322.685855 2321.932136 2321.881961 2322.522229 2323.071675 2323.358322 2323.668297 2323.747640 2322.185046 2318.660156 2315.999011 2314.633299 2313.787154 2314.075145 2314.958670 2315.337545 2316.463590 2322.250536 2326.062794 
0.000466 0.000474 0.000345 0.000174 0.000063 0.000028 0.000019 0.000018 0.000016 0.000014 0.000012 0.000009 0.000008 0.000008 0.000008 0.000008 0.000007 0.000007 0.000005 0.000005 0.000005 0.000005 0.000005 0.000005 0.000004 0.000003 0.000004 0.000004 0.000005 0.000006 
2378.320605 2377.899665 2377.213953 2375.969379 2374.849336 2376.892891 2378.316045 2379.073966 2379.863210 2380.699074 2381.462761 2381.996290 2381.873205 2380.451126 2378.855455 2377.173884 2375.312210 2374.051105 2374.678030 2378.436618 2380.165288 2378.135110 2375.655970 2374.221238 2373.701133 2373.972869 2374.234301 2375.254829 2377.772625 2379.231127 
0.000352 0.000349 0.000243 0.000113 0.000036 0.000021 0.000019 0.000017 0.000015 0.000013 0.000012 0.000010 0.000009 0.000007 0.000006 0.000006 0.000005 0.000005 0.000005 0.000005 0.000006 0.000007 0.000007 0.000006 0.000004 0.000004 0.000005 0.000006 0.000007 0.000007 
2406.124024 2406.308345 2406.527577 2406.680752 2405.717129 2405.424945 2406.648993 2407.196433 2407.324986 2406.732879 2405.844548 2405.521350 2405.455221 2404.927870 2404.733072 2405.575438 2405.931986 2405.105909 2403.852095 2402.668676 2403.171693 2404.909167 2405.974295 2406.264417 2406.355747 2406.353149 2406.520453 2406.607929 2407.135581 2407.893679 
0.000187 0.000189 0.000142 0.000079 0.000037 0.000020 0.000016 0.000015 0.000014 0.000012 0.000010 0.000008 0.000007 0.000007 0.000006 0.000006 0.000006 0.000006 0.000005 0.000005 0.000005 0.000005 0.000003 0.000002 0.000003 0.000003 0.000003 0.000003 0.000003 0.000004 
2454.724000 2455.055285 2455.812539 2456.981135 2456.840944 2454.846156 2456.327497 2456.840389 2456.827603 2457.142120 2457.529900 2457.322412 2455.795904 2454.785400 2455.815529 2458.259824 2460.082407 2459.933612 2457.922297 2456.305406 2457.361288 2459.829883 2460.423380 2455.780888 2454.888406 2457.561346 2459.292312 2458.109168 2454.262731 2452.510981 
0.000293 0.000296 0.000215 0.000111 0.000043 0.000023 0.000021 0.000020 0.000018 0.000015 0.000012 0.000010 0.000011 0.000011 0.000010 0.000008 0.000006 0.000006 0.000007 0.000007 0.000006 0.000006 0.000006 0.000006 0.000005 0.000005 0.000006 0.000006 0.000007 0.000006 
2505.028550 2504.567796 2503.576595 2501.535194 2498.951408 2500.973898 2503.479860 2504.418688 2504.142413 2503.243784 2501.553787 2501.127427 2503.878556 2505.705325 2505.769531 2505.294632 2506.032735 2506.540444 2504.872815 2501.915792 2498.957339 2499.336316 2501.805192 2502.965058 2504.374488 2507.713611 2509.161329 2509.497799 2507.957333 2504.607743 
0.000532 0.000560 0.000425 0.000226 0.000080 0.000030 0.000022 0.000019 0.000018 0.000015 0.000012 0.000010 0.000010 0.000010 0.000010 0.000009 0.000007 0.000007 0.000007 0.000007 0.000007 0.000007 0.000007 0.000006 0.000005 0.000005 0.000005 0.000004 0.000004 0.000005 
2561.490743 2560.944231 2560.441349 2560.083727 2560.812837 2564.677735 2565.384448 2565.576905 2565.623400 2565.845120 2566.406643 2567.040305 2566.540449 2564.783195 2563.276387 2563.334606 2565.693979 2567.173644 2565.705774 2563.236934 2562.219602 2564.351700 2567.155519 2567.554466 2563.836015 2559.744182 2558.608358 2557.702105 2556.297449 2557.784239 
0.000354 0.000398 0.000331 0.000201 0.000089 0.000035 0.000022 0.000020 0.000019 0.000018 0.000016 0.000014 0.000011 0.000010 0.000009 0.000008 0.000008 0.000008 0.000006 0.000005 0.000005 0.000005 0.000005 0.000005 0.000005 0.000005 0.000006 0.000006 0.000006 0.000006 
2621.436234 2623.618448 2626.204158 2629.313789 2632.441097 2630.244110 2624.393016 2622.296860 2621.157181 2620.455280 2620.914020 2622.402927 2624.210231 2625.586765 2626.413130 2626.621939 2625.015605 2622.768453 2622.233133 2625.293810 2625.936571 2621.887921 2619.088076 2621.698539 2625.486612 2624.882725 2621.360666 2617.789526 2616.101379 2616.097301 
0.000552 0.000623 0.000517 0.000308 0.000125 0.000039 0.000024 0.000021 0.000018 0.000015 0.000012 0.000011 0.000011 0.000012 0.000011 0.000010 0.000010 0.000009 0.000008 0.000007 0.000007 0.000006 0.000006 0.000006 0.000006 0.000008 0.000009 0.000010 0.000010 0.000009 
2683.807393 2681.645855 2679.407659 2677.241627 2676.122941 2680.879999 2683.053348 2682.879813 2682.773064 2682.973781 2682.665284 2681.778663 2681.756146 2682.600779 2683.068970 2681.139488 2677.594921 2677.085436 2679.046889 2679.200396 2679.073224 2680.828873 2681.715221 2681.515786 2682.390158 2685.300843 2687.880682 2688.832803 2687.252412 2684.569764 
0.000418 0.000415 0.000298 0.000154 0.000062 0.000029 0.000021 0.000018 0.000017 0.000015 0.000013 0.000011 0.000010 0.000009 0.000009 0.000009 0.000008 0.000006 0.000004 0.000004 0.000004 0.000005 0.000006 0.000007 0.000007 0.000008 0.000008 0.000008 0.000008 0.000008 
2730.614715 2730.631928 2731.162299 2732.917839 2736.204801 2735.576225 2733.560888 2732.251391 2731.632056 2730.946091 2730.651448 2731.149799 2731.062086 2729.550094 2728.353999 2728.016908 2728.377214 2730.003523 2732.336416 2731.389954 2727.518479 2724.801823 2724.254004 2724.169449 2724.430134 2724.626946 2724.496543 2726.477297 2734.661649 2740.626338 
0.000473 0.000486 0.000364 0.000196 0.000077 0.000032 0.000021 0.000018 0.000016 0.000014 0.000011 0.000010 0.000010 0.000010 0.000009 0.000008 0.000006 0.000006 0.000006 0.000006 0.000006 0.000005 0.000005 0.000005 0.000005 0.000006 0.000008 0.000008 0.000007 0.000007 
2776.930619 2777.568473 2777.696667 2776.434598 2771.546260 2767.594690 2770.241375 2771.210227 2771.892865 2771.794551 2770.746167 2771.046208 2773.843854 2775.658715 2775.683510 2774.717136 2772.886404 2771.020855 2770.525764 2771.388649 2771.336612 2770.097889 2768.457566 2766.544483 2765.764792 2766.977798 2767.512824 2766.701464 2766.077475 2767.162705 
0.000506 0.000516 0.000375 0.000185 0.000057 0.000020 0.000015 0.000014 0.000013 0.000011 0.000009 0.000007 0.000006 0.000005 0.000005 0.000005 0.000006 0.000006 0.000006 0.000006 0.000006 0.000005 0.000005 0.000005 0.000005 0.000004 0.000004 0.000004 0.000004 0.000006 
2813.416178 2813.337232 2813.400765 2813.921278 2816.474179 2817.100103 2814.363377 2814.065157 2813.757668 2814.029563 2814.812053 2815.203143 2815.085754 2815.132730 2815.783369 2817.003290 2817.979048 2818.939023 2819.398310 2819.074120 2818.933201 2819.592923 2820.481021 2820.885554 2820.839151 2819.797311 2818.555553 2819.033229 2820.793344 2820.470987 
0.000650 0.000689 0.000528 0.000283 0.000099 0.000029 0.000018 0.000016 0.000015 0.000013 0.000010 0.000009 0.000008 0.000007 0.000007 0.000006 0.000005 0.000004 0.000004 0.000003 0.000004 0.000005 0.000005 0.000005 0.000005 0.000004 0.000005 0.000005 0.000005 0.000006 
2862.295644 2862.305585 2862.207437 2861.800729 2860.242721 2858.833610 2862.323857 2863.239988 2863.099208 2862.723654 2862.828272 2863.819481 2864.615560 2863.993487 2862.792437 2862.970034 2865.668569 2868.171082 2867.058532 2859.631504 2856.588019 2858.903735 2861.232811 2862.293863 2862.473353 2862.620321 2861.828854 2859.501081 2858.791930 2861.047234 
0.000346 0.000383 0.000311 0.000181 0.000072 0.000027 0.000019 0.000017 0.000014 0.000012 0.000010 0.000009 0.000008 0.000007 0.000006 0.000005 0.000004 0.000004 0.000004 0.000006 0.000007 0.000008 0.000007 0.000005 0.000005 0.000004 0.000004 0.000004 0.000004 0.000004 
2925.342546 2925.687706 2926.310338 2927.324436 2928.947590 2930.878579 2931.030670 2930.846734 2929.765479 2928.578534 2927.955339 2928.568792 2930.439884 2932.259973 2932.042421 2929.110105 2926.489232 2926.349966 2930.150511 2932.741483 2934.501716 2935.990829 2936.475579 2936.192235 2937.252201 2938.901469 2938.265622 2937.750249 2938.788584 2937.503166 
0.000171 0.000194 0.000164 0.000102 0.000047 0.000023 0.000016 0.000014 0.000013 0.000012 0.000011 0.000009 0.000007 0.000006 0.000005 0.000005 0.000005 0.000005 0.000005 0.000005 0.000005 0.000006 0.000005 0.000004 0.000004 0.000005 0.000005 0.000005 0.000005 0.000005 
2981.460959 2981.982058 2982.842691 2984.313799 2986.758845 2986.622518 2982.429234 2981.115352 2981.847492 2983.024706 2984.512655 2985.661885 2985.058394 2982.625060 2981.632524 2982.837310 2985.179686 2987.818957 2987.736650 2984.026857 2980.753753 2981.548721 2982.859183 2982.997008 2982.722736 2980.650513 2977.804969 2975.931147 2974.976906 2974.425309 
0.000772 0.000819 0.000621 0.000322 0.000104 0.000038 0.000029 0.000025 0.000023 0.000020 0.000018 0.000016 0.000015 0.000015 0.000014 0.000012 0.000010 0.000008 0.000008 0.000008 0.000008 0.000008 0.000008 0.000009 0.000009 0.000009 0.000008 0.000008 0.000008 0.000008 
3069.155448 3068.442841 3067.663209 3066.799179 3066.473386 3071.682989 3068.822796 3067.349484 3065.952212 3065.477238 3063.882721 3060.264595 3059.041758 3061.484694 3062.327361 3060.278841 3056.374618 3053.439976 3053.929122 3056.604558 3060.629645 3065.794109 3070.451640 3070.803977 3071.957705 3075.988557 3079.480155 3077.838522 3072.479020 3065.886162 
0.000231 0.000243 0.000185 0.000099 0.000036 0.000018 0.000015 0.000014 0.000014 0.000013 0.000012 0.000010 0.000008 0.000007 0.000006 0.000006 0.000006 0.000007 0.000006 0.000005 0.000004 0.000004 0.000004 0.000006 0.000008 0.000008 0.000008 0.000006 0.000006 0.000007 
3146.546902 3147.076728 3147.585183 3147.822109 3146.465815 3146.628220 3149.366888 3149.562179 3149.162035 3148.688596 3148.148117 3148.281703 3150.083375 3151.934906 3151.668828 3151.126958 3150.544049 3149.828370 3149.417405 3148.717849 3147.585123 3147.260387 3148.298125 3152.364345 3155.110423 3154.945117 3153.339005 3151.209673 3147.754691 3144.841562 
0.000489 0.000518 0.000395 0.000213 0.000083 0.000034 0.000022 0.000019 0.000016 0.000012 0.000010 0.000009 0.000009 0.000008 0.000007 0.000006 0.000006 0.000006 0.000006 0.000006 0.000006 0.000006 0.000006 0.000006 0.000006 0.000005 0.000004 0.000005 0.000006 0.000007 
3245.903355 3246.106203 3246.160453 3245.523443 3243.492207 3240.272519 3240.384065 3240.395118 3240.411055 3240.465275 3241.725458 3244.124821 3244.839920 3242.762713 3238.125872 3233.849092 3232.569276 3232.664387 3233.827170 3237.365912 3242.253220 3246.013309 3245.888039 3242.199624 3240.730935 3242.602860 3243.488143 3240.449856 3236.994401 3235.903235 
0.000547 0.000559 0.000404 0.000194 0.000061 0.000026 0.000017 0.000013 0.000013 0.000012 0.000010 0.000008 0.000006 0.000005 0.000005 0.000005 0.000005 0.000004 0.000004 0.000005 0.000006 0.000007 0.000006 0.000005 0.000004 0.000004 0.000004 0.000004 0.000004 0.000004 
3303.260216 3303.579202 3304.002999 3304.556705 3303.482082 3300.930758 3302.294648 3301.629694 3301.313809 3300.908445 3300.473463 3300.058501 3300.090060 3301.250536 3302.729018 3303.599005 3304.119881 3304.024999 3301.847929 3300.378183 3302.099231 3304.172061 3305.015320 3304.800659 3304.316011 3304.260781 3304.136718 3305.216155 3305.750145 3303.745336 
0.000671 0.000708 0.000540 0.000289 0.000108 0.000041 0.000026 0.000021 0.000019 0.000017 0.000014 0.000012 0.000011 0.000011 0.000011 0.000010 0.000010 0.000009 0.000009 0.000010 0.000010 0.000009 0.000009 0.000010 0.000010 0.000009 0.000008 0.000007 0.000008 0.000009 
3383.074436 3385.032104 3387.541069 3390.795574 3391.850854 3383.244701 3381.439018 3383.473781 3383.638771 3382.810653 3383.115163 3384.407124 3383.483550 3381.175488 3380.434706 3379.592364 3378.696583 3382.173942 3386.454366 3383.718499 3379.013423 3378.265446 3382.967429 3385.693446 3384.277981 3383.687526 3385.355879 3383.518037 3378.879011 3380.878760 
0.000187 0.000192 0.000148 0.000087 0.000043 0.000021 0.000014 0.000012 0.000011 0.000010 0.000008 0.000006 0.000006 0.000005 0.000005 0.000005 0.000005 0.000005 0.000005 0.000005 0.000006 0.000006 0.000005 0.000004 0.000003 0.000004 0.000005 0.000005 0.000005 0.000006 
3577.508146 3577.082409 3576.575113 3576.074438 3575.981957 3577.019379 3579.056662 3578.904277 3577.735924 3576.700169 3576.742250 3578.002686 3578.202605 3576.834846 3575.109964 3574.218782 3574.975702 3576.530163 3576.696872 3576.042535 3576.480737 3577.432804 3577.194704 3575.358181 3574.562471 3574.966747 3574.804372 3574.944561 3576.498577 3577.524946 
0.000513 0.000545 0.000419 0.000227 0.000081 0.000030 0.000021 0.000019 0.000017 0.000014 0.000012 0.000009 0.000008 0.000008 0.000008 0.000008 0.000008 0.000007 0.000006 0.000005 0.000005 0.000006 0.000006 0.000005 0.000005 0.000005 0.000005 0.000005 0.000005 0.000005 
3621.979551 3622.701688 3623.318387 3623.462688 3622.020387 3618.123531 3616.285128 3615.976801 3616.526186 3615.692649 3614.060629 3614.183540 3617.147797 3619.215663 3618.973809 3618.554333 3618.630692 3618.598480 3616.285773 3612.600007 3609.636156 3606.927813 3605.180462 3606.779878 3610.522655 3612.052335 3610.414292 3609.125538 3613.348652 3621.569210 
0.000394 0.000409 0.000306 0.000160 0.000056 0.000020 0.000014 0.000013 0.000012 0.000010 0.000009 0.000008 0.000007 0.000005 0.000004 0.000004 0.000003 0.000003 0.000003 0.000005 0.000005 0.000005 0.000004 0.000004 0.000005 0.000006 0.000007 0.000007 0.000006 0.000006 
3677.493542 3677.099212 3676.688031 3676.307198 3676.402948 3677.393366 3678.329405 3678.975018 3679.743390 3680.129105 3679.992066 3680.098840 3680.315835 3680.717466 3681.643631 3681.153079 3679.600972 3679.454170 3680.137881 3680.179632 3679.893142 3679.782168 3678.492923 3674.849148 3672.651995 3673.643960 3675.938939 3677.745145 3678.217527 3677.922916 
0.000387 0.000385 0.000273 0.000133 0.000048 0.000025 0.000018 0.000017 0.000016 0.000014 0.000011 0.000008 0.000009 0.000010 0.000009 0.000008 0.000007 0.000006 0.000006 0.000006 0.000006 0.000006 0.000005 0.000005 0.000005 0.000005 0.000005 0.000006 0.000006 0.000005 
3724.891066 3725.197530 3725.563769 3726.080205 3727.186094 3726.689588 3724.689757 3723.941564 3723.687308 3723.834136 3724.845994 3726.213364 3726.198184 3725.854717 3725.904987 3728.217968 3732.407037 3732.134931 3728.521644 3728.551611 3730.237341 3728.238123 3722.490736 3718.948932 3718.997314 3720.481088 3719.957655 3719.071758 3718.742531 3718.361098 
0.000422 0.000427 0.000309 0.000157 0.000060 0.000032 0.000023 0.000020 0.000017 0.000014 0.000012 0.000011 0.000010 0.000011 0.000011 0.000011 0.000009 0.000008 0.000007 0.000006 0.000006 0.000007 0.000007 0.000006 0.000006 0.000006 0.000006 0.000005 0.000006 0.000007 
3786.040757 3786.286092 3786.716173 3787.961015 3790.253401 3794.087574 3793.778752 3792.171859 3790.512851 3790.332165 3790.495556 3788.046625 3785.619257 3787.946852 3790.030108 3788.342499 3783.589052 3778.165211 3775.572581 3776.567031 3781.595933 3785.827388 3787.376774 3788.363105 3792.559383 3796.926238 3799.891865 3801.200687 3801.932702 3800.818251 
0.000448 0.000471 0.000357 0.000191 0.000071 0.000031 0.000021 0.000019 0.000018 0.000016 0.000014 0.000012 0.000010 0.000009 0.000009 0.000009 0.000009 0.000009 0.000009 0.000010 0.000010 0.000009 0.000008 0.000007 0.000007 0.000006 0.000006 0.000006 0.000006 0.000006 
3850.796464 3851.196306 3851.407607 3850.458356 3846.241076 3843.294345 3849.562431 3851.231960 3853.332361 3856.060050 3857.650865 3857.409075 3854.918557 3851.202914 3850.060828 3851.683500 3851.572763 3851.241836 3856.376208 3862.264915 3861.946774 3854.587053 3844.940113 3841.387489 3845.255151 3853.017532 3859.339067 3860.974717 3858.235489 3854.856053 
0.000148 0.000154 0.000115 0.000060 0.000023 0.000012 0.000009 0.000009 0.000008 0.000008 0.000008 0.000007 0.000006 0.000005 0.000004 0.000005 0.000005 0.000005 0.000005 0.000004 0.000004 0.000003 0.000004 0.000005 0.000006 0.000006 0.000004 0.000003 0.000003 0.000004 
3913.791241 3913.642700 3913.244569 3912.264629 3911.151139 3914.105578 3914.700033 3913.876332 3913.808920 3913.400137 3912.479294 3912.335145 3913.744766 3915.752541 3915.798943 3914.361889 3913.425560 3913.287205 3914.183112 3914.819628 3914.156276 3912.250811 3912.590107 3912.831825 3912.341789 3912.170620 3912.625980 3912.669974 3912.245061 3913.654961 
0.000285 0.000306 0.000233 0.000120 0.000039 0.000019 0.000016 0.000014 0.000013 0.000011 0.000008 0.000007 0.000006 0.000006 0.000006 0.000007 0.000007 0.000007 0.000007 0.000007 0.000007 0.000007 0.000008 0.000008 0.000008 0.000007 0.000007 0.000007 0.000006 0.000006 
3967.897210 3968.321652 3968.860812 3969.727033 3970.596464 3970.619073 3968.546038 3968.100104 3967.625466 3967.100071 3966.391168 3965.411622 3965.795675 3968.326814 3970.727899 3969.906505 3966.848483 3963.271085 3962.007056 3962.179058 3960.784446 3958.715061 3958.183987 3959.856203 3962.541742 3964.999728 3965.541968 3963.580210 3961.112971 3959.193676 
0.000258 0.000266 0.000196 0.000102 0.000039 0.000020 0.000016 0.000016 0.000015 0.000015 0.000013 0.000011 0.000009 0.000009 0.000008 0.000007 0.000006 0.000005 0.000004 0.000006 0.000007 0.000007 0.000006 0.000005 0.000006 0.000007 0.000007 0.000006 0.000005 0.000005 
4038.445250 4038.840365 4039.777658 4042.002775 4044.356915 4040.239855 4037.523329 4038.934566 4039.517046 4038.384596 4037.148389 4038.805376 4042.273061 4041.531436 4040.280104 4041.574056 4043.501984 4043.976349 4042.709762 4039.914935 4039.137279 4040.148355 4041.102911 4040.295671 4038.837879 4039.624551 4041.550756 4042.572198 4039.118965 4034.503976 
0.000264 0.000270 0.000199 0.000104 0.000040 0.000020 0.000016 0.000016 0.000016 0.000013 0.000011 0.000010 0.000009 0.000008 0.000007 0.000006 0.000005 0.000006 0.000007 0.000008 0.000008 0.000006 0.000005 0.000005 0.000005 0.000005 0.000005 0.000004 0.000005 0.000007 
4100.222103 4099.934464 4099.615305 4099.618189 4100.953348 4099.823486 4097.686028 4096.871795 4096.781130 4097.355241 4098.756003 4099.344228 4098.436409 4096.867113 4094.629267 4092.473545 4092.152670 4092.885277 4093.055643 4093.509685 4094.337239 4094.819229 4094.942312 4095.613765 4096.293908 4098.607778 4102.381086 4103.110948 4102.108425 4103.929649 
0.000345 0.000353 0.000259 0.000133 0.000049 0.000026 0.000019 0.000018 0.000017 0.000014 0.000011 0.000009 0.000009 0.000008 0.000008 0.000008 0.000007 0.000007 0.000007 0.000007 0.000007 0.000007 0.000007 0.000007 0.000007 0.000007 0.000007 0.000006 0.000006 0.000006 
4152.766229 4152.918583 4153.035053 4152.605478 4151.717578 4152.277138 4154.733743 4154.069425 4152.740029 4151.887653 4151.482788 4151.156920 4151.705815 4152.133408 4149.115950 4144.126474 4142.323810 4145.000232 4146.022113 4144.303476 4144.949818 4148.574886 4152.741092 4153.677268 4152.106542 4152.546508 4154.888357 4154.873401 4150.556577 4146.555688 
0.000196 0.000198 0.000144 0.000075 0.000031 0.000016 0.000012 0.000012 0.000012 0.000011 0.000009 0.000007 0.000006 0.000006 0.000005 0.000005 0.000004 0.000004 0.000005 0.000005 0.000005 0.000006 0.000006 0.000006 0.000006 0.000006 0.000006 0.000005 0.000005 0.000005 
4230.783771 4230.402630 4229.532797 4227.745794 4227.692008 4231.400821 4230.712720 4228.716284 4229.795659 4231.316896 4230.693212 4227.284913 4225.470699 4227.079298 4228.852440 4228.884126 4229.320478 4231.304287 4230.874562 4227.512822 4224.297536 4225.142227 4229.058485 4233.082210 4234.448906 4233.085986 4231.555699 4231.470183 4232.153451 4231.880925 
0.000383 0.000403 0.000310 0.000176 0.000081 0.000035 0.000018 0.000015 0.000015 0.000015 0.000012 0.000010 0.000008 0.000007 0.000007 0.000007 0.000007 0.000007 0.000007 0.000007 0.000007 0.000008 0.000009 0.000009 0.000009 0.000007 0.000007 0.000006 0.000006 0.000006 
4281.216532 4281.192759 4281.338114 4281.466760 4281.252931 4280.159788 4280.377669 4280.833459 4279.893561 4278.403822 4277.313641 4277.310186 4279.153134 4283.033225 4286.285765 4287.961818 4289.307523 4289.282583 4284.599049 4280.389189 4281.558749 4284.744133 4284.053024 4280.664083 4276.529160 4273.085429 4273.744681 4278.008293 4283.887111 4286.392926 
0.000197 0.000203 0.000155 0.000088 0.000040 0.000017 0.000011 0.000010 0.000008 0.000007 0.000006 0.000006 0.000006 0.000006 0.000006 0.000006 0.000006 0.000006 0.000005 0.000005 0.000005 0.000005 0.000006 0.000006 0.000005 0.000004 0.000003 0.000003 0.000004 0.000004 
4336.014068 4335.727016 4334.842916 4332.958047 4331.845344 4335.161110 4336.736100 4334.374199 4334.328072 4334.998074 4334.572709 4333.475431 4333.603707 4335.559012 4337.920456 4339.501874 4339.585138 4337.923323 4332.607026 4329.597851 4330.935812 4334.731222 4336.344351 4336.499493 4335.398811 4332.335054 4330.875268 4331.494930 4333.071834 4334.811348 
0.000379 0.000388 0.000283 0.000143 0.000051 0.000024 0.000018 0.000018 0.000018 0.000014 0.000010 0.000008 0.000008 0.000008 0.000008 0.000007 0.000007 0.000007 0.000006 0.000005 0.000004 0.000004 0.000005 0.000004 0.000004 0.000004 0.000005 0.000004 0.000004 0.000004 
4392.852735 4393.146754 4393.603382 4393.998090 4391.859624 4391.478662 4393.047720 4393.094025 4392.899034 4392.611631 4391.905362 4392.018681 4392.992029 4392.633371 4391.902444 4393.550284 4398.272331 4402.030807 4402.638706 4400.551046 4397.393092 4395.418677 4395.637477 4394.883556 4391.807716 4387.383646 4386.045564 4387.672119 4392.067633 4394.776237 
0.000275 0.000281 0.000206 0.000104 0.000035 0.000015 0.000012 0.000012 0.000011 0.000010 0.000008 0.000007 0.000008 0.000008 0.000007 0.000006 0.000005 0.000005 0.000004 0.000004 0.000004 0.000005 0.000005 0.000004 0.000003 0.000003 0.000003 0.000003 0.000003 0.000003 
4449.451259 4449.448166 4449.305915 4448.776311 4447.610818 4448.975981 4449.673511 4448.229936 4448.484383 4450.178469 4451.755771 4451.351568 4450.715605 4449.922514 4448.104286 4447.323284 4449.418623 4450.760780 4449.558749 4445.753177 4445.355596 4447.753745 4449.722690 4450.763237 4450.992477 4450.641874 4451.118038 4451.170322 4449.699827 4448.372027 
0.000260 0.000265 0.000193 0.000099 0.000038 0.000020 0.000015 0.000015 0.000017 0.000015 0.000012 0.000008 0.000007 0.000008 0.000010 0.000009 0.000007 0.000006 0.000006 0.000005 0.000005 0.000005 0.000005 0.000004 0.000004 0.000004 0.000004 0.000004 0.000004 0.000005 
4501.699425 4502.097610 4502.791803 4504.190413 4505.851949 4505.312884 4502.438119 4500.367583 4499.372662 4499.093847 4499.760494 4502.573423 4507.090683 4508.736674 4508.338671 4507.469132 4506.252257 4506.117002 4507.019904 4505.764266 4503.335689 4501.766151 4503.475128 4507.267159 4509.278531 4508.446084 4506.248187 4500.745007 4495.506959 4495.426108 
0.000301 0.000331 0.000266 0.000155 0.000064 0.000026 0.000017 0.000014 0.000011 0.000010 0.000008 0.000008 0.000007 0.000007 0.000006 0.000006 0.000006 0.000006 0.000006 0.000005 0.000004 0.000005 0.000006 0.000005 0.000005 0.000004 0.000004 0.000004 0.000004 0.000004 
4594.732263 4595.067836 4595.370004 4595.289147 4593.594495 4590.169693 4590.739507 4592.391545 4593.960973 4595.613926 4596.111323 4594.860480 4594.530710 4597.288657 4599.923821 4599.477319 4597.976238 4596.801374 4596.794018 4598.073285 4598.030050 4592.634579 4589.277815 4587.939049 4585.822594 4583.036735 4583.880572 4587.238945 4591.896070 4594.866780 
0.000114 0.000123 0.000096 0.000054 0.000022 0.000009 0.000007 0.000007 0.000006 0.000005 0.000004 0.000004 0.000003 0.000003 0.000003 0.000003 0.000002 0.000002 0.000003 0.000003 0.000003 0.000003 0.000003 0.000003 0.000003 0.000003 0.000003 0.000004 0.000004 0.000003 
4651.335756 4651.178592 4650.859736 4650.287068 4649.739443 4651.910688 4652.118014 4651.505861 4651.459466 4651.784422 4652.134719 4651.530392 4650.615618 4650.192962 4649.941395 4649.792612 4650.548584 4651.615939 4651.391822 4651.525066 4651.843745 4651.952400 4651.592124 4651.017220 4650.683247 4650.911323 4650.520388 4649.370419 4648.721838 4649.292384 
0.000256 0.000284 0.000231 0.000135 0.000055 0.000021 0.000015 0.000013 0.000011 0.000010 0.000010 0.000009 0.000007 0.000007 0.000008 0.000008 0.000008 0.000007 0.000006 0.000006 0.000005 0.000005 0.000005 0.000005 0.000005 0.000005 0.000005 0.000006 0.000007 0.000007 
4719.565472 4719.415487 4719.321794 4719.450164 4720.556684 4723.121132 4721.517670 4720.687813 4720.207578 4719.081806 4716.461982 4714.054163 4714.472295 4718.579425 4720.743432 4721.393140 4722.821137 4724.890131 4725.690463 4725.032507 4722.616255 4720.625317 4721.667164 4720.960300 4716.592198 4713.813020 4714.472267 4721.817454 4726.941008 4727.775760 
0.000245 0.000273 0.000226 0.000139 0.000065 0.000026 0.000012 0.000010 0.000010 0.000009 0.000007 0.000006 0.000006 0.000006 0.000006 0.000007 0.000007 0.000006 0.000006 0.000006 0.000006 0.000006 0.000007 0.000007 0.000006 0.000005 0.000004 0.000004 0.000004 0.000004 
4791.301548 4791.350515 4791.282324 4790.829637 4789.374856 4787.309262 4788.511724 4789.659453 4789.416404 4789.586418 4789.908400 4790.974729 4792.512676 4792.250621 4790.045558 4789.640039 4789.734782 4788.823474 4787.513416 4786.639442 4787.546209 4790.142167 4791.814283 4791.110675 4789.600112 4790.531699 4793.869189 4795.476723 4797.386273 4798.355868 
0.000268 0.000309 0.000263 0.000164 0.000076 0.000031 0.000017 0.000014 0.000013 0.000011 0.000010 0.000009 0.000009 0.000008 0.000006 0.000004 0.000004 0.000005 0.000007 0.000009 0.000009 0.000007 0.000006 0.000005 0.000006 0.000006 0.000006 0.000006 0.000006 0.000006 
4853.765759 4854.111169 4853.851289 4852.519439 4849.831006 4850.744562 4855.811525 4856.795084 4855.985575 4854.832259 4854.322663 4852.969138 4851.069042 4850.590873 4851.493062 4852.413663 4855.879348 4863.732661 4865.924461 4865.241198 4863.389863 4860.929917 4857.631572 4854.455963 4853.409058 4854.001797 4854.964383 4856.649914 4857.516501 4855.750664 
0.000169 0.000207 0.000184 0.000116 0.000049 0.000018 0.000014 0.000014 0.000013 0.000011 0.000008 0.000007 0.000008 0.000008 0.000007 0.000005 0.000005 0.000004 0.000004 0.000003 0.000003 0.000003 0.000004 0.000006 0.000006 0.000006 0.000005 0.000004 0.000004 0.000004 
4967.887804 4967.482242 4967.045905 4966.489733 4965.396710 4963.358507 4964.400172 4966.054677 4967.457851 4967.622648 4968.298633 4971.225438 4972.984941 4973.181119 4972.701788 4970.726028 4968.294179 4967.397763 4968.207720 4968.380654 4967.223873 4965.769489 4966.856776 4968.077250 4968.659590 4967.795506 4964.208933 4960.478243 4960.551211 4961.568027 
0.000228 0.000264 0.000223 0.000136 0.000056 0.000018 0.000012 0.000011 0.000011 0.000010 0.000008 0.000007 0.000006 0.000007 0.000007 0.000006 0.000006 0.000005 0.000005 0.000004 0.000004 0.000004 0.000005 0.000005 0.000005 0.000005 0.000005 0.000006 0.000007 0.000006 
5103.394487 5103.497123 5103.534283 5103.426584 5103.067361 5104.076513 5103.664737 5101.441242 5100.658502 5100.781115 5101.308750 5101.737784 5102.289044 5103.350765 5104.840894 5106.784243 5109.095585 5111.051091 5111.641707 5111.383169 5111.468073 5111.343809 5108.164130 5102.985105 5099.094065 5099.194886 5103.547197 5106.819079 5107.909386 5107.551984 
0.000152 0.000172 0.000142 0.000085 0.000036 0.000016 0.000012 0.000011 0.000009 0.000008 0.000007 0.000007 0.000006 0.000005 0.000004 0.000005 0.000005 0.000004 0.000004 0.000004 0.000003 0.000003 0.000004 0.000005 0.000006 0.000007 0.000006 0.000005 0.000004 0.000003 
5162.982145 5162.758366 5162.464691 5162.091131 5161.630236 5161.744885 5162.675871 5163.118614 5163.106311 5163.668440 5164.105175 5163.428310 5162.801884 5162.537706 5162.422935 5163.131949 5164.572168 5165.823675 5165.707160 5165.117381 5164.431753 5163.119525 5162.653906 5162.421565 5161.449448 5161.533570 5163.111003 5165.197603 5164.905015 5161.116352 
0.000205 0.000232 0.000190 0.000109 0.000041 0.000018 0.000014 0.000013 0.000012 0.000010 0.000008 0.000006 0.000005 0.000005 0.000006 0.000007 0.000006 0.000005 0.000004 0.000004 0.000004 0.000004 0.000005 0.000005 0.000005 0.000005 0.000004 0.000003 0.000003 0.000004 
5231.169644 5231.407335 5231.524307 5231.388401 5230.659199 5231.683333 5232.363282 5230.340141 5227.997876 5226.739456 5226.651050 5228.496115 5232.632992 5233.753877 5232.574072 5232.150307 5231.978796 5232.660887 5237.178554 5240.088656 5237.808110 5233.002054 5227.746938 5225.403439 5227.497940 5230.784690 5232.444193 5230.877183 5227.733218 5226.628586 
0.000102 0.000122 0.000106 0.000066 0.000028 0.000010 0.000006 0.000005 0.000005 0.000005 0.000004 0.000004 0.000004 0.000005 0.000006 0.000007 0.000006 0.000005 0.000005 0.000005 0.000005 0.000004 0.000003 0.000002 0.000002 0.000003 0.000003 0.000002 0.000002 0.000003 
5428.925861 5429.005177 5429.138310 5429.352187 5429.546100 5428.228212 5427.588833 5428.451017 5428.593158 5428.769507 5429.119959 5430.855193 5432.373779 5431.098688 5429.766337 5428.748861 5427.019635 5425.477273 5425.695934 5427.475076 5428.792981 5429.777212 5430.014544 5427.553933 5426.328190 5427.053404 5427.276858 5425.939454 5426.567024 5428.805432 
