0.063946 12.071876
0.063946 9.194119
0.031973 10.187589
0.031973 12.246959
0.063946 10.648870
0.047959 7.268434
0.095918 10.338622
0.047959 12.504261
0.031973 12.535360
0.063946 18.575527
0.031973 21.055558
0.031973 18.596628
0.031973 20.778491
0.031973 13.957837
0.047959 17.041260
0.031973 14.322724
0.047959 19.811840
0.047959 15.232306
0.031973 18.091552
0.047959 23.780850
0.047959 23.720179
0.031973 21.085909
0.047959 20.511046
0.047959 22.014748
0.031973 19.928362
0.031973 19.913682
0.031973 21.766520
0.031973 23.337963
0.031973 21.358368
0.031973 20.628626
0.031973 20.436787
0.015986 14.733402
0.031973 17.002286
0.031973 17.162938
0.031973 16.674256
0.031973 14.988875
0.031973 15.110616
0.047959 15.134054
0.031973 16.047909
0.047959 15.679272
0.031973 14.664766
0.031973 19.602444
0.031973 19.552227
0.031973 18.973336
0.031973 16.170435
0.031973 17.113759
0.031973 16.603604
0.031973 16.260395
0.031973 16.438537
0.031973 18.918729
0.031973 21.403266
0.031973 18.621291
0.031973 18.648989
0.031973 16.223453
0.031973 16.976249
0.031973 18.380798
0.031973 16.273089
0.031973 16.239744
0.031973 18.490862
0.031973 15.993937
0.031973 17.369911
0.031973 18.187483
0.031973 17.399841
0.031973 16.569060
0.031973 17.166790
0.031973 18.128822
0.031973 16.734263
0.031973 17.673206
0.031973 17.117467
0.031973 18.559546
0.031973 17.629649
0.031973 17.213754
0.031973 16.787726
