30.000000 62.000000 0.015986
0.000267 0.000984 0.000724 0.001088 0.001260 0.000648 0.001108 0.000467 0.000456 0.000799 0.000294 0.000546 0.000181 0.000129 0.000345 0.000147 0.000124 0.000142 0.000027 0.000048 0.000109 0.000072 0.000046 0.000052 0.000028 0.000023 0.000047 0.000042 0.000046 0.000088 
9.574401 4.262353 7.831075 5.510977 4.446356 8.358539 3.611430 8.617026 7.596765 3.067868 8.747642 2.977413 6.264132 8.349083 2.865622 7.259015 5.772292 2.063437 10.766602 7.626680 3.624514 5.666147 7.109230 3.750010 4.405777 8.424200 3.589465 5.137172 8.146471 6.326117 
0.000489 0.000797 0.001025 0.001113 0.001009 0.000850 0.000745 0.000682 0.000633 0.000537 0.000424 0.000336 0.000297 0.000272 0.000234 0.000178 0.000131 0.000100 0.000094 0.000100 0.000106 0.000095 0.000071 0.000049 0.000046 0.000050 0.000054 0.000051 0.000039 0.000053 
36.353213 36.353020 36.359758 36.392282 36.477789 36.474651 36.499241 36.576402 36.692118 36.936164 37.193594 37.463408 37.597341 37.668452 37.491338 37.355880 37.135433 36.996013 36.833162 37.204920 37.649240 37.871615 37.703254 37.456293 37.863347 37.950967 37.596497 37.220440 36.874773 37.111346 
0.000591 0.000956 0.001233 0.001355 0.001262 0.001105 0.001002 0.000926 0.000842 0.000699 0.000540 0.000451 0.000419 0.000385 0.000335 0.000277 0.000219 0.000169 0.000148 0.000165 0.000199 0.000213 0.000205 0.000186 0.000157 0.000125 0.000120 0.000143 0.000192 0.000235 
48.738640 48.763716 48.754111 48.754724 48.751149 48.835889 48.994149 49.072097 49.169542 49.479438 49.881639 49.732236 48.795653 48.030483 48.045633 48.662459 49.454246 50.637269 51.601955 50.729330 49.202192 48.464844 48.438363 49.035592 50.093591 51.612420 51.964242 51.061871 49.970387 49.586553 
0.004930 0.005666 0.004856 0.003397 0.002430 0.002012 0.001753 0.001610 0.001525 0.001353 0.001078 0.000785 0.000600 0.000533 0.000493 0.000445 0.000386 0.000306 0.000220 0.000175 0.000179 0.000187 0.000177 0.000149 0.000115 0.000088 0.000074 0.000069 0.000108 0.000215 
91.994312 91.791837 91.155427 89.626914 88.215552 88.482817 88.620148 88.545814 88.776446 88.974672 88.865710 88.162988 87.332992 87.421523 88.181098 89.201131 90.107751 90.349114 89.747436 89.180575 90.144653 90.964016 91.427928 91.950894 92.286403 91.810179 91.335302 89.508631 85.376905 86.026862 
0.013347 0.015045 0.012058 0.006902 0.003355 0.002335 0.001981 0.001809 0.001611 0.001317 0.000993 0.000749 0.000635 0.000609 0.000586 0.000499 0.000369 0.000270 0.000233 0.000230 0.000241 0.000237 0.000203 0.000156 0.000126 0.000136 0.000161 0.000149 0.000180 0.000301 
109.492029 109.447477 109.271365 108.696937 107.372654 107.386343 107.697627 107.783664 107.809809 107.783968 107.740065 107.597034 107.298923 107.145935 107.047599 106.746219 106.128653 105.608760 105.458851 105.344031 105.671195 105.911017 105.848841 105.752456 105.354843 105.695595 106.288948 104.112307 104.343814 107.220823 
0.195584 0.332323 0.438234 0.469464 0.427504 0.363373 0.317561 0.291994 0.268618 0.226861 0.174992 0.134345 0.110897 0.100196 0.090727 0.075167 0.056201 0.039584 0.030889 0.028109 0.028731 0.028052 0.024897 0.020036 0.015087 0.012315 0.011420 0.011656 0.011323 0.009736 
143.967030 143.937709 144.038256 144.020841 143.672141 143.346989 143.626198 144.476401 145.373321 145.592390 145.102503 144.632589 144.865632 145.968812 147.077761 147.573637 147.425595 146.587988 146.288628 146.854065 148.053130 148.607055 148.525615 147.828369 146.519842 145.887733 146.163023 147.165298 147.766026 147.883379 
0.030008 0.037926 0.042545 0.045270 0.042475 0.033003 0.025723 0.023505 0.024730 0.024601 0.024508 0.024211 0.021547 0.017589 0.014071 0.011171 0.008425 0.007041 0.006726 0.006715 0.006626 0.006501 0.006016 0.005105 0.004228 0.003514 0.002838 0.002316 0.001972 0.001665 
180.010918 180.900531 181.814603 182.623430 183.039602 182.028479 180.358615 180.585935 181.947950 182.380780 182.876218 183.357958 182.926904 182.063677 181.806984 181.792807 180.738632 180.256384 180.879329 181.578074 181.930397 182.487690 182.729795 182.312029 181.953682 181.719137 181.161464 180.424316 179.832401 179.519264 
0.008523 0.009249 0.012113 0.017078 0.023034 0.023761 0.020710 0.016450 0.011555 0.009248 0.008739 0.009586 0.007858 0.005310 0.004228 0.004119 0.003791 0.003095 0.002338 0.001665 0.001483 0.001642 0.001554 0.000978 0.000736 0.000705 0.000736 0.000622 0.000583 0.000574 
198.071194 201.376109 202.080442 200.457493 198.241029 197.498655 197.455887 198.023675 199.840218 200.638215 200.125920 198.225009 198.538483 200.189735 200.138836 198.559030 197.962270 198.249840 198.987004 200.557956 200.361921 198.371549 197.630021 199.791088 200.439790 199.381916 198.014356 198.477248 198.214919 197.729196 
0.019464 0.030429 0.037521 0.037418 0.032319 0.026153 0.019884 0.015957 0.013715 0.012014 0.009384 0.006850 0.005075 0.003795 0.002740 0.002190 0.001855 0.001620 0.001314 0.001023 0.000795 0.000607 0.000446 0.000349 0.000284 0.000246 0.000213 0.000190 0.000178 0.000203 
228.003132 226.765836 225.819035 226.196182 227.692817 228.207678 227.578815 227.632159 228.677002 229.777270 229.377876 228.515737 228.084941 228.368295 227.641690 227.499634 228.551276 229.163699 228.880737 228.693929 228.844221 228.270978 227.314623 226.985670 227.357537 227.956497 228.717656 228.348893 228.268277 226.577205 
0.007137 0.009817 0.008544 0.007551 0.007775 0.008566 0.006120 0.004584 0.005045 0.005098 0.003890 0.002549 0.001904 0.001668 0.001146 0.000707 0.000517 0.000347 0.000176 0.000154 0.000171 0.000190 0.000132 0.000079 0.000055 0.000042 0.000054 0.000055 0.000049 0.000061 
241.824918 243.102918 245.714978 246.885680 245.984497 243.676445 243.185735 243.147039 242.620002 242.885959 244.144973 245.922202 246.096306 244.539896 244.500107 243.932726 241.598834 241.230417 244.508601 246.272193 245.123068 243.764484 244.681343 245.316849 244.587357 245.992573 243.515356 243.137350 244.922271 245.349470 
0.027187 0.042576 0.053070 0.051939 0.039227 0.023037 0.014138 0.010992 0.009702 0.008195 0.006261 0.004110 0.002501 0.001684 0.001151 0.000718 0.000606 0.000565 0.000452 0.000339 0.000277 0.000246 0.000202 0.000144 0.000098 0.000081 0.000081 0.000079 0.000086 0.000127 
270.750085 268.806673 267.291519 266.452358 266.234508 267.385470 270.479594 270.166910 268.833239 267.468413 266.330800 267.206112 265.870608 261.482204 261.602977 267.005403 271.575928 270.686203 268.504680 267.274018 267.185978 265.786867 262.964688 262.070570 263.206521 265.475503 268.604399 270.149787 268.682452 266.575200 
0.010089 0.009049 0.007126 0.007486 0.008846 0.007430 0.004667 0.002769 0.001653 0.001216 0.000940 0.000739 0.000625 0.000557 0.000400 0.000237 0.000165 0.000127 0.000091 0.000066 0.000066 0.000066 0.000059 0.000050 0.000047 0.000046 0.000046 0.000048 0.000061 0.000089 
302.498652 301.052705 298.652109 300.369565 302.921747 302.558025 299.843911 298.499604 299.872220 300.736347 299.095568 297.692584 297.526913 298.466289 299.661122 300.563512 299.266240 298.833920 301.249594 302.712509 301.995724 302.206697 302.625026 301.944104 300.686772 299.900597 298.770997 297.983509 298.742565 299.939226 
0.022769 0.030844 0.031269 0.024097 0.014347 0.007475 0.003658 0.001688 0.000935 0.000873 0.000756 0.000492 0.000269 0.000204 0.000188 0.000178 0.000181 0.000189 0.000174 0.000130 0.000098 0.000090 0.000078 0.000059 0.000047 0.000038 0.000029 0.000028 0.000038 0.000065 
324.626987 324.489348 324.034905 323.044610 321.272889 320.455120 321.295637 322.469267 323.487895 325.668610 326.005676 325.869521 326.347989 325.868635 324.876312 322.875068 321.258131 321.457512 321.863284 321.050189 320.556401 322.049585 322.721304 322.482398 322.719585 323.205428 323.207138 322.487132 321.980555 322.603689 
0.018190 0.022948 0.021297 0.014578 0.007490 0.004131 0.002735 0.002045 0.001478 0.001029 0.000663 0.000425 0.000295 0.000234 0.000209 0.000186 0.000161 0.000153 0.000150 0.000140 0.000127 0.000109 0.000086 0.000071 0.000063 0.000060 0.000067 0.000076 0.000077 0.000081 
340.724125 339.991584 339.479564 339.281480 340.125322 340.984574 340.905450 339.216889 339.034762 339.633276 340.518316 342.755891 346.123142 348.271290 348.708857 349.031523 349.088409 347.274902 344.954789 344.197897 345.793876 348.586932 351.916823 354.663480 356.166673 357.631982 357.455262 355.956519 353.130933 348.477185 
0.005840 0.007090 0.006357 0.004553 0.003107 0.002295 0.001583 0.001040 0.000744 0.000553 0.000392 0.000278 0.000229 0.000210 0.000184 0.000148 0.000112 0.000083 0.000066 0.000060 0.000059 0.000057 0.000052 0.000048 0.000042 0.000033 0.000030 0.000036 0.000060 0.000092 
384.056150 385.563179 385.931170 385.691598 386.228548 388.082573 387.532381 386.119419 385.323866 385.209532 385.465194 384.952518 383.946213 383.206855 383.149121 383.653973 384.007461 383.465832 383.266852 384.022463 384.076847 383.944835 383.278511 380.829597 378.510917 378.835721 378.409875 375.265912 376.404639 379.665192 
0.001454 0.001450 0.001885 0.002546 0.002163 0.001181 0.000775 0.000814 0.000815 0.000703 0.000577 0.000478 0.000388 0.000295 0.000203 0.000141 0.000112 0.000103 0.000091 0.000069 0.000044 0.000026 0.000024 0.000028 0.000031 0.000030 0.000025 0.000020 0.000022 0.000037 
432.152788 433.706283 433.126700 431.839518 432.006387 433.562261 432.864529 431.620844 432.272664 433.275414 433.311546 432.831292 432.846777 433.442281 434.099631 434.328521 434.405067 433.954432 433.391879 432.936567 432.061375 429.932844 430.595284 432.359781 432.715104 432.570651 432.754656 432.966216 431.003863 430.016025 
0.004260 0.005815 0.006611 0.006497 0.005536 0.003772 0.002037 0.000984 0.000777 0.000624 0.000448 0.000292 0.000268 0.000335 0.000343 0.000281 0.000194 0.000118 0.000088 0.000085 0.000095 0.000091 0.000074 0.000053 0.000035 0.000028 0.000029 0.000034 0.000045 0.000062 
448.945605 447.218952 446.261758 446.856506 449.244295 451.738626 451.618158 447.288678 443.654190 444.250369 447.193043 449.438134 447.431744 445.031639 444.117594 443.583835 443.119164 442.562101 442.951249 444.080633 445.622416 446.481303 446.439247 445.944479 446.439969 447.130030 447.093995 447.827596 448.725002 449.689367 
0.002272 0.002833 0.002857 0.002492 0.001836 0.001101 0.000619 0.000449 0.000386 0.000324 0.000255 0.000195 0.000158 0.000139 0.000127 0.000111 0.000087 0.000062 0.000045 0.000038 0.000040 0.000043 0.000040 0.000032 0.000025 0.000021 0.000019 0.000020 0.000031 0.000051 
510.765294 510.598361 509.086963 506.794520 505.877575 506.701308 507.257950 506.049426 504.087283 503.218234 503.738751 504.568263 504.864135 504.167080 502.804843 501.571307 501.079616 501.555420 502.967195 503.720939 502.120501 500.744466 500.824510 501.548532 501.058070 499.973126 500.966549 504.193979 507.087881 505.669502 
0.006329 0.008357 0.008584 0.006884 0.004216 0.002024 0.000973 0.000548 0.000348 0.000249 0.000184 0.000139 0.000115 0.000103 0.000092 0.000076 0.000058 0.000043 0.000035 0.000033 0.000035 0.000035 0.000031 0.000025 0.000018 0.000015 0.000014 0.000016 0.000023 0.000038 
549.827637 549.881483 550.891996 552.618846 554.498426 555.332957 554.804470 554.141890 553.816132 553.129109 552.443194 552.061763 551.900020 551.684728 551.615579 551.714793 551.986553 552.334433 552.070320 551.413829 551.121249 551.125360 551.382959 551.978973 552.731522 552.654122 551.834913 552.572151 554.366552 553.946511 
0.012595 0.016857 0.017359 0.014102 0.009170 0.004861 0.002337 0.001155 0.000638 0.000386 0.000252 0.000184 0.000158 0.000147 0.000134 0.000111 0.000086 0.000069 0.000063 0.000059 0.000055 0.000051 0.000050 0.000049 0.000048 0.000046 0.000044 0.000042 0.000042 0.000047 
592.058441 591.139004 589.724415 588.367084 588.284339 589.522235 589.821839 589.143329 589.020559 588.026132 587.846416 589.368456 590.482586 590.373967 590.157043 590.221562 590.631515 592.102603 594.473213 595.807298 595.574740 594.860341 595.326102 596.969972 598.446869 598.921657 598.818074 598.683082 596.467797 590.578476 
0.004381 0.004657 0.004060 0.003195 0.002556 0.001630 0.000683 0.000187 0.000167 0.000161 0.000125 0.000095 0.000083 0.000076 0.000066 0.000054 0.000040 0.000029 0.000024 0.000023 0.000022 0.000021 0.000020 0.000019 0.000017 0.000015 0.000011 0.000011 0.000023 0.000038 
615.761083 614.714688 615.171941 617.529432 620.435308 621.120045 620.490171 615.787607 615.862836 617.643184 617.091693 616.347182 616.644429 617.104193 617.159966 616.757727 616.317969 616.485824 616.802126 616.449173 616.386794 616.890586 617.055803 616.624433 616.144836 615.873162 615.826211 616.781420 617.306700 617.269123 
0.007167 0.010029 0.010826 0.009294 0.006657 0.004063 0.002060 0.000907 0.000427 0.000264 0.000183 0.000135 0.000110 0.000097 0.000089 0.000077 0.000062 0.000050 0.000042 0.000036 0.000032 0.000029 0.000025 0.000022 0.000019 0.000015 0.000013 0.000014 0.000021 0.000035 
641.918588 642.868197 642.362970 640.469967 637.234204 634.788305 633.777828 633.666990 634.087296 636.401212 638.132920 638.822848 639.385601 640.204551 640.271132 639.637352 639.214727 639.119088 638.756153 638.814553 639.678296 640.144138 639.887782 639.525169 639.024542 638.067489 637.008523 637.479129 639.970593 640.549074 
0.003434 0.005352 0.006068 0.005120 0.003219 0.001542 0.000673 0.000346 0.000235 0.000176 0.000132 0.000101 0.000082 0.000073 0.000066 0.000057 0.000044 0.000032 0.000026 0.000025 0.000025 0.000023 0.000021 0.000017 0.000014 0.000012 0.000012 0.000013 0.000017 0.000026 
679.738375 679.972531 680.327317 680.728525 681.106923 681.227881 680.679349 680.356692 681.085663 681.907251 682.428781 682.612189 682.649702 682.799669 682.886620 682.898713 682.886538 682.454680 681.283216 680.864470 681.190152 681.154814 680.740972 680.198010 679.425866 678.488204 677.993197 677.655998 678.066015 679.962539 
0.005745 0.007961 0.008239 0.006512 0.004084 0.002210 0.001121 0.000529 0.000315 0.000256 0.000216 0.000182 0.000155 0.000131 0.000108 0.000085 0.000066 0.000054 0.000048 0.000044 0.000041 0.000039 0.000035 0.000032 0.000032 0.000034 0.000036 0.000036 0.000042 0.000054 
735.115994 733.586832 732.663660 732.331445 733.146813 734.672650 736.864694 737.675869 737.484542 736.940008 736.099003 735.571256 735.669937 735.746533 736.191241 737.274821 737.354812 735.693020 733.420822 732.644548 732.776626 732.403329 731.385738 729.882127 728.500180 728.223272 727.997991 726.566989 727.074052 730.532069 
0.012270 0.015268 0.013822 0.009160 0.004803 0.002451 0.001335 0.000621 0.000323 0.000243 0.000180 0.000131 0.000108 0.000100 0.000093 0.000081 0.000064 0.000050 0.000042 0.000039 0.000036 0.000033 0.000028 0.000022 0.000018 0.000016 0.000017 0.000020 0.000027 0.000041 
803.229576 803.388932 803.104413 802.120039 800.167833 798.197769 795.464338 791.749821 791.091143 791.405987 790.952439 790.896089 790.537009 789.646053 788.902039 788.553940 788.300283 787.647254 786.086585 785.084068 786.073920 787.978767 789.577274 790.795115 791.426667 789.841824 786.522658 785.083932 786.615174 788.164892 
0.003511 0.004185 0.003610 0.002199 0.000874 0.000266 0.000168 0.000148 0.000138 0.000118 0.000093 0.000073 0.000064 0.000060 0.000052 0.000043 0.000034 0.000027 0.000021 0.000018 0.000016 0.000016 0.000015 0.000013 0.000011 0.000011 0.000011 0.000013 0.000019 0.000027 
852.456842 852.543464 852.783367 853.320638 854.892144 858.556744 856.626797 855.829399 855.713470 855.731656 855.661506 855.445436 855.199874 855.317512 855.739359 855.899453 855.262481 854.238455 854.187626 855.387030 856.156201 855.734631 855.237229 855.237927 855.217704 854.546248 853.501809 851.669328 852.324392 854.422032 
0.000351 0.000576 0.000784 0.000762 0.000553 0.000353 0.000249 0.000188 0.000148 0.000118 0.000089 0.000067 0.000055 0.000050 0.000045 0.000036 0.000028 0.000021 0.000016 0.000015 0.000015 0.000014 0.000013 0.000011 0.000008 0.000007 0.000007 0.000009 0.000015 0.000023 
883.798988 881.410109 879.716648 879.446999 880.048268 880.743083 880.272559 879.599030 879.598237 879.787799 880.013216 880.293679 880.273153 880.033142 880.096251 880.491948 880.799579 880.540564 879.909899 879.935495 880.439930 880.663116 880.632976 880.458853 880.048657 880.178311 881.015866 879.511705 877.912650 878.205373 
0.003349 0.004246 0.004156 0.003100 0.001695 0.000772 0.000425 0.000308 0.000237 0.000189 0.000147 0.000114 0.000095 0.000084 0.000074 0.000061 0.000046 0.000033 0.000026 0.000026 0.000027 0.000026 0.000024 0.000022 0.000018 0.000015 0.000014 0.000015 0.000021 0.000033 
926.572713 925.803304 925.746274 926.524322 927.996471 929.158629 926.602916 923.935143 921.128056 920.091947 920.325010 921.116882 921.403757 920.733271 920.039598 919.820822 919.836612 919.711013 919.368788 919.455020 919.855567 920.081352 919.612625 918.348269 916.862300 915.577322 915.539120 915.966383 916.937945 918.291181 
0.006610 0.007712 0.006738 0.004458 0.002254 0.000978 0.000495 0.000306 0.000190 0.000145 0.000113 0.000087 0.000072 0.000066 0.000060 0.000050 0.000039 0.000031 0.000027 0.000026 0.000026 0.000027 0.000027 0.000024 0.000021 0.000020 0.000023 0.000026 0.000032 0.000042 
971.886894 971.242897 969.820463 967.146648 964.243895 964.934498 970.802495 971.406765 967.120586 965.442308 965.874925 966.300211 966.019689 965.361410 965.282296 965.647583 965.876416 965.695033 965.004328 964.077035 963.599666 963.366556 963.409662 963.873604 963.959544 963.394923 963.237153 962.673229 962.065559 961.904355 
0.015314 0.018579 0.016654 0.011186 0.005681 0.002258 0.000787 0.000327 0.000208 0.000153 0.000112 0.000083 0.000069 0.000063 0.000056 0.000047 0.000036 0.000025 0.000020 0.000019 0.000020 0.000019 0.000017 0.000014 0.000012 0.000011 0.000011 0.000011 0.000014 0.000023 
1011.880792 1012.347733 1012.697368 1012.678769 1012.042666 1011.256903 1009.655355 1005.767731 1005.824256 1008.180846 1009.058539 1009.139019 1009.132727 1009.386889 1009.750202 1010.041801 1010.055033 1009.450043 1008.712382 1009.115752 1009.462108 1009.089521 1008.152470 1007.120349 1006.973927 1007.342764 1006.988549 1006.136199 1008.456878 1010.161870 
0.008107 0.009201 0.007580 0.004471 0.001824 0.000580 0.000239 0.000187 0.000166 0.000140 0.000108 0.000083 0.000070 0.000065 0.000059 0.000051 0.000040 0.000031 0.000027 0.000029 0.000032 0.000031 0.000028 0.000025 0.000024 0.000026 0.000027 0.000027 0.000025 0.000026 
1063.718942 1063.778836 1064.108816 1064.880365 1066.499385 1068.073615 1070.240643 1069.664722 1069.883850 1070.449320 1070.868651 1071.268504 1071.692897 1071.808588 1072.000660 1072.527526 1073.184629 1073.579204 1074.048591 1075.256675 1076.323080 1076.974486 1077.144114 1077.278489 1078.316542 1079.934975 1080.584417 1080.366763 1077.567816 1070.879352 
0.002461 0.002629 0.002275 0.001751 0.001224 0.000708 0.000345 0.000201 0.000150 0.000120 0.000091 0.000068 0.000056 0.000051 0.000046 0.000039 0.000030 0.000022 0.000018 0.000018 0.000018 0.000017 0.000015 0.000012 0.000010 0.000010 0.000011 0.000011 0.000015 0.000024 
1112.067391 1112.478769 1113.604621 1114.181744 1114.671050 1112.883606 1108.508761 1109.093225 1112.237003 1113.424151 1113.828734 1113.990530 1114.069204 1114.020136 1113.843717 1113.646207 1113.608512 1114.015156 1114.556121 1114.472474 1114.319783 1114.431123 1114.720255 1114.833056 1114.159041 1112.600463 1111.196041 1110.417974 1112.005258 1113.164757 
0.002699 0.002963 0.002536 0.001864 0.001272 0.000777 0.000408 0.000228 0.000152 0.000117 0.000091 0.000070 0.000059 0.000054 0.000049 0.000041 0.000032 0.000024 0.000021 0.000020 0.000020 0.000021 0.000020 0.000019 0.000018 0.000017 0.000016 0.000016 0.000018 0.000023 
1185.573963 1185.557545 1186.628286 1188.326901 1190.706940 1191.805704 1192.022263 1190.070490 1187.369352 1186.085762 1186.098787 1186.488269 1186.962949 1187.384062 1187.697191 1188.045734 1188.657349 1189.870069 1191.252843 1191.890498 1192.201446 1192.694218 1193.495372 1194.752123 1196.143308 1196.943598 1196.718391 1196.161197 1194.735743 1191.352648 
0.000686 0.000652 0.000441 0.000253 0.000205 0.000186 0.000150 0.000108 0.000081 0.000063 0.000048 0.000037 0.000031 0.000028 0.000025 0.000020 0.000015 0.000010 0.000008 0.000008 0.000008 0.000008 0.000008 0.000006 0.000005 0.000004 0.000004 0.000005 0.000008 0.000013 
1241.693204 1241.636509 1241.838339 1243.167749 1243.893568 1243.509377 1243.454097 1243.534883 1243.187282 1242.979359 1242.987672 1243.090276 1243.183327 1243.242261 1243.296589 1243.322131 1243.226929 1242.849759 1242.391416 1242.429739 1242.565760 1242.641326 1242.728319 1242.793525 1243.004828 1243.510309 1243.558204 1243.226636 1242.647229 1242.402225 
0.000717 0.000709 0.000513 0.000339 0.000291 0.000286 0.000234 0.000158 0.000099 0.000072 0.000056 0.000044 0.000037 0.000033 0.000029 0.000025 0.000020 0.000016 0.000014 0.000014 0.000013 0.000013 0.000013 0.000011 0.000010 0.000010 0.000011 0.000012 0.000016 0.000021 
1258.231437 1258.229212 1258.006099 1257.202825 1256.608473 1256.763621 1257.041454 1257.452591 1257.921841 1257.998126 1257.887255 1257.717850 1257.480074 1257.445588 1257.516418 1257.553389 1257.758643 1258.333423 1258.942997 1259.213598 1259.330824 1259.261513 1259.137981 1259.317801 1259.852227 1260.411416 1260.975153 1260.845569 1259.270421 1258.159732 
0.000816 0.000855 0.000654 0.000382 0.000217 0.000157 0.000123 0.000098 0.000083 0.000071 0.000055 0.000043 0.000036 0.000033 0.000029 0.000024 0.000019 0.000014 0.000011 0.000010 0.000011 0.000011 0.000011 0.000010 0.000009 0.000008 0.000008 0.000008 0.000010 0.000013 
1280.364634 1280.409637 1280.423328 1280.731444 1282.214038 1282.435675 1280.641697 1279.526885 1279.518363 1279.457668 1279.134203 1278.742091 1278.649701 1278.760397 1278.755793 1278.670454 1278.565680 1278.541604 1278.650739 1278.696847 1278.804336 1278.715820 1278.210525 1277.396478 1276.767003 1276.345747 1275.939592 1276.736816 1278.899168 1280.056946 
0.002991 0.003727 0.003380 0.002258 0.001144 0.000537 0.000301 0.000220 0.000185 0.000154 0.000120 0.000092 0.000078 0.000072 0.000066 0.000056 0.000044 0.000032 0.000027 0.000027 0.000028 0.000029 0.000028 0.000026 0.000024 0.000023 0.000023 0.000024 0.000025 0.000028 
1325.625205 1326.714343 1328.108365 1330.260203 1333.999605 1334.957178 1329.785972 1327.796650 1328.557686 1328.779587 1328.604240 1328.403546 1328.248722 1328.105379 1328.032656 1327.941521 1327.651376 1326.813915 1325.434055 1324.754594 1325.085048 1325.690139 1325.489763 1324.623646 1324.507060 1324.639758 1323.696159 1322.512401 1323.680141 1326.352728 
0.000316 0.000519 0.000616 0.000545 0.000367 0.000205 0.000125 0.000094 0.000081 0.000067 0.000051 0.000039 0.000033 0.000031 0.000029 0.000026 0.000023 0.000020 0.000018 0.000016 0.000015 0.000014 0.000015 0.000016 0.000016 0.000015 0.000015 0.000016 0.000018 0.000021 
1439.628371 1439.659348 1439.914915 1440.426794 1441.424001 1442.943587 1442.993923 1441.488780 1440.613182 1440.270345 1439.975048 1439.792237 1439.962199 1440.221449 1440.293126 1440.370576 1440.697519 1440.821743 1440.192257 1439.553021 1440.040297 1440.980468 1440.584354 1439.765154 1439.867594 1440.700022 1441.226727 1441.322669 1441.682245 1441.672006 
0.001339 0.001593 0.001429 0.001028 0.000627 0.000339 0.000172 0.000123 0.000107 0.000087 0.000066 0.000050 0.000042 0.000039 0.000036 0.000030 0.000024 0.000018 0.000015 0.000014 0.000013 0.000013 0.000012 0.000011 0.000011 0.000011 0.000011 0.000010 0.000013 0.000018 
1509.016686 1508.464891 1507.838413 1507.298022 1507.148392 1507.773057 1509.145989 1508.605338 1507.566160 1507.101045 1506.971433 1507.062948 1507.158756 1507.283747 1507.547439 1507.942783 1508.431562 1508.355687 1506.903440 1505.975549 1506.908485 1507.552309 1506.889917 1505.655083 1505.370369 1506.466055 1507.381539 1506.501776 1505.498948 1505.725591 
0.003527 0.003909 0.003182 0.001972 0.000991 0.000464 0.000219 0.000157 0.000139 0.000117 0.000092 0.000070 0.000059 0.000054 0.000049 0.000041 0.000033 0.000026 0.000024 0.000024 0.000023 0.000022 0.000020 0.000019 0.000017 0.000015 0.000014 0.000015 0.000019 0.000026 
1561.440480 1561.858959 1562.592951 1563.767284 1564.127337 1563.164184 1559.000799 1554.711724 1555.080652 1555.413905 1555.607178 1555.728119 1555.764833 1555.728033 1555.800445 1556.003069 1556.056485 1555.464458 1554.514719 1554.969072 1556.947642 1558.885297 1559.690050 1559.815323 1559.413642 1558.726327 1558.874336 1558.985530 1554.343901 1549.833029 
0.003794 0.004121 0.003247 0.001850 0.000795 0.000329 0.000192 0.000146 0.000124 0.000102 0.000079 0.000060 0.000049 0.000044 0.000040 0.000034 0.000026 0.000020 0.000016 0.000015 0.000015 0.000015 0.000015 0.000014 0.000012 0.000011 0.000010 0.000009 0.000011 0.000016 
1636.758767 1637.138486 1637.149028 1636.640193 1636.198610 1637.080411 1638.127913 1636.318827 1634.068844 1632.883379 1632.184853 1631.657890 1631.339299 1631.235355 1631.192482 1631.331710 1631.955981 1633.164657 1633.826594 1632.791700 1631.550810 1630.859312 1630.626458 1630.954198 1632.311007 1633.814798 1633.403206 1632.527493 1633.501176 1633.519688 
0.002039 0.002212 0.001768 0.001087 0.000594 0.000327 0.000157 0.000086 0.000071 0.000059 0.000046 0.000035 0.000030 0.000028 0.000026 0.000022 0.000017 0.000012 0.000009 0.000009 0.000010 0.000009 0.000008 0.000007 0.000008 0.000008 0.000008 0.000007 0.000007 0.000008 
1668.136524 1668.159927 1668.293006 1668.617409 1668.669896 1667.400391 1665.464272 1666.420762 1668.339924 1668.608129 1668.702923 1668.840619 1669.038175 1669.243261 1669.452020 1669.601252 1669.649044 1669.793606 1670.662756 1671.117497 1670.590750 1669.800378 1669.419466 1670.932766 1672.413141 1673.012965 1672.908910 1671.368319 1667.071971 1665.709347 
0.002072 0.002356 0.001951 0.001191 0.000589 0.000331 0.000220 0.000156 0.000120 0.000096 0.000073 0.000055 0.000045 0.000041 0.000037 0.000031 0.000025 0.000019 0.000016 0.000015 0.000016 0.000017 0.000018 0.000018 0.000016 0.000014 0.000014 0.000015 0.000018 0.000023 
1698.635148 1701.028637 1703.952070 1706.969225 1708.794906 1706.583050 1706.745534 1705.606844 1704.987624 1704.767384 1704.397549 1703.993633 1703.690495 1703.570016 1703.320165 1702.725719 1701.274406 1698.782256 1697.339347 1698.309203 1698.671652 1696.800348 1694.201556 1692.334886 1691.820197 1693.181766 1694.724476 1694.568167 1694.952718 1698.588634 
0.000751 0.001108 0.001239 0.001069 0.000719 0.000384 0.000172 0.000090 0.000074 0.000062 0.000048 0.000036 0.000030 0.000027 0.000025 0.000022 0.000018 0.000015 0.000014 0.000014 0.000013 0.000012 0.000010 0.000008 0.000007 0.000008 0.000008 0.000009 0.000011 0.000015 
1748.682994 1747.828203 1747.548354 1747.802941 1748.605585 1749.804279 1750.780778 1750.533016 1749.624508 1749.434300 1749.400498 1749.346236 1749.290364 1749.227325 1749.184318 1749.216975 1749.068795 1748.232464 1747.332771 1747.507190 1747.880720 1747.871596 1747.601453 1747.164720 1746.724017 1747.198432 1747.838341 1747.553791 1746.979725 1747.501232 
0.000695 0.000803 0.000692 0.000455 0.000246 0.000134 0.000094 0.000083 0.000076 0.000064 0.000051 0.000039 0.000032 0.000029 0.000027 0.000023 0.000019 0.000015 0.000014 0.000014 0.000015 0.000016 0.000016 0.000015 0.000013 0.000011 0.000010 0.000010 0.000013 0.000016 
1795.408728 1794.659545 1793.225526 1790.976926 1789.137512 1791.165022 1793.873311 1794.344402 1794.301759 1794.501175 1794.852310 1795.055389 1794.899127 1794.736057 1794.879001 1795.151831 1795.083691 1794.891707 1795.863112 1797.224116 1797.791196 1798.306931 1798.987862 1799.869736 1801.066290 1801.463806 1799.694048 1796.337895 1793.180520 1791.429596 
0.001146 0.001407 0.001257 0.000816 0.000386 0.000178 0.000134 0.000121 0.000109 0.000092 0.000072 0.000055 0.000046 0.000042 0.000039 0.000033 0.000026 0.000019 0.000016 0.000016 0.000015 0.000015 0.000015 0.000015 0.000015 0.000014 0.000013 0.000012 0.000014 0.000019 
1864.379564 1865.142337 1866.246901 1867.688866 1868.725366 1865.581510 1863.965316 1864.047258 1863.953145 1864.122277 1864.390243 1864.566784 1864.599159 1864.499958 1864.417024 1864.306873 1863.854147 1863.176772 1863.399761 1864.378448 1864.737477 1864.096674 1863.826200 1865.598038 1867.308232 1866.971049 1865.593529 1864.322735 1862.696683 1862.581075 
0.001330 0.001516 0.001261 0.000768 0.000361 0.000178 0.000119 0.000099 0.000088 0.000074 0.000058 0.000044 0.000037 0.000034 0.000031 0.000026 0.000021 0.000015 0.000013 0.000014 0.000015 0.000014 0.000013 0.000011 0.000009 0.000008 0.000007 0.000008 0.000011 0.000017 
1936.193389 1935.504956 1934.399260 1932.830342 1931.863996 1932.009116 1931.164138 1931.896428 1932.319246 1932.353812 1932.331898 1932.326568 1932.183947 1932.233758 1932.466238 1932.412899 1931.829789 1931.096175 1930.846405 1930.575972 1930.694254 1931.686065 1932.591644 1931.739270 1929.434485 1929.418830 1932.325445 1931.449165 1929.090579 1929.061283 
0.001035 0.001132 0.000897 0.000516 0.000237 0.000123 0.000085 0.000078 0.000071 0.000060 0.000047 0.000036 0.000030 0.000028 0.000025 0.000021 0.000016 0.000012 0.000010 0.000010 0.000010 0.000010 0.000011 0.000010 0.000010 0.000008 0.000007 0.000007 0.000010 0.000016 
1986.728459 1986.692031 1986.958033 1987.936646 1989.658131 1989.187098 1988.911561 1989.083548 1988.967699 1989.030584 1989.184524 1989.417137 1989.438440 1989.119624 1988.646251 1988.135463 1987.827250 1988.435236 1990.099690 1990.805123 1989.900317 1987.892344 1985.922490 1985.531385 1987.367732 1990.275189 1991.854548 1990.725070 1988.104054 1988.148806 
0.001405 0.001664 0.001461 0.000966 0.000506 0.000239 0.000129 0.000099 0.000090 0.000077 0.000060 0.000047 0.000040 0.000038 0.000036 0.000031 0.000024 0.000018 0.000015 0.000015 0.000015 0.000015 0.000014 0.000014 0.000014 0.000015 0.000014 0.000015 0.000016 0.000018 
2055.596116 2055.355793 2055.077708 2054.833737 2054.602117 2054.029634 2053.208720 2054.065052 2054.184988 2053.955792 2053.743939 2053.652633 2053.697694 2053.612739 2053.085467 2052.140545 2051.123036 2050.370578 2049.628437 2048.809934 2048.785603 2049.449831 2049.475883 2047.701725 2045.940958 2045.983417 2047.018872 2048.135821 2049.179472 2051.388282 
0.001074 0.001172 0.000916 0.000499 0.000196 0.000110 0.000093 0.000086 0.000079 0.000067 0.000053 0.000041 0.000035 0.000032 0.000029 0.000025 0.000019 0.000013 0.000011 0.000012 0.000012 0.000011 0.000009 0.000007 0.000007 0.000007 0.000008 0.000007 0.000009 0.000013 
2112.953109 2113.201406 2113.227813 2112.696400 2110.546258 2110.120720 2110.276915 2110.011387 2110.047931 2110.102076 2110.106924 2110.113008 2110.064954 2110.062554 2110.114878 2110.007133 2109.759733 2109.755655 2110.079686 2109.622801 2108.934340 2108.804350 2109.350673 2108.555454 2106.311480 2105.645501 2105.894584 2104.766025 2103.460854 2104.695032 
0.001126 0.001237 0.000981 0.000552 0.000226 0.000110 0.000087 0.000081 0.000075 0.000064 0.000050 0.000039 0.000032 0.000029 0.000026 0.000021 0.000016 0.000012 0.000010 0.000010 0.000010 0.000010 0.000009 0.000008 0.000008 0.000007 0.000008 0.000009 0.000011 0.000014 
2168.514818 2168.490437 2168.895020 2170.185775 2172.687170 2171.729885 2170.612343 2170.624232 2170.576421 2170.696744 2170.942492 2171.190272 2171.375078 2171.653568 2171.897980 2171.809783 2171.172838 2170.301862 2170.369927 2170.604844 2169.842610 2168.984817 2169.480462 2170.810462 2169.722889 2166.071754 2163.920997 2164.667261 2168.465738 2171.785329 
0.001221 0.001392 0.001161 0.000703 0.000312 0.000141 0.000090 0.000073 0.000066 0.000056 0.000043 0.000033 0.000028 0.000026 0.000025 0.000022 0.000018 0.000013 0.000009 0.000008 0.000009 0.000010 0.000009 0.000008 0.000006 0.000006 0.000008 0.000009 0.000009 0.000011 
2218.886965 2219.281292 2219.302847 2218.481843 2215.688018 2214.452647 2216.118627 2215.542188 2215.226497 2215.287403 2215.449434 2215.430549 2215.036699 2214.885355 2215.171526 2215.459207 2215.283197 2214.610546 2214.768935 2216.578415 2216.579705 2215.247253 2214.202596 2213.695138 2213.990635 2217.901811 2220.787442 2221.693130 2221.752239 2220.361920 
0.001629 0.001809 0.001443 0.000825 0.000376 0.000174 0.000099 0.000081 0.000073 0.000062 0.000048 0.000037 0.000031 0.000028 0.000026 0.000022 0.000017 0.000013 0.000011 0.000010 0.000010 0.000011 0.000011 0.000010 0.000008 0.000008 0.000007 0.000008 0.000010 0.000014 
2278.403799 2278.117419 2277.844638 2277.677118 2277.208354 2277.565076 2277.609180 2279.418721 2279.808868 2279.883817 2279.936071 2279.946051 2279.934118 2279.995493 2280.112370 2280.373037 2280.690227 2280.530629 2280.338567 2280.862142 2281.005059 2281.149439 2282.010534 2282.490618 2281.696909 2281.513441 2281.459269 2278.986416 2276.319338 2275.603044 
0.003064 0.003415 0.002720 0.001501 0.000536 0.000178 0.000122 0.000110 0.000101 0.000086 0.000067 0.000051 0.000044 0.000040 0.000036 0.000031 0.000025 0.000020 0.000015 0.000014 0.000014 0.000014 0.000014 0.000013 0.000011 0.000010 0.000010 0.000011 0.000012 0.000016 
2353.981729 2354.428864 2355.189856 2356.661163 2359.857113 2357.465511 2349.801668 2348.306458 2348.288974 2348.476664 2348.622533 2348.949454 2349.337678 2349.243348 2349.229442 2350.124800 2351.944592 2353.527614 2353.125112 2351.595458 2351.550400 2351.603553 2350.012626 2346.717675 2343.158863 2341.162241 2341.931098 2342.281763 2342.391071 2343.607896 
0.002157 0.002397 0.001924 0.001091 0.000417 0.000145 0.000104 0.000095 0.000087 0.000075 0.000058 0.000044 0.000037 0.000035 0.000032 0.000026 0.000020 0.000015 0.000013 0.000012 0.000012 0.000012 0.000013 0.000012 0.000010 0.000009 0.000010 0.000011 0.000013 0.000016 
2427.159800 2428.504583 2430.105713 2432.093350 2433.969077 2431.711791 2431.381833 2431.596120 2431.757133 2431.926238 2432.118759 2432.158456 2431.936900 2431.676991 2431.484023 2431.502203 2431.930483 2432.338628 2431.851834 2430.706394 2429.192855 2427.715876 2427.646929 2428.971311 2429.916291 2428.518234 2426.839900 2425.807189 2426.871677 2430.165918 
0.000599 0.000684 0.000574 0.000357 0.000171 0.000080 0.000053 0.000048 0.000045 0.000038 0.000030 0.000023 0.000020 0.000019 0.000017 0.000014 0.000011 0.000008 0.000007 0.000007 0.000006 0.000006 0.000005 0.000005 0.000005 0.000004 0.000003 0.000002 0.000003 0.000005 
2595.359054 2595.251083 2595.188207 2595.220438 2595.387439 2595.156851 2594.661440 2594.783127 2594.850763 2594.843334 2594.743295 2594.608642 2594.689334 2594.959697 2595.158203 2595.072400 2594.479846 2593.450088 2593.251936 2594.220452 2595.516091 2596.235818 2595.990265 2595.566180 2594.945963 2594.122940 2593.158670 2592.344430 2592.548402 2593.790103 
0.001502 0.001635 0.001271 0.000686 0.000260 0.000129 0.000105 0.000097 0.000089 0.000075 0.000058 0.000045 0.000038 0.000034 0.000031 0.000026 0.000020 0.000016 0.000013 0.000014 0.000015 0.000015 0.000014 0.000012 0.000011 0.000011 0.000012 0.000011 0.000012 0.000015 
2649.895903 2651.264215 2652.720733 2654.290594 2653.271932 2647.194921 2647.270023 2647.536617 2647.558737 2647.770092 2647.847777 2647.433573 2647.244540 2647.724400 2648.123285 2648.416084 2648.695259 2648.117304 2645.977844 2644.225634 2643.981003 2643.913512 2642.856818 2640.154115 2637.004050 2638.352370 2641.837776 2643.388996 2643.648542 2647.559282 
0.001492 0.001788 0.001554 0.000967 0.000418 0.000160 0.000112 0.000102 0.000093 0.000079 0.000062 0.000049 0.000041 0.000037 0.000034 0.000029 0.000022 0.000016 0.000013 0.000014 0.000015 0.000015 0.000014 0.000014 0.000012 0.000012 0.000010 0.000010 0.000012 0.000017 
2740.305039 2736.606150 2732.968440 2728.959012 2724.895005 2729.288557 2737.274014 2738.383315 2738.075324 2737.687478 2737.928434 2738.708014 2738.549323 2737.338642 2736.808202 2737.331672 2738.009793 2737.561717 2736.096806 2735.757984 2736.225492 2737.352348 2739.274190 2740.999647 2740.527703 2736.873644 2732.798583 2733.161286 2737.156320 2739.358868 
0.000870 0.000999 0.000816 0.000462 0.000176 0.000084 0.000072 0.000066 0.000061 0.000051 0.000040 0.000030 0.000026 0.000024 0.000023 0.000021 0.000017 0.000012 0.000009 0.000009 0.000010 0.000011 0.000011 0.000011 0.000010 0.000008 0.000006 0.000006 0.000007 0.000009 
3008.704853 3008.868203 3009.127293 3009.689305 3010.864542 3009.614348 3008.653336 3008.926366 3009.034577 3008.976141 3008.929762 3009.084325 3009.173550 3008.708050 3008.073174 3007.706373 3007.453879 3007.144904 3008.309936 3010.373745 3009.638388 3008.584126 3008.499731 3008.081558 3006.903822 3005.704426 3005.112314 3006.586237 3009.583826 3010.709485 
0.000963 0.001029 0.000786 0.000420 0.000175 0.000096 0.000069 0.000060 0.000055 0.000048 0.000038 0.000029 0.000024 0.000021 0.000019 0.000016 0.000013 0.000012 0.000010 0.000010 0.000010 0.000010 0.000010 0.000008 0.000008 0.000008 0.000008 0.000007 0.000008 0.000011 
3260.623293 3261.011289 3261.438639 3261.572494 3258.713369 3256.379512 3258.413529 3259.974664 3260.450714 3260.586297 3260.569196 3260.428736 3260.374850 3260.822429 3261.459707 3261.453457 3260.265087 3258.379868 3256.723869 3255.624547 3255.518088 3256.048749 3256.613375 3256.369678 3254.870891 3254.264384 3255.823747 3259.024607 3260.937606 3261.653834 
0.000700 0.000859 0.000760 0.000478 0.000203 0.000071 0.000051 0.000047 0.000043 0.000036 0.000028 0.000022 0.000019 0.000017 0.000016 0.000014 0.000011 0.000008 0.000008 0.000008 0.000008 0.000009 0.000009 0.000007 0.000006 0.000006 0.000007 0.000007 0.000007 0.000008 
3616.401451 3616.295984 3616.167770 3615.987023 3615.668212 3615.480439 3616.207944 3616.124800 3616.001383 3616.038587 3616.112621 3616.319842 3616.622977 3616.601555 3616.488267 3616.764600 3617.378654 3617.501745 3616.568338 3615.379951 3614.076677 3613.098076 3612.907352 3613.322684 3613.749129 3614.091684 3613.331636 3612.807365 3614.014951 3615.189544 
0.001216 0.001297 0.000990 0.000520 0.000178 0.000078 0.000064 0.000060 0.000054 0.000046 0.000036 0.000028 0.000023 0.000022 0.000020 0.000017 0.000013 0.000010 0.000009 0.000009 0.000008 0.000008 0.000008 0.000008 0.000008 0.000008 0.000008 0.000008 0.000008 0.000009 
3891.836184 3892.066028 3892.381568 3892.850638 3893.356795 3891.520080 3891.654675 3891.742711 3891.784235 3891.805384 3892.044197 3892.230412 3891.642275 3891.101836 3891.655165 3892.535441 3892.599010 3892.367577 3893.714932 3895.285357 3896.230893 3897.765211 3899.464167 3898.979409 3896.749975 3896.085538 3898.171277 3900.376068 3898.568859 3894.694959 
