0.063946 4.742739
0.063946 4.495034
0.047959 8.340336
0.063946 10.492338
0.031973 6.861618
0.047959 12.279936
0.063946 11.698617
0.047959 19.811820
0.047959 19.503380
0.047959 16.873555
0.031973 22.729357
0.047959 21.785968
0.047959 13.844625
0.047959 16.186564
0.063946 19.883328
0.047959 14.452520
0.047959 17.870982
0.047959 23.126247
0.047959 24.306975
0.047959 21.690702
0.047959 19.352599
0.047959 24.103301
0.031973 22.343960
0.047959 19.799925
0.031973 20.701794
0.031973 21.662721
0.047959 21.044219
0.047959 18.802637
0.047959 21.524628
0.047959 22.806003
0.031973 24.902385
0.031973 19.829122
0.047959 18.261190
0.031973 15.522043
0.047959 17.198494
0.031973 18.052140
0.031973 17.412216
0.031973 17.186352
0.031973 15.573969
0.031973 16.801776
0.031973 17.262617
0.031973 18.025846
0.031973 15.863587
0.031973 17.475186
0.063946 16.995324
0.031973 18.873918
0.031973 21.549082
0.031973 19.245278
0.031973 18.367878
0.015986 16.885246
0.031973 17.104247
0.031973 15.671963
0.031973 13.656059
0.031973 16.167007
0.031973 14.848961
0.031973 15.214765
0.031973 14.929909
0.031973 14.735333
0.031973 16.547272
0.047959 15.604639
0.047959 15.530461
0.031973 18.160022
0.031973 16.452088
0.031973 16.652572
0.031973 18.840549
0.031973 16.709152
0.031973 16.907891
0.031973 15.536577
0.031973 15.080000
0.031973 16.426467
0.031973 15.914776
0.031973 17.209649
0.047959 15.163208
0.031973 16.762750
0.031973 17.067665
0.031973 17.729969
0.031973 15.303295
0.031973 15.216159
0.031973 17.367631
0.015986 17.484294
0.031973 18.937448
0.031973 19.657653
0.031973 16.269508
0.031973 15.299738
0.031973 16.822748
0.031973 16.527544
0.031973 15.454313
0.031973 15.672404
0.031973 16.429902
0.031973 15.922930
0.031973 15.818714
0.031973 14.867086
0.031973 16.971025
0.031973 16.004232
0.031973 16.055710
0.031973 17.574986
0.031973 14.944634
0.031973 16.045892
0.031973 14.714773
0.031973 15.204608
0.031973 16.567150
0.031973 14.467695
0.031973 15.364593
0.015986 14.313529
0.031973 16.138318
0.031973 16.963182
0.031973 15.418001
0.031973 17.166910
0.031973 15.316523
0.031973 16.816318
0.031973 17.961214
0.031973 16.659367
0.031973 15.597449
0.031973 15.424501
0.031973 15.228369
0.031973 14.675860
0.031973 16.798636
0.031973 14.510073
0.031973 14.605631
0.031973 15.779462
0.031973 15.375600
0.031973 15.699009
0.031973 14.933855
0.031973 15.415805
0.031973 14.292892
0.031973 17.018329
0.031973 12.439673
