29.000000 105.000000 0.015986
0.000154 0.000468 0.000398 0.000247 0.000311 0.000268 0.000147 0.000289 0.000137 0.000136 0.000154 0.000068 0.000121 0.000059 0.000042 0.000067 0.000030 0.000030 0.000037 0.000014 0.000015 0.000024 0.000021 0.000016 0.000016 0.000012 0.000008 0.000016 0.000031 
8.749206 8.933380 6.677376 11.984524 7.181017 7.341906 12.307834 4.966523 11.503973 8.780442 4.598732 11.312338 4.183933 8.546597 11.291612 4.109998 10.369325 7.666001 3.449874 11.903605 9.659268 4.772243 5.545381 6.469930 4.614313 4.020873 5.855381 3.156590 5.428939 
0.000176 0.000468 0.000440 0.000414 0.000390 0.000329 0.000262 0.000217 0.000196 0.000204 0.000236 0.000269 0.000267 0.000222 0.000155 0.000095 0.000071 0.000087 0.000156 0.000225 0.000245 0.000207 0.000143 0.000101 0.000080 0.000085 0.000118 0.000183 0.000212 
50.237473 50.333485 50.445810 50.678873 50.826980 50.925374 50.775109 50.101809 49.744469 50.738514 51.733326 52.190952 52.454432 52.926806 53.893016 54.408654 52.074201 50.630443 51.679830 52.132771 52.436700 53.060126 54.249861 54.310620 52.474127 50.588179 50.683689 51.074024 50.813929 
0.000286 0.000591 0.000510 0.000440 0.000392 0.000333 0.000309 0.000276 0.000247 0.000199 0.000158 0.000152 0.000151 0.000125 0.000090 0.000083 0.000087 0.000070 0.000042 0.000050 0.000083 0.000094 0.000064 0.000046 0.000050 0.000066 0.000050 0.000050 0.000067 
73.878692 73.071896 72.517374 72.217691 72.770554 73.312147 73.201626 73.093043 72.573528 72.686399 73.512129 73.321392 72.661132 72.888108 74.382776 73.801814 71.773022 71.196292 73.872892 74.849059 72.329078 71.658380 73.478122 74.324252 73.691233 71.891729 75.144727 75.836307 73.932326 
0.001024 0.001158 0.001001 0.000718 0.000523 0.000446 0.000419 0.000395 0.000338 0.000275 0.000238 0.000221 0.000193 0.000147 0.000107 0.000090 0.000095 0.000090 0.000072 0.000062 0.000071 0.000084 0.000078 0.000068 0.000063 0.000064 0.000057 0.000046 0.000053 
92.938992 92.977200 92.470642 90.725890 88.718718 89.214593 90.159754 90.256498 90.133551 90.299141 90.443438 90.210261 90.025547 90.304873 89.795986 89.067685 90.138920 91.703890 91.326731 88.469726 87.908847 91.074872 94.104790 95.595690 95.580906 93.470770 90.940652 90.863394 90.258702 
0.046332 0.153348 0.129562 0.109466 0.099984 0.086288 0.076141 0.069769 0.062823 0.052499 0.040886 0.031913 0.026518 0.023596 0.020829 0.017005 0.012745 0.009255 0.007381 0.006698 0.006642 0.006310 0.005527 0.004481 0.003527 0.002980 0.002765 0.002723 0.002547 
143.123578 143.320778 143.590955 143.737136 143.581406 143.421588 143.680703 144.422081 145.118194 145.272377 144.861902 144.545364 144.844099 145.812885 146.746867 147.193524 147.050839 146.384025 146.197956 146.786441 147.907288 148.369672 148.163005 147.314776 146.195626 145.816183 146.119394 146.915432 147.292783 
0.005186 0.005788 0.005298 0.004429 0.003931 0.003605 0.003425 0.003098 0.002625 0.002386 0.002386 0.002323 0.002002 0.001695 0.001409 0.001132 0.000875 0.000747 0.000712 0.000698 0.000688 0.000662 0.000614 0.000556 0.000491 0.000417 0.000331 0.000275 0.000244 
184.026311 185.195920 184.430418 182.102493 180.403871 180.184152 181.080499 182.297548 182.544912 183.083013 183.974368 184.110058 182.825245 181.892957 182.129692 182.604499 182.114211 181.949490 182.085605 181.951363 181.631555 181.653000 181.500399 181.369197 181.511958 181.425663 181.119915 180.775990 180.092703 
0.003937 0.004737 0.004449 0.003798 0.003600 0.003282 0.003110 0.002638 0.002103 0.001720 0.001423 0.001153 0.000781 0.000533 0.000453 0.000461 0.000394 0.000303 0.000257 0.000240 0.000196 0.000135 0.000106 0.000107 0.000101 0.000079 0.000065 0.000064 0.000073 
215.233181 215.647407 218.045226 223.521767 226.218967 225.415825 223.064108 222.720999 225.897276 227.231138 224.391528 220.586856 219.939956 219.004822 216.972146 217.531824 221.302387 225.304905 226.363974 225.105434 224.826988 223.119361 217.449440 212.620158 211.985185 214.637220 220.922160 223.721640 222.445422 
0.007659 0.013849 0.010227 0.009645 0.007720 0.004270 0.001077 0.001041 0.001008 0.001402 0.001535 0.001106 0.000812 0.000670 0.000460 0.000217 0.000097 0.000080 0.000064 0.000067 0.000080 0.000091 0.000087 0.000067 0.000056 0.000049 0.000040 0.000035 0.000041 
253.713449 254.550194 254.874234 254.682041 253.744108 252.661566 245.824618 248.725291 246.951155 248.931899 249.880997 248.230610 247.846246 249.215071 249.728656 248.283376 249.240473 251.656689 251.084303 248.359107 247.371335 247.986216 248.508063 247.370160 246.890417 247.293264 246.910695 247.542700 249.332283 
0.026318 0.063996 0.046962 0.042394 0.029669 0.015794 0.008981 0.006739 0.006863 0.006262 0.004736 0.003059 0.001819 0.001046 0.000611 0.000387 0.000336 0.000332 0.000297 0.000231 0.000167 0.000111 0.000063 0.000036 0.000031 0.000033 0.000025 0.000022 0.000029 
265.348537 265.398997 265.335619 265.117415 264.566700 262.902639 262.493146 263.571314 265.556005 266.086557 266.289962 266.578583 266.158298 264.396531 263.470099 264.453402 265.566407 266.113521 266.219589 266.576380 266.381529 265.082875 262.440627 262.476516 263.465385 264.717511 262.974251 260.851714 261.232957 
0.028353 0.037859 0.036750 0.025948 0.012690 0.008748 0.007184 0.007318 0.005585 0.003343 0.002213 0.001842 0.001740 0.001378 0.000910 0.000645 0.000509 0.000441 0.000355 0.000276 0.000241 0.000221 0.000180 0.000115 0.000052 0.000035 0.000035 0.000055 0.000069 
284.349062 284.043961 283.766735 283.806019 286.165636 287.365550 287.108960 283.996519 283.093023 284.274220 286.693395 287.232925 285.694220 285.389473 286.183073 286.015753 285.304485 284.382126 284.606101 285.763427 286.218370 285.839460 285.692762 286.192375 287.902113 288.293176 288.639304 287.697810 286.727194 
0.006315 0.013478 0.009555 0.008224 0.005868 0.003608 0.002027 0.001061 0.000480 0.000163 0.000084 0.000066 0.000047 0.000033 0.000027 0.000026 0.000034 0.000039 0.000038 0.000034 0.000027 0.000020 0.000017 0.000017 0.000017 0.000016 0.000014 0.000016 0.000026 
321.261712 321.527962 321.774542 321.850026 321.491846 320.614468 320.082842 320.305159 320.611359 319.974961 321.842449 322.546283 321.447647 322.456429 323.419361 322.444995 320.712468 320.085150 319.919805 320.173709 320.106566 319.303187 319.972316 322.213838 323.596737 323.515133 322.335182 322.160268 322.533201 
0.001840 0.003746 0.002750 0.002320 0.001623 0.000862 0.000483 0.000339 0.000295 0.000185 0.000122 0.000085 0.000054 0.000036 0.000030 0.000027 0.000025 0.000020 0.000015 0.000016 0.000014 0.000010 0.000008 0.000008 0.000008 0.000010 0.000012 0.000016 0.000027 
333.191631 332.961003 332.551100 332.417483 333.285391 336.237977 337.873908 337.315172 335.372499 336.133330 336.709591 336.463755 336.333110 335.674046 335.202306 335.456643 335.687539 336.695955 338.049157 336.601338 335.088045 333.580033 332.994833 333.414069 332.783903 333.162200 334.723274 335.951877 335.530733 
0.000831 0.001457 0.001193 0.001029 0.000767 0.000557 0.000398 0.000250 0.000134 0.000085 0.000072 0.000070 0.000064 0.000064 0.000065 0.000059 0.000052 0.000049 0.000050 0.000049 0.000045 0.000045 0.000047 0.000050 0.000050 0.000051 0.000053 0.000050 0.000039 
366.267666 367.200572 368.478702 369.242144 368.198306 365.214390 364.318851 365.862929 369.220882 369.449028 366.971762 364.704374 363.718500 363.928201 364.410988 364.005976 362.814299 362.346248 362.775147 362.700219 362.239440 362.150477 362.462339 362.768102 362.333069 362.422545 363.383220 364.167893 364.047393 
0.000997 0.002055 0.001536 0.001338 0.000882 0.000436 0.000248 0.000202 0.000180 0.000141 0.000090 0.000052 0.000040 0.000038 0.000036 0.000030 0.000022 0.000015 0.000011 0.000010 0.000011 0.000011 0.000012 0.000014 0.000014 0.000013 0.000010 0.000011 0.000017 
410.111675 410.774947 410.498189 408.957905 406.332180 403.334469 405.075473 406.167509 405.786131 406.083446 405.392488 403.644807 404.173762 404.712902 403.744374 403.282705 403.663452 404.068909 403.278144 402.750738 403.260045 403.505922 403.074882 402.874934 403.300859 404.547254 407.978173 410.109363 409.602219 
0.001862 0.008470 0.006108 0.004405 0.004250 0.003737 0.002823 0.001822 0.001055 0.000563 0.000266 0.000119 0.000077 0.000066 0.000058 0.000043 0.000031 0.000025 0.000024 0.000022 0.000019 0.000016 0.000016 0.000014 0.000012 0.000010 0.000010 0.000010 0.000015 
452.512659 452.282285 452.458137 451.863701 450.650567 448.871546 447.744633 447.033410 446.068350 444.473764 443.137805 444.696091 448.090668 449.263786 447.552806 446.413157 445.556233 444.873792 445.295545 446.841649 449.266787 450.747705 450.851550 452.878297 456.536903 455.537544 452.477389 451.035693 448.063088 
0.000333 0.000571 0.000464 0.000385 0.000310 0.000236 0.000151 0.000096 0.000073 0.000057 0.000042 0.000034 0.000032 0.000030 0.000025 0.000020 0.000017 0.000016 0.000019 0.000021 0.000023 0.000025 0.000028 0.000029 0.000027 0.000023 0.000019 0.000018 0.000020 
478.286038 477.460956 477.272866 478.545165 481.369411 483.087447 483.958649 483.266393 481.122449 480.476042 481.204410 481.798527 481.548402 481.112431 481.204633 481.747377 481.740140 480.946419 480.993130 481.421441 481.389579 481.028633 480.715480 480.560879 480.509101 480.609568 481.323175 482.904335 483.931265 
0.000205 0.000644 0.000515 0.000411 0.000329 0.000304 0.000217 0.000123 0.000070 0.000050 0.000039 0.000031 0.000029 0.000026 0.000022 0.000018 0.000015 0.000012 0.000011 0.000009 0.000006 0.000005 0.000006 0.000006 0.000007 0.000006 0.000006 0.000006 0.000011 
495.101192 495.552719 496.620217 496.759929 495.836200 495.214088 495.024145 495.505897 496.855994 496.779733 496.671323 497.004163 496.630417 496.521554 496.984459 497.176417 497.223667 497.077871 495.561003 494.424763 495.754334 496.739685 494.120669 491.725010 492.834577 496.190971 495.682462 493.195800 491.882642 
0.003375 0.006665 0.004712 0.003581 0.002113 0.001099 0.000533 0.000225 0.000118 0.000081 0.000065 0.000049 0.000038 0.000033 0.000029 0.000026 0.000022 0.000018 0.000015 0.000015 0.000016 0.000017 0.000017 0.000018 0.000017 0.000015 0.000012 0.000011 0.000015 
554.162335 553.917662 553.533090 552.750120 551.314243 550.622450 552.061767 554.164074 552.743937 551.415977 550.989399 549.904250 548.209944 546.193831 544.694823 543.991141 543.961327 544.235746 544.243036 543.283739 542.388941 542.076133 542.871132 544.950512 546.187294 545.562398 543.596892 543.073162 543.912232 
0.009367 0.012624 0.012369 0.009007 0.005001 0.002301 0.000988 0.000457 0.000224 0.000124 0.000078 0.000054 0.000044 0.000040 0.000034 0.000026 0.000021 0.000020 0.000023 0.000026 0.000027 0.000028 0.000028 0.000024 0.000021 0.000021 0.000022 0.000024 0.000029 
580.905776 580.905409 581.115243 581.956299 584.103907 587.038930 588.373566 587.172588 583.590989 581.651317 581.007231 581.374135 584.757470 586.897409 587.069501 586.738336 587.257206 590.155516 592.909132 593.878891 594.069178 593.377134 592.268692 591.778224 592.737514 594.303658 595.032344 595.265200 592.275199 
0.012283 0.029840 0.019869 0.016916 0.011280 0.005955 0.002504 0.000841 0.000245 0.000131 0.000086 0.000075 0.000062 0.000052 0.000051 0.000051 0.000042 0.000030 0.000023 0.000022 0.000021 0.000019 0.000018 0.000017 0.000014 0.000012 0.000013 0.000014 0.000013 
624.741062 624.457972 624.468325 624.583294 624.728239 625.060926 625.720986 626.704897 627.290342 627.946205 628.904805 631.107834 631.469476 632.147984 633.073440 632.678277 632.448612 632.784412 631.280157 627.974681 628.768770 632.177993 631.921009 630.142087 631.839281 630.574445 624.109184 623.684892 630.014085 
0.002662 0.003423 0.003348 0.002536 0.001538 0.000815 0.000392 0.000200 0.000124 0.000088 0.000060 0.000043 0.000034 0.000028 0.000025 0.000021 0.000017 0.000014 0.000013 0.000013 0.000013 0.000012 0.000011 0.000011 0.000010 0.000009 0.000009 0.000010 0.000013 
683.617024 684.396683 684.089252 682.731736 680.383907 678.966913 679.072828 679.255280 678.472302 678.971289 680.857424 681.710265 680.373316 678.953401 678.434158 677.852279 676.802293 676.252328 677.361004 678.595786 677.947558 676.260650 674.537956 673.230962 672.507233 672.865208 672.849816 673.633463 675.741097 
0.001923 0.004798 0.003417 0.002917 0.001867 0.000925 0.000434 0.000212 0.000119 0.000090 0.000078 0.000054 0.000035 0.000032 0.000039 0.000035 0.000022 0.000015 0.000016 0.000022 0.000021 0.000018 0.000016 0.000018 0.000019 0.000019 0.000020 0.000021 0.000022 
727.835491 728.015736 728.265865 728.653935 729.339709 730.443192 730.602251 729.682306 728.181530 727.386939 728.241487 729.495793 731.371177 730.695041 728.681951 727.832433 727.024790 726.451325 726.605746 726.563625 725.743899 724.593439 724.410182 724.936021 725.133032 724.818467 724.727927 725.171545 726.177403 
0.001349 0.004516 0.003230 0.002869 0.001806 0.000999 0.000589 0.000328 0.000128 0.000070 0.000063 0.000059 0.000052 0.000039 0.000029 0.000023 0.000019 0.000015 0.000012 0.000010 0.000008 0.000008 0.000009 0.000009 0.000009 0.000009 0.000008 0.000008 0.000008 
739.725803 740.752991 740.969382 740.585081 739.101592 738.189294 740.124407 743.014815 741.602956 739.573637 738.466809 737.777642 738.294819 738.206876 737.727364 737.706734 737.703385 737.298599 737.653054 739.148040 741.454726 743.700496 745.046628 746.424815 747.864363 747.911036 747.486041 746.784660 744.229611 
0.000548 0.001996 0.001536 0.001181 0.001119 0.000686 0.000194 0.000058 0.000053 0.000038 0.000033 0.000029 0.000025 0.000021 0.000019 0.000018 0.000018 0.000018 0.000018 0.000017 0.000014 0.000012 0.000012 0.000013 0.000013 0.000011 0.000011 0.000012 0.000016 
775.667447 778.845289 779.149853 777.946196 776.374162 775.555986 775.566620 780.578613 777.128568 777.638948 776.404385 775.875391 776.001330 776.071652 775.817559 775.854483 776.503608 777.061203 777.120740 777.177568 777.890605 779.118111 779.219966 778.723056 778.851680 779.469554 779.380394 778.335879 776.031842 
0.003846 0.008358 0.005611 0.004801 0.003281 0.001768 0.000735 0.000269 0.000115 0.000056 0.000030 0.000020 0.000016 0.000015 0.000016 0.000015 0.000013 0.000010 0.000007 0.000006 0.000006 0.000006 0.000006 0.000005 0.000004 0.000004 0.000004 0.000005 0.000007 
803.747444 801.918251 800.154329 799.215679 799.412193 801.288788 803.646157 802.773673 800.279981 800.574222 801.534901 802.128593 802.009680 802.090217 803.253064 804.228871 804.999563 804.909545 801.868332 800.155517 800.486049 799.540691 800.759952 804.420084 804.513491 802.580623 799.968627 797.739658 800.823002 
0.003059 0.003349 0.002605 0.001595 0.000848 0.000439 0.000169 0.000081 0.000045 0.000025 0.000020 0.000018 0.000017 0.000016 0.000013 0.000010 0.000008 0.000007 0.000006 0.000004 0.000004 0.000005 0.000006 0.000007 0.000007 0.000006 0.000005 0.000005 0.000005 
821.381098 822.024491 823.312023 824.216325 823.268190 818.298681 816.759352 819.220427 822.312025 820.338637 820.403189 821.628201 821.853575 821.328709 820.475979 819.848294 819.788499 819.733960 819.209301 818.352489 819.494651 820.769310 820.672824 821.001249 821.095168 820.471045 820.517379 819.555213 818.040795 
0.001310 0.002697 0.002028 0.001524 0.000745 0.000193 0.000078 0.000056 0.000041 0.000030 0.000024 0.000021 0.000022 0.000025 0.000026 0.000025 0.000022 0.000021 0.000022 0.000023 0.000024 0.000024 0.000026 0.000025 0.000024 0.000022 0.000022 0.000022 0.000022 
844.582934 845.465675 846.033560 846.281273 846.025610 843.623011 844.157072 846.268831 846.235708 846.125572 845.930798 845.008844 844.533105 845.060988 845.146708 844.564840 843.870193 843.664313 843.937747 843.894379 843.621364 843.671789 844.051381 844.081724 843.924076 843.640153 843.434602 843.797940 844.668782 
0.002407 0.002849 0.002561 0.001752 0.000976 0.000554 0.000333 0.000164 0.000076 0.000049 0.000036 0.000027 0.000022 0.000020 0.000018 0.000015 0.000012 0.000010 0.000010 0.000010 0.000010 0.000009 0.000009 0.000008 0.000008 0.000008 0.000008 0.000008 0.000009 
878.996652 876.623118 874.349123 873.285495 875.298151 879.802362 880.899142 880.427970 878.597497 876.497063 875.350065 874.392831 874.219749 875.576161 877.845473 878.802428 877.434665 875.274468 875.205469 876.789037 878.132376 877.924920 875.594620 876.309590 880.249173 883.955203 881.393669 874.477072 872.261924 
0.002240 0.002627 0.002318 0.001519 0.000721 0.000341 0.000208 0.000133 0.000067 0.000040 0.000033 0.000029 0.000022 0.000019 0.000020 0.000019 0.000014 0.000009 0.000006 0.000005 0.000005 0.000006 0.000006 0.000005 0.000004 0.000004 0.000004 0.000005 0.000006 
925.832286 926.369230 926.701836 926.538979 925.351757 925.705523 927.094138 927.791914 926.307238 927.564901 929.101498 928.372955 927.191503 927.669882 929.067565 929.847925 930.334822 930.403705 929.283790 927.163908 926.886050 927.088092 927.381808 927.300621 925.286116 922.883184 923.367461 923.238765 921.408721 
0.003562 0.004435 0.004110 0.002784 0.001286 0.000490 0.000233 0.000133 0.000052 0.000034 0.000030 0.000026 0.000023 0.000023 0.000025 0.000026 0.000026 0.000025 0.000024 0.000023 0.000021 0.000019 0.000017 0.000017 0.000019 0.000020 0.000020 0.000020 0.000020 
971.930970 971.694091 971.521857 971.477238 971.775483 973.022179 973.638262 973.750840 973.111466 971.264697 970.318002 971.092354 971.485662 968.978410 966.328233 965.194817 964.643564 964.067179 963.750615 963.884499 964.190555 964.067927 963.816724 963.949919 964.205325 963.884835 963.517963 963.682545 965.183515 
0.001253 0.001320 0.001283 0.001161 0.000816 0.000441 0.000228 0.000124 0.000054 0.000031 0.000023 0.000019 0.000015 0.000012 0.000010 0.000009 0.000007 0.000006 0.000004 0.000003 0.000003 0.000003 0.000002 0.000002 0.000002 0.000004 0.000004 0.000004 0.000005 
987.351472 986.499268 986.727268 988.330930 990.056542 991.413775 991.459225 990.295442 990.926357 990.244147 989.203603 988.246424 988.041195 988.764956 989.982147 990.582075 990.307517 989.631511 989.031587 989.472642 989.914986 989.362463 989.744639 991.964969 990.408614 989.151378 988.443422 987.020257 986.580362 
0.002604 0.003171 0.002917 0.002021 0.001014 0.000332 0.000091 0.000047 0.000038 0.000029 0.000024 0.000021 0.000020 0.000018 0.000016 0.000015 0.000014 0.000011 0.000009 0.000009 0.000010 0.000011 0.000011 0.000010 0.000011 0.000011 0.000011 0.000010 0.000011 
1015.932025 1015.418690 1014.757010 1013.943518 1013.094295 1013.274950 1015.822219 1016.658668 1017.832454 1019.591851 1020.232619 1019.419986 1018.708087 1019.318081 1020.786423 1021.834840 1022.391212 1022.654442 1022.903639 1023.530740 1022.530684 1020.708982 1020.283794 1021.229430 1022.064676 1021.212966 1019.958669 1020.608957 1022.617717 
0.000561 0.000490 0.000347 0.000223 0.000128 0.000055 0.000036 0.000025 0.000019 0.000016 0.000013 0.000010 0.000009 0.000008 0.000007 0.000006 0.000005 0.000005 0.000005 0.000005 0.000004 0.000003 0.000003 0.000003 0.000003 0.000003 0.000002 0.000003 0.000005 
1036.276580 1035.276181 1034.814111 1035.856839 1039.182192 1040.894419 1038.610209 1037.576088 1037.708211 1037.968319 1038.199827 1038.344374 1038.295454 1038.255981 1038.321671 1037.989408 1037.491891 1037.856555 1038.413682 1037.923653 1037.216385 1037.411277 1038.504278 1038.169476 1037.150063 1037.526889 1040.290103 1039.865113 1037.395849 
0.000605 0.000631 0.000547 0.000412 0.000273 0.000138 0.000057 0.000030 0.000024 0.000019 0.000014 0.000011 0.000009 0.000008 0.000007 0.000006 0.000005 0.000004 0.000004 0.000004 0.000004 0.000003 0.000003 0.000002 0.000003 0.000003 0.000003 0.000003 0.000003 
1051.112859 1052.390610 1052.985175 1052.600465 1050.961725 1049.356332 1047.578764 1047.892823 1049.185413 1049.572404 1049.429489 1049.423590 1049.833183 1050.091556 1050.232501 1050.532602 1050.348397 1048.498755 1046.811778 1048.087124 1049.399768 1049.312733 1047.980370 1049.041074 1050.644427 1050.465583 1049.670398 1049.592721 1050.037269 
0.001707 0.002070 0.001832 0.001227 0.000758 0.000483 0.000299 0.000152 0.000075 0.000044 0.000034 0.000030 0.000028 0.000027 0.000027 0.000026 0.000025 0.000024 0.000025 0.000025 0.000025 0.000026 0.000027 0.000026 0.000024 0.000024 0.000024 0.000023 0.000021 
1095.880295 1095.770157 1095.564845 1094.772285 1094.005530 1094.273110 1095.591255 1095.426842 1094.441836 1092.911307 1088.728676 1086.334169 1085.560706 1085.538803 1085.814565 1085.381350 1084.347412 1083.630631 1083.375579 1083.095536 1083.088077 1083.654361 1084.115327 1083.701089 1082.953539 1082.572613 1082.528270 1082.455310 1082.418941 
0.000563 0.000586 0.000532 0.000487 0.000393 0.000242 0.000107 0.000041 0.000025 0.000021 0.000018 0.000016 0.000014 0.000012 0.000011 0.000010 0.000008 0.000007 0.000007 0.000008 0.000009 0.000009 0.000009 0.000009 0.000010 0.000010 0.000009 0.000008 0.000006 
1136.107557 1136.137300 1137.558355 1139.751297 1140.252696 1139.903554 1139.895531 1140.565642 1139.593736 1139.184172 1139.238489 1139.360414 1139.578791 1139.998246 1140.003760 1139.545325 1139.868403 1141.211456 1141.415928 1141.217003 1141.805713 1142.344048 1142.776483 1143.142952 1142.855954 1141.391491 1139.478622 1138.638578 1139.646130 
0.001021 0.001187 0.001064 0.000758 0.000430 0.000187 0.000073 0.000041 0.000030 0.000023 0.000019 0.000015 0.000013 0.000011 0.000011 0.000010 0.000010 0.000009 0.000009 0.000009 0.000010 0.000008 0.000005 0.000006 0.000008 0.000008 0.000006 0.000005 0.000006 
1164.208234 1164.336317 1163.432121 1160.835309 1157.738854 1157.308473 1162.193959 1162.176419 1159.613065 1159.941962 1160.134399 1160.449569 1160.818303 1160.880354 1161.241176 1162.278686 1163.097318 1162.826330 1160.430183 1157.074767 1156.017704 1156.590213 1158.621943 1159.557443 1158.112990 1157.505611 1158.167951 1159.078968 1157.881911 
0.001269 0.001459 0.001249 0.000800 0.000400 0.000187 0.000089 0.000050 0.000035 0.000028 0.000023 0.000020 0.000019 0.000018 0.000016 0.000015 0.000013 0.000013 0.000014 0.000015 0.000016 0.000016 0.000015 0.000014 0.000014 0.000016 0.000017 0.000017 0.000015 
1183.772281 1183.671945 1184.499400 1186.885239 1191.593434 1193.909925 1191.700917 1188.422309 1188.663807 1189.596081 1190.111341 1191.520291 1193.416580 1194.473654 1194.872055 1195.243186 1196.011100 1197.661947 1199.378660 1199.861954 1199.589352 1199.410398 1199.434662 1199.548981 1199.587843 1199.378094 1199.258261 1199.292002 1198.819339 
0.000667 0.000711 0.000582 0.000382 0.000219 0.000111 0.000056 0.000036 0.000029 0.000025 0.000022 0.000019 0.000017 0.000015 0.000012 0.000009 0.000009 0.000010 0.000010 0.000011 0.000010 0.000010 0.000009 0.000008 0.000007 0.000008 0.000010 0.000013 0.000015 
1222.016398 1222.840459 1222.048615 1219.842499 1218.687087 1222.292568 1221.962229 1216.046271 1218.232647 1219.386897 1219.684855 1218.611765 1216.607146 1215.266467 1216.183326 1219.819475 1220.102982 1215.741963 1211.787747 1211.024165 1211.438789 1211.511904 1212.108858 1214.222062 1215.150639 1211.617013 1209.803587 1210.538835 1212.804014 
0.000441 0.000499 0.000473 0.000427 0.000363 0.000257 0.000144 0.000064 0.000031 0.000022 0.000017 0.000013 0.000011 0.000009 0.000009 0.000009 0.000007 0.000006 0.000005 0.000004 0.000004 0.000004 0.000004 0.000004 0.000004 0.000003 0.000002 0.000003 0.000006 
1240.560784 1240.345307 1241.681980 1244.726393 1246.130950 1246.000877 1245.129512 1244.046119 1242.759970 1242.971263 1244.171518 1243.974904 1242.803107 1242.937392 1243.636318 1242.831080 1241.965125 1243.293675 1245.409171 1245.879254 1245.598880 1245.408946 1245.527157 1246.217791 1247.287485 1246.955394 1243.918276 1239.883324 1240.221084 
0.000548 0.000622 0.000563 0.000434 0.000280 0.000147 0.000068 0.000037 0.000027 0.000022 0.000019 0.000017 0.000016 0.000015 0.000014 0.000012 0.000012 0.000013 0.000014 0.000014 0.000013 0.000012 0.000011 0.000011 0.000011 0.000012 0.000011 0.000010 0.000008 
1267.873957 1267.821659 1266.566041 1263.477628 1259.973712 1257.495402 1257.664236 1261.782081 1264.002321 1263.955091 1263.338251 1262.522494 1261.982732 1262.006412 1262.586073 1263.552516 1264.166315 1263.729674 1262.743502 1262.731870 1264.597718 1266.110980 1265.639212 1264.168942 1264.177031 1264.841460 1264.538925 1263.489279 1263.111000 
0.000813 0.000847 0.000649 0.000400 0.000241 0.000151 0.000089 0.000056 0.000039 0.000030 0.000025 0.000022 0.000022 0.000021 0.000021 0.000019 0.000017 0.000015 0.000014 0.000014 0.000014 0.000015 0.000015 0.000015 0.000015 0.000016 0.000016 0.000016 0.000016 
1301.898781 1301.818946 1302.140231 1304.290239 1306.910457 1306.430135 1302.626504 1301.638246 1303.650714 1305.201070 1307.207518 1309.562377 1311.532628 1312.914666 1314.118692 1315.184371 1316.029311 1316.771318 1317.110751 1316.881383 1316.742265 1317.087794 1317.802339 1318.661416 1318.754493 1318.401992 1317.884011 1317.668987 1316.639163 
0.000441 0.000458 0.000369 0.000251 0.000162 0.000091 0.000043 0.000028 0.000024 0.000020 0.000016 0.000013 0.000011 0.000010 0.000010 0.000009 0.000008 0.000007 0.000005 0.000005 0.000005 0.000006 0.000006 0.000006 0.000006 0.000006 0.000005 0.000006 0.000006 
1356.988494 1358.183554 1358.525990 1357.606212 1356.296317 1357.427830 1358.205482 1354.818594 1354.457144 1354.341281 1353.982007 1353.640484 1353.888993 1354.683249 1355.288594 1354.905070 1353.955081 1354.230301 1355.908511 1355.716640 1355.183938 1354.612965 1352.976158 1352.392518 1352.690655 1352.332188 1352.403326 1353.956246 1355.415595 
0.000658 0.000812 0.000739 0.000531 0.000305 0.000154 0.000069 0.000041 0.000036 0.000031 0.000025 0.000021 0.000018 0.000017 0.000016 0.000015 0.000015 0.000015 0.000015 0.000014 0.000012 0.000010 0.000011 0.000011 0.000011 0.000009 0.000008 0.000008 0.000009 
1391.299137 1390.895770 1390.615204 1391.435452 1393.097781 1396.549715 1397.366349 1392.933019 1391.065077 1390.475609 1389.912489 1389.445591 1388.522214 1387.820730 1387.050896 1385.623417 1384.798172 1384.263839 1383.506730 1383.113767 1383.403816 1385.353587 1386.915334 1386.439617 1385.281591 1384.789222 1384.336361 1384.368050 1386.942136 
0.001054 0.001081 0.000861 0.000596 0.000381 0.000208 0.000095 0.000054 0.000038 0.000029 0.000022 0.000019 0.000017 0.000018 0.000020 0.000020 0.000019 0.000019 0.000019 0.000018 0.000017 0.000017 0.000016 0.000015 0.000015 0.000015 0.000016 0.000016 0.000016 
1459.981573 1459.992413 1459.950953 1459.179698 1457.056366 1454.348459 1453.397277 1456.433285 1458.141057 1458.407746 1458.241586 1457.097616 1454.862531 1452.926291 1451.886692 1450.653995 1448.366183 1446.121034 1445.657133 1446.189282 1447.330124 1447.822033 1446.723312 1445.114931 1444.672185 1444.616380 1444.069082 1444.230306 1446.512403 
0.000441 0.000384 0.000273 0.000217 0.000195 0.000132 0.000068 0.000036 0.000022 0.000016 0.000012 0.000011 0.000010 0.000010 0.000010 0.000011 0.000010 0.000009 0.000008 0.000008 0.000009 0.000009 0.000010 0.000009 0.000010 0.000011 0.000012 0.000012 0.000012 
1497.686407 1496.259061 1494.005002 1494.414574 1496.841477 1497.563198 1498.244913 1499.807673 1498.992489 1497.610913 1498.415304 1499.903571 1500.692093 1501.274236 1501.159690 1500.322849 1500.078079 1500.830958 1501.874581 1501.975868 1501.407640 1500.966950 1500.966089 1501.298063 1501.516579 1501.482877 1501.302489 1501.087829 1500.743304 
0.000910 0.000988 0.000838 0.000579 0.000327 0.000143 0.000049 0.000031 0.000025 0.000021 0.000016 0.000013 0.000011 0.000010 0.000009 0.000008 0.000007 0.000007 0.000007 0.000007 0.000006 0.000005 0.000005 0.000004 0.000004 0.000005 0.000006 0.000006 0.000005 
1521.491242 1520.146596 1519.015787 1519.100603 1521.022364 1523.872879 1521.626461 1520.295426 1521.421185 1521.575379 1521.792642 1522.719315 1524.473165 1525.282360 1524.523167 1523.325607 1522.188375 1519.685378 1517.228843 1517.395368 1522.314075 1525.221864 1523.336768 1521.369946 1521.491328 1518.520205 1516.906694 1517.616914 1521.748783 
0.000211 0.000416 0.000324 0.000295 0.000201 0.000105 0.000048 0.000030 0.000022 0.000017 0.000015 0.000012 0.000010 0.000008 0.000007 0.000006 0.000006 0.000006 0.000006 0.000005 0.000006 0.000007 0.000007 0.000007 0.000005 0.000004 0.000004 0.000006 0.000006 
1585.398641 1582.168530 1580.337298 1580.961309 1582.800367 1582.998871 1579.086478 1578.444672 1581.205011 1581.118533 1579.130087 1578.232950 1579.760141 1582.431903 1582.011383 1578.876194 1575.655315 1574.813643 1576.989420 1581.113970 1581.076956 1578.103834 1578.131263 1579.791084 1583.303095 1582.678270 1579.629777 1575.643085 1577.276915 
0.000579 0.000643 0.000550 0.000366 0.000202 0.000095 0.000041 0.000023 0.000020 0.000018 0.000015 0.000013 0.000010 0.000008 0.000007 0.000006 0.000006 0.000005 0.000006 0.000006 0.000005 0.000005 0.000005 0.000006 0.000005 0.000004 0.000005 0.000005 0.000005 
1611.698017 1612.467893 1612.185272 1610.502171 1606.051553 1602.052212 1602.342252 1605.692227 1607.378429 1608.103762 1608.946492 1609.100956 1607.937902 1605.930328 1605.621572 1606.919407 1608.217252 1609.821118 1610.969749 1610.479802 1607.899205 1605.837606 1605.487234 1606.725574 1607.671428 1609.928862 1611.402125 1611.830999 1610.177507 
0.001064 0.001182 0.000936 0.000507 0.000166 0.000051 0.000031 0.000024 0.000021 0.000018 0.000015 0.000013 0.000012 0.000011 0.000010 0.000009 0.000008 0.000007 0.000006 0.000007 0.000008 0.000009 0.000009 0.000008 0.000008 0.000008 0.000009 0.000010 0.000009 
1634.045689 1633.791658 1633.417985 1632.863937 1632.181539 1633.622491 1633.053516 1633.554516 1633.217792 1632.518995 1631.600391 1630.621083 1629.975337 1629.914057 1629.821153 1629.080171 1628.175161 1627.553939 1627.173090 1627.549067 1628.799778 1629.973223 1630.339490 1629.383822 1627.165216 1625.738173 1625.710643 1626.646345 1627.834678 
0.001132 0.001295 0.001059 0.000603 0.000218 0.000057 0.000031 0.000025 0.000023 0.000018 0.000014 0.000012 0.000010 0.000009 0.000008 0.000008 0.000007 0.000007 0.000006 0.000006 0.000007 0.000006 0.000005 0.000004 0.000005 0.000006 0.000006 0.000007 0.000008 
1664.229768 1664.902026 1665.815550 1667.217190 1669.425694 1667.558663 1665.290499 1664.973366 1665.146862 1664.023186 1663.178290 1663.918972 1664.950087 1664.909402 1665.310534 1667.381530 1669.391970 1669.766557 1669.667093 1670.950223 1671.460462 1669.550011 1663.059399 1660.259754 1666.597838 1670.473969 1669.828267 1667.309248 1666.222171 
0.000255 0.000455 0.000346 0.000286 0.000181 0.000088 0.000040 0.000021 0.000014 0.000012 0.000010 0.000009 0.000007 0.000006 0.000006 0.000006 0.000005 0.000004 0.000003 0.000002 0.000002 0.000002 0.000002 0.000003 0.000003 0.000003 0.000003 0.000003 0.000003 
1711.662851 1712.095402 1713.216373 1714.510950 1715.889786 1717.258962 1717.391197 1715.638470 1714.146583 1714.059952 1714.752083 1715.468649 1715.469444 1714.752800 1714.444136 1715.022746 1715.734925 1716.509815 1717.336623 1715.824291 1714.664918 1715.026676 1716.354473 1715.894625 1714.201978 1712.942232 1713.255685 1714.885133 1717.178148 
0.000107 0.000252 0.000200 0.000198 0.000142 0.000079 0.000036 0.000015 0.000013 0.000012 0.000010 0.000008 0.000007 0.000007 0.000006 0.000006 0.000005 0.000005 0.000004 0.000003 0.000003 0.000004 0.000004 0.000004 0.000004 0.000003 0.000002 0.000003 0.000004 
1729.986155 1729.547188 1727.411470 1726.200728 1725.492550 1725.423058 1726.085221 1726.314728 1726.424318 1726.773102 1726.774507 1726.175512 1725.599475 1725.841796 1725.952975 1725.355335 1725.249257 1725.829254 1725.214571 1723.908850 1724.810758 1726.409670 1726.527108 1726.792792 1727.904119 1728.813680 1727.651481 1725.686327 1725.310822 
0.000780 0.000879 0.000736 0.000465 0.000252 0.000131 0.000067 0.000040 0.000034 0.000029 0.000024 0.000021 0.000019 0.000017 0.000016 0.000016 0.000016 0.000016 0.000017 0.000018 0.000018 0.000016 0.000015 0.000015 0.000015 0.000015 0.000014 0.000014 0.000014 
1757.551152 1756.463391 1755.242973 1754.037108 1753.527922 1755.341445 1759.920345 1770.171230 1772.302075 1773.014236 1774.524109 1775.316057 1774.190966 1773.118330 1776.455492 1783.192913 1786.052960 1782.346207 1778.346469 1777.830653 1779.093695 1781.225368 1782.940383 1782.487349 1782.232069 1783.015051 1784.932033 1787.073178 1786.401682 
0.000753 0.000813 0.000649 0.000387 0.000183 0.000082 0.000046 0.000039 0.000035 0.000029 0.000023 0.000019 0.000017 0.000017 0.000016 0.000014 0.000012 0.000011 0.000011 0.000011 0.000011 0.000010 0.000010 0.000010 0.000010 0.000010 0.000010 0.000010 0.000010 
1855.651412 1854.527060 1853.271170 1851.592538 1849.591513 1848.510265 1852.612733 1856.200836 1857.122762 1858.176252 1859.097761 1858.488294 1856.955193 1857.387689 1857.987215 1857.680401 1858.405623 1859.973803 1859.791454 1858.038239 1854.963346 1853.359573 1858.225275 1862.619792 1861.891236 1860.189602 1860.165233 1859.563810 1859.523787 
0.000247 0.000273 0.000230 0.000149 0.000079 0.000045 0.000032 0.000025 0.000021 0.000017 0.000015 0.000012 0.000010 0.000009 0.000008 0.000007 0.000007 0.000007 0.000009 0.000009 0.000009 0.000008 0.000007 0.000007 0.000009 0.000010 0.000009 0.000009 0.000009 
1926.402292 1926.549969 1926.094831 1924.949472 1924.060034 1924.380243 1923.281211 1921.721362 1922.721306 1923.812001 1924.004684 1923.599210 1922.857716 1922.645148 1923.392741 1924.169792 1923.496405 1922.190805 1921.789828 1922.258172 1923.197552 1924.090770 1923.719789 1922.723554 1921.852221 1921.978159 1922.901816 1924.162130 1925.155328 
0.000298 0.000328 0.000256 0.000137 0.000054 0.000029 0.000022 0.000017 0.000014 0.000011 0.000009 0.000007 0.000006 0.000005 0.000005 0.000005 0.000004 0.000003 0.000003 0.000003 0.000004 0.000003 0.000002 0.000002 0.000002 0.000001 0.000002 0.000002 0.000004 
1942.238557 1942.412244 1942.713889 1943.444878 1943.808745 1942.876077 1941.851735 1942.179653 1942.229010 1942.130617 1941.783018 1941.483046 1941.358261 1941.736208 1942.053454 1941.771390 1941.434431 1942.198092 1944.389300 1944.578259 1942.091304 1940.471123 1939.968119 1941.181179 1942.786414 1945.457874 1943.380421 1941.424750 1940.665762 
0.000366 0.000430 0.000358 0.000205 0.000087 0.000042 0.000029 0.000021 0.000017 0.000014 0.000011 0.000009 0.000007 0.000006 0.000006 0.000006 0.000006 0.000006 0.000005 0.000005 0.000005 0.000005 0.000006 0.000005 0.000005 0.000005 0.000006 0.000006 0.000007 
1979.197074 1979.250368 1979.464887 1979.965687 1978.495202 1975.789715 1974.653498 1975.842375 1977.024221 1977.528358 1977.870274 1978.176646 1978.305443 1977.998488 1978.174837 1979.542183 1980.977625 1981.885549 1982.065470 1981.118995 1979.988191 1980.058395 1980.445777 1980.110485 1979.915200 1980.666141 1981.163051 1980.258950 1978.863120 
0.000606 0.000642 0.000487 0.000264 0.000121 0.000064 0.000035 0.000024 0.000021 0.000017 0.000013 0.000011 0.000011 0.000011 0.000011 0.000011 0.000010 0.000009 0.000009 0.000009 0.000009 0.000009 0.000010 0.000012 0.000012 0.000011 0.000010 0.000009 0.000009 
2028.147864 2027.949833 2027.732234 2027.937931 2029.860824 2030.970227 2029.796151 2029.215678 2030.704806 2031.321143 2031.844686 2032.682912 2033.948916 2035.297085 2036.379383 2037.380599 2038.337995 2038.969691 2038.952316 2038.390403 2038.011416 2038.591506 2038.732613 2038.607700 2038.955479 2039.361053 2039.441189 2039.753170 2039.173922 
0.000509 0.000591 0.000526 0.000369 0.000204 0.000092 0.000040 0.000026 0.000022 0.000018 0.000014 0.000011 0.000010 0.000010 0.000009 0.000008 0.000006 0.000005 0.000005 0.000006 0.000006 0.000007 0.000007 0.000007 0.000006 0.000006 0.000006 0.000006 0.000006 
2077.756842 2079.567531 2080.873778 2080.714593 2078.456316 2074.144132 2075.208803 2081.482076 2082.752565 2082.299064 2082.210077 2082.238291 2082.226901 2083.541778 2085.269466 2085.291400 2083.649269 2083.228836 2084.754821 2084.447835 2082.710743 2081.542997 2080.354539 2079.705838 2080.592075 2081.227518 2081.439451 2083.322008 2087.765192 
0.000401 0.000418 0.000316 0.000173 0.000075 0.000038 0.000027 0.000025 0.000023 0.000020 0.000016 0.000013 0.000012 0.000011 0.000010 0.000010 0.000009 0.000008 0.000008 0.000009 0.000010 0.000010 0.000010 0.000010 0.000009 0.000009 0.000011 0.000011 0.000012 
2161.971198 2161.601965 2161.119358 2160.544419 2160.096630 2158.580568 2156.345546 2155.983720 2155.901583 2155.752639 2155.405400 2155.884041 2157.887081 2160.066432 2161.527916 2161.851688 2161.561843 2162.108051 2163.797119 2164.333637 2163.246746 2162.575739 2162.833594 2162.992400 2160.744694 2157.111776 2155.892528 2157.773903 2162.938416 
0.000149 0.000142 0.000099 0.000056 0.000037 0.000026 0.000018 0.000015 0.000014 0.000012 0.000010 0.000007 0.000006 0.000005 0.000005 0.000005 0.000004 0.000005 0.000006 0.000007 0.000007 0.000006 0.000005 0.000004 0.000004 0.000004 0.000005 0.000006 0.000007 
2217.664916 2217.689407 2217.400631 2216.375048 2215.729766 2216.319756 2216.879262 2218.091976 2218.695519 2218.780147 2218.893778 2219.180943 2219.363353 2219.345206 2219.429677 2219.718016 2219.957104 2219.982608 2220.291799 2220.814293 2221.621220 2222.736173 2223.390725 2223.553647 2223.707719 2222.721761 2221.225413 2219.799132 2218.132247 
0.000318 0.000360 0.000303 0.000193 0.000099 0.000045 0.000026 0.000022 0.000020 0.000018 0.000015 0.000012 0.000010 0.000009 0.000009 0.000010 0.000009 0.000008 0.000008 0.000008 0.000008 0.000006 0.000005 0.000005 0.000004 0.000004 0.000004 0.000005 0.000006 
2313.902874 2313.194568 2312.493918 2312.072261 2312.514513 2314.123118 2313.200236 2312.338452 2312.979665 2314.297129 2315.521329 2314.236481 2312.556299 2315.898653 2320.451768 2322.327103 2320.617617 2316.368821 2313.852576 2312.432186 2312.002633 2314.268709 2317.385105 2316.296247 2315.990472 2315.669915 2314.642061 2311.005427 2308.197532 
0.000576 0.000579 0.000413 0.000200 0.000066 0.000033 0.000026 0.000024 0.000022 0.000019 0.000016 0.000014 0.000013 0.000012 0.000010 0.000009 0.000007 0.000007 0.000006 0.000007 0.000008 0.000008 0.000008 0.000008 0.000008 0.000007 0.000007 0.000007 0.000008 
2487.693076 2487.674156 2487.568909 2487.057918 2483.538815 2477.781430 2476.627051 2476.230513 2475.495067 2475.063162 2476.011075 2478.447742 2480.359271 2479.980728 2477.357127 2475.177767 2475.070213 2475.744830 2475.007482 2474.943655 2478.578893 2481.001640 2478.028659 2472.986565 2470.860593 2470.998731 2473.746093 2479.037538 2480.742625 
0.000600 0.000588 0.000406 0.000185 0.000056 0.000025 0.000019 0.000017 0.000015 0.000013 0.000010 0.000009 0.000008 0.000007 0.000007 0.000007 0.000007 0.000007 0.000007 0.000006 0.000006 0.000005 0.000005 0.000005 0.000005 0.000005 0.000006 0.000006 0.000004 
2552.006981 2552.262514 2552.669068 2553.433649 2554.599511 2552.321355 2553.056192 2552.415551 2551.714717 2550.942965 2549.561691 2548.279893 2549.074851 2551.480278 2553.635430 2553.688027 2552.469067 2551.738696 2550.873099 2551.065065 2553.316658 2554.906870 2554.472854 2554.217941 2555.044186 2555.132488 2554.225702 2554.126583 2555.914248 
0.000699 0.000720 0.000544 0.000300 0.000123 0.000045 0.000027 0.000024 0.000022 0.000019 0.000016 0.000014 0.000012 0.000010 0.000010 0.000010 0.000010 0.000010 0.000010 0.000010 0.000009 0.000009 0.000008 0.000008 0.000007 0.000008 0.000008 0.000008 0.000008 
2626.086809 2627.894980 2630.336062 2633.607129 2636.667873 2632.995505 2629.118612 2628.103808 2627.997392 2627.497290 2626.309142 2624.896037 2624.034841 2624.818583 2627.195817 2628.575712 2628.243620 2628.700856 2632.201928 2636.184588 2635.341769 2629.971697 2623.782929 2623.551322 2631.135350 2636.900410 2635.772303 2631.162769 2629.487839 
0.000458 0.000501 0.000410 0.000246 0.000105 0.000038 0.000023 0.000020 0.000017 0.000015 0.000011 0.000009 0.000008 0.000008 0.000008 0.000008 0.000008 0.000008 0.000008 0.000008 0.000008 0.000008 0.000008 0.000007 0.000007 0.000006 0.000006 0.000006 0.000005 
2727.904211 2726.636015 2725.581705 2725.128096 2726.258840 2728.002109 2724.226783 2723.603229 2724.193958 2724.267112 2723.876831 2722.925578 2722.303237 2723.608189 2725.793996 2726.052740 2723.104157 2718.640339 2715.193525 2713.735791 2715.537128 2718.307117 2719.654167 2720.247352 2720.132443 2718.257726 2717.004155 2719.280966 2722.436192 
0.000548 0.000543 0.000391 0.000201 0.000077 0.000030 0.000020 0.000018 0.000018 0.000017 0.000016 0.000015 0.000014 0.000012 0.000012 0.000011 0.000009 0.000008 0.000007 0.000007 0.000008 0.000009 0.000009 0.000009 0.000009 0.000010 0.000010 0.000009 0.000008 
2778.645986 2778.736032 2777.884464 2775.160919 2769.266007 2769.548485 2773.032948 2773.352488 2772.585497 2771.735123 2770.560359 2769.231517 2768.690857 2768.679553 2768.577268 2768.636056 2769.353449 2771.182191 2773.110692 2770.918126 2767.441562 2765.569377 2765.530536 2766.855822 2768.699675 2770.193467 2770.536947 2769.364729 2767.376068 
0.000504 0.000487 0.000330 0.000146 0.000037 0.000018 0.000015 0.000014 0.000012 0.000010 0.000009 0.000009 0.000008 0.000007 0.000006 0.000005 0.000005 0.000006 0.000006 0.000005 0.000004 0.000003 0.000003 0.000003 0.000003 0.000003 0.000003 0.000003 0.000004 
2834.582154 2834.813254 2835.208232 2836.018791 2836.766095 2832.978619 2833.808752 2833.847387 2833.970523 2834.266613 2834.107436 2833.555961 2833.288670 2833.826040 2835.159963 2836.854095 2837.657643 2836.471437 2834.994721 2834.066779 2833.344015 2833.054281 2834.460712 2836.159743 2835.409964 2832.870767 2829.483226 2828.061401 2828.906130 
0.000508 0.000493 0.000342 0.000166 0.000066 0.000030 0.000018 0.000016 0.000015 0.000013 0.000011 0.000010 0.000009 0.000009 0.000008 0.000007 0.000007 0.000005 0.000004 0.000004 0.000004 0.000005 0.000006 0.000007 0.000006 0.000005 0.000004 0.000005 0.000006 
2880.944447 2880.810703 2880.791572 2881.317800 2882.490821 2883.221331 2882.696175 2882.343534 2882.315893 2882.960044 2882.795998 2882.162532 2882.899289 2883.534858 2884.238960 2886.863845 2889.468699 2890.183835 2888.249074 2887.584458 2887.593490 2883.129427 2878.998124 2878.490502 2879.873415 2882.683681 2884.995236 2885.085643 2885.887166 
0.000446 0.000456 0.000340 0.000182 0.000070 0.000029 0.000021 0.000019 0.000018 0.000015 0.000012 0.000010 0.000009 0.000009 0.000009 0.000008 0.000007 0.000007 0.000007 0.000006 0.000006 0.000006 0.000006 0.000007 0.000007 0.000007 0.000008 0.000009 0.000009 
2921.128707 2922.785629 2925.103844 2928.193973 2930.178311 2926.494803 2925.562187 2925.500223 2925.029772 2924.636758 2924.853164 2924.824103 2924.145785 2925.517492 2927.720542 2928.692758 2927.945475 2926.809899 2925.922534 2923.448155 2918.522982 2914.801743 2915.254345 2917.194748 2920.884689 2928.053934 2933.223371 2932.734046 2929.863150 
0.000226 0.000267 0.000241 0.000172 0.000099 0.000047 0.000020 0.000014 0.000013 0.000012 0.000010 0.000008 0.000007 0.000007 0.000007 0.000007 0.000006 0.000004 0.000002 0.000003 0.000003 0.000003 0.000003 0.000003 0.000003 0.000004 0.000004 0.000004 0.000004 
2976.796263 2975.841842 2974.034437 2972.385734 2972.117713 2974.341785 2975.586707 2975.723719 2975.856286 2975.892218 2975.878696 2976.853153 2978.015794 2976.950287 2975.227544 2973.970146 2972.818212 2972.753818 2976.395746 2978.601570 2977.784802 2977.892907 2978.468097 2979.835335 2980.949238 2981.184222 2980.666995 2980.431372 2981.041539 
0.000509 0.000569 0.000456 0.000254 0.000094 0.000037 0.000024 0.000022 0.000020 0.000018 0.000016 0.000013 0.000011 0.000010 0.000010 0.000009 0.000008 0.000008 0.000008 0.000007 0.000006 0.000005 0.000005 0.000005 0.000006 0.000006 0.000005 0.000005 0.000006 
3028.459547 3026.934676 3025.203472 3022.459382 3016.080368 3012.107167 3016.468285 3016.771818 3015.732032 3015.303581 3015.338240 3015.399461 3015.970004 3016.726741 3016.176549 3016.522974 3019.981226 3022.275760 3020.022040 3017.775084 3016.497684 3015.949319 3014.835203 3013.838868 3013.348309 3012.709518 3012.733400 3015.105670 3017.339305 
0.000538 0.000564 0.000425 0.000220 0.000073 0.000027 0.000020 0.000017 0.000016 0.000014 0.000013 0.000012 0.000010 0.000009 0.000008 0.000007 0.000006 0.000006 0.000006 0.000005 0.000004 0.000004 0.000004 0.000005 0.000006 0.000005 0.000004 0.000004 0.000004 
3078.099470 3077.980707 3078.232134 3079.178033 3081.441058 3081.523370 3082.963444 3084.233386 3083.863151 3083.071474 3082.264310 3082.978570 3085.335233 3086.532482 3085.483575 3084.838833 3084.738730 3083.222104 3082.145521 3083.442111 3085.890698 3086.487198 3085.544403 3084.353055 3082.752727 3081.657742 3082.559764 3085.725729 3087.605762 
0.000331 0.000338 0.000254 0.000141 0.000062 0.000030 0.000021 0.000018 0.000017 0.000014 0.000013 0.000011 0.000010 0.000010 0.000010 0.000009 0.000008 0.000007 0.000007 0.000008 0.000009 0.000008 0.000007 0.000007 0.000008 0.000008 0.000007 0.000006 0.000006 
3143.807078 3143.116730 3141.479286 3137.963420 3133.446776 3137.541536 3143.716555 3144.971203 3145.535818 3146.504756 3148.942797 3151.455136 3150.697674 3145.614270 3140.911505 3138.927778 3141.670241 3145.183541 3142.517620 3138.757615 3138.288819 3139.729353 3145.028788 3149.926836 3149.174971 3147.767400 3148.856439 3150.972414 3149.303649 
0.000420 0.000428 0.000314 0.000161 0.000061 0.000027 0.000017 0.000016 0.000014 0.000012 0.000010 0.000009 0.000009 0.000009 0.000009 0.000008 0.000007 0.000007 0.000007 0.000008 0.000009 0.000009 0.000008 0.000006 0.000006 0.000007 0.000007 0.000007 0.000007 
3246.128610 3245.846946 3245.393925 3244.990614 3246.695766 3247.545552 3242.205360 3240.047945 3240.060339 3240.937624 3241.216832 3240.297245 3241.862958 3243.884767 3243.147364 3241.078726 3240.939841 3242.445769 3242.639326 3242.554550 3243.087846 3244.103137 3245.285317 3246.309899 3246.480389 3246.214559 3246.324366 3247.106848 3247.106387 
0.000294 0.000280 0.000189 0.000087 0.000037 0.000022 0.000016 0.000013 0.000012 0.000011 0.000009 0.000007 0.000006 0.000006 0.000006 0.000005 0.000004 0.000003 0.000003 0.000003 0.000004 0.000004 0.000004 0.000004 0.000004 0.000004 0.000004 0.000004 0.000005 
3323.908391 3323.996000 3324.401293 3325.635961 3324.036672 3321.194108 3320.897470 3321.488740 3321.685576 3322.087112 3322.393107 3322.790374 3324.478619 3326.543941 3326.837787 3325.696575 3324.302770 3325.715486 3329.027182 3329.373461 3328.568827 3327.609986 3327.113182 3326.915798 3325.461202 3322.811175 3320.897714 3322.077171 3323.631108 
0.000533 0.000521 0.000365 0.000178 0.000063 0.000031 0.000022 0.000020 0.000018 0.000016 0.000014 0.000012 0.000011 0.000009 0.000007 0.000006 0.000005 0.000005 0.000006 0.000006 0.000007 0.000008 0.000009 0.000008 0.000007 0.000006 0.000005 0.000004 0.000005 
3374.708731 3375.662907 3377.061549 3379.418564 3381.891969 3377.191891 3372.008092 3370.010438 3370.820039 3372.187688 3372.918216 3373.113767 3373.304244 3373.095863 3371.547508 3370.758479 3373.582159 3372.031885 3367.819535 3366.615846 3366.736616 3365.131866 3365.257669 3369.665677 3376.255410 3378.922076 3373.711417 3366.855092 3368.282522 
0.000576 0.000598 0.000450 0.000239 0.000085 0.000033 0.000022 0.000019 0.000016 0.000014 0.000011 0.000010 0.000009 0.000009 0.000008 0.000007 0.000006 0.000006 0.000007 0.000008 0.000007 0.000007 0.000007 0.000007 0.000007 0.000007 0.000007 0.000007 0.000006 
3446.107712 3447.107063 3447.809994 3447.874704 3445.873216 3442.343507 3439.744032 3438.348842 3437.740313 3437.772553 3439.036448 3441.409955 3442.175761 3442.146926 3442.393103 3441.743819 3438.787813 3433.798619 3430.779948 3431.045492 3434.781746 3440.574826 3444.477305 3445.764079 3443.389295 3437.790151 3435.337079 3436.173888 3438.275492 
0.000171 0.000193 0.000157 0.000090 0.000035 0.000015 0.000011 0.000011 0.000010 0.000009 0.000008 0.000007 0.000006 0.000006 0.000007 0.000008 0.000008 0.000007 0.000006 0.000005 0.000004 0.000005 0.000006 0.000005 0.000005 0.000004 0.000004 0.000004 0.000004 
3503.990621 3504.778273 3505.774927 3507.255174 3509.312524 3507.552737 3506.089850 3505.456513 3504.786067 3504.645324 3504.627032 3504.938937 3506.958939 3508.712367 3507.119470 3505.323223 3504.846710 3505.065335 3504.681683 3502.264514 3500.651609 3502.845941 3505.721255 3508.051153 3508.818987 3507.389127 3505.569670 3504.987295 3504.386767 
0.000414 0.000430 0.000326 0.000175 0.000064 0.000023 0.000017 0.000016 0.000015 0.000015 0.000015 0.000014 0.000011 0.000009 0.000008 0.000007 0.000007 0.000008 0.000008 0.000009 0.000009 0.000008 0.000007 0.000007 0.000007 0.000007 0.000006 0.000006 0.000006 
3628.297278 3628.178923 3628.010518 3627.782733 3627.410303 3626.251332 3625.655196 3626.018470 3625.239545 3623.041116 3621.449644 3622.142984 3624.868210 3627.258394 3627.005017 3625.009692 3619.815448 3614.375428 3611.844966 3611.891306 3613.388865 3616.124765 3617.874695 3617.665683 3617.062231 3618.831537 3622.243355 3624.718574 3626.369453 
0.000311 0.000300 0.000211 0.000110 0.000046 0.000021 0.000015 0.000014 0.000012 0.000010 0.000009 0.000008 0.000008 0.000008 0.000008 0.000008 0.000006 0.000005 0.000004 0.000004 0.000004 0.000004 0.000005 0.000005 0.000006 0.000006 0.000007 0.000007 0.000007 
3678.624813 3679.043736 3679.715188 3680.709987 3681.462942 3678.902761 3676.196756 3676.545825 3677.203261 3678.105711 3679.089290 3678.983467 3677.929319 3677.353479 3677.000819 3676.513711 3676.512386 3678.628194 3681.840094 3682.739293 3683.733246 3685.009112 3681.852764 3677.356374 3675.431326 3676.993022 3679.901930 3680.079130 3677.186871 
0.000406 0.000398 0.000280 0.000138 0.000058 0.000030 0.000020 0.000018 0.000016 0.000014 0.000012 0.000010 0.000009 0.000008 0.000009 0.000008 0.000007 0.000005 0.000006 0.000006 0.000006 0.000006 0.000006 0.000007 0.000007 0.000008 0.000007 0.000006 0.000005 
3729.182513 3729.890585 3730.455435 3730.102157 3729.484277 3728.490349 3728.263758 3727.568412 3727.688610 3726.814944 3725.197189 3724.028384 3723.940709 3725.780493 3727.511882 3728.541885 3729.533771 3729.087157 3727.899076 3729.101092 3730.733160 3729.981100 3726.207781 3724.418675 3724.953063 3726.408756 3727.948016 3729.373486 3728.140154 
0.000361 0.000370 0.000274 0.000143 0.000056 0.000026 0.000020 0.000018 0.000016 0.000014 0.000011 0.000009 0.000008 0.000007 0.000008 0.000008 0.000007 0.000006 0.000006 0.000006 0.000005 0.000006 0.000006 0.000006 0.000006 0.000006 0.000007 0.000006 0.000005 
3796.505091 3798.151105 3800.593610 3804.559013 3808.184198 3802.549160 3798.102835 3797.613161 3797.592833 3796.930675 3796.744994 3797.722368 3798.930448 3799.255587 3798.976068 3798.602713 3796.924596 3794.101482 3794.520644 3798.343733 3800.658590 3800.046214 3799.327940 3799.475892 3797.847427 3794.370997 3790.563902 3788.946224 3791.836662 
0.000193 0.000216 0.000178 0.000105 0.000043 0.000018 0.000014 0.000013 0.000012 0.000010 0.000007 0.000006 0.000006 0.000006 0.000006 0.000006 0.000006 0.000006 0.000006 0.000006 0.000005 0.000005 0.000005 0.000005 0.000005 0.000006 0.000006 0.000005 0.000003 
3864.154493 3863.944377 3863.729621 3863.681581 3864.509806 3865.886397 3865.100741 3864.391158 3863.728351 3863.581759 3863.336672 3862.481657 3863.026957 3864.932966 3865.085120 3861.527528 3856.864752 3855.091972 3856.421291 3858.870428 3860.098345 3859.106936 3858.173403 3857.249318 3856.180189 3856.540578 3857.504717 3857.942363 3858.892384 
0.000100 0.000106 0.000081 0.000044 0.000017 0.000007 0.000007 0.000006 0.000006 0.000005 0.000004 0.000003 0.000002 0.000002 0.000003 0.000003 0.000003 0.000003 0.000004 0.000004 0.000003 0.000003 0.000003 0.000003 0.000003 0.000003 0.000003 0.000003 0.000003 
4103.415289 4103.427760 4103.479633 4103.601552 4103.865444 4104.077002 4103.778266 4103.466741 4103.307365 4103.285797 4103.479410 4103.361844 4102.311418 4101.724867 4102.705227 4102.674141 4101.430355 4101.441195 4102.959846 4104.334167 4105.223886 4104.941925 4102.901524 4102.127611 4102.203507 4101.936837 4100.891599 4100.221119 4101.156742 
0.000175 0.000178 0.000132 0.000072 0.000035 0.000019 0.000013 0.000011 0.000009 0.000008 0.000006 0.000006 0.000006 0.000006 0.000006 0.000005 0.000005 0.000004 0.000003 0.000003 0.000003 0.000004 0.000005 0.000005 0.000004 0.000005 0.000005 0.000006 0.000006 
4159.936655 4160.113824 4160.649769 4162.033029 4163.393692 4162.345298 4160.872708 4160.166267 4159.538071 4159.128181 4158.785848 4158.080985 4157.365211 4158.456933 4160.860698 4161.128928 4159.887117 4159.893124 4160.698233 4162.392361 4163.575472 4162.395538 4160.551358 4158.776153 4156.438053 4154.551245 4154.476710 4155.642439 4158.426580 
0.000237 0.000234 0.000167 0.000086 0.000035 0.000020 0.000015 0.000014 0.000012 0.000010 0.000009 0.000008 0.000007 0.000007 0.000006 0.000006 0.000004 0.000003 0.000003 0.000003 0.000005 0.000007 0.000008 0.000008 0.000006 0.000005 0.000005 0.000005 0.000004 
4215.225962 4214.707578 4214.043227 4213.817463 4216.016430 4218.334335 4215.220713 4214.607271 4215.483485 4216.558688 4218.880665 4221.458002 4221.781036 4218.543813 4214.625853 4213.929029 4217.001505 4219.820925 4219.008269 4217.685333 4216.708312 4215.206665 4214.956258 4215.065650 4214.030267 4213.136812 4215.329282 4216.853562 4214.997294 
0.000308 0.000300 0.000210 0.000104 0.000042 0.000022 0.000016 0.000016 0.000016 0.000015 0.000013 0.000010 0.000008 0.000008 0.000009 0.000009 0.000008 0.000007 0.000007 0.000006 0.000005 0.000004 0.000004 0.000005 0.000006 0.000006 0.000006 0.000006 0.000007 
4286.706744 4287.223627 4288.325436 4290.505512 4291.902293 4286.472017 4284.731289 4284.412094 4284.062195 4284.277178 4284.669901 4284.966353 4285.263448 4286.779622 4289.435032 4290.836930 4290.522286 4289.143803 4286.973240 4285.171245 4284.440327 4284.746434 4285.677792 4287.914498 4288.428933 4288.261310 4289.370071 4290.079609 4290.238608 
0.000224 0.000219 0.000156 0.000083 0.000040 0.000020 0.000013 0.000012 0.000013 0.000012 0.000009 0.000007 0.000007 0.000008 0.000009 0.000009 0.000008 0.000007 0.000007 0.000009 0.000009 0.000008 0.000006 0.000005 0.000005 0.000005 0.000005 0.000005 0.000005 
4351.777187 4352.182648 4352.764368 4353.669079 4354.005973 4351.996676 4349.901869 4350.759608 4351.292774 4349.704965 4347.950905 4348.328088 4351.401088 4353.725585 4353.261212 4350.804406 4348.747483 4348.665067 4347.947214 4347.265451 4347.576018 4347.998236 4346.971509 4346.377558 4347.240191 4348.447922 4349.769626 4352.712115 4354.980152 
0.000300 0.000299 0.000215 0.000108 0.000038 0.000017 0.000014 0.000014 0.000013 0.000012 0.000011 0.000009 0.000008 0.000008 0.000006 0.000005 0.000005 0.000005 0.000005 0.000005 0.000005 0.000006 0.000006 0.000005 0.000005 0.000004 0.000004 0.000005 0.000005 
4399.017201 4399.832608 4400.981763 4402.531203 4402.722549 4398.973721 4398.756244 4398.161963 4399.106163 4401.169415 4402.700803 4401.683793 4398.026235 4396.007208 4396.669794 4400.292293 4404.706077 4406.112219 4405.570297 4403.913520 4401.805333 4400.350912 4398.239688 4393.989172 4390.932834 4394.314880 4397.125244 4395.673037 4395.083402 
0.000242 0.000268 0.000220 0.000134 0.000059 0.000021 0.000013 0.000012 0.000012 0.000010 0.000008 0.000007 0.000006 0.000005 0.000006 0.000005 0.000005 0.000004 0.000004 0.000004 0.000005 0.000005 0.000005 0.000005 0.000005 0.000005 0.000004 0.000004 0.000005 
4589.834680 4589.886682 4589.937317 4589.893778 4589.426098 4589.259792 4591.028980 4591.483984 4590.685664 4590.303949 4590.305997 4590.556759 4590.284432 4589.888858 4591.061826 4593.450978 4596.450266 4597.797101 4594.143887 4588.256937 4585.180150 4584.264444 4584.373604 4584.165661 4583.177336 4582.662628 4587.282279 4591.060300 4588.136400 
0.000168 0.000170 0.000128 0.000071 0.000032 0.000015 0.000010 0.000009 0.000008 0.000007 0.000006 0.000006 0.000006 0.000006 0.000006 0.000006 0.000005 0.000004 0.000003 0.000003 0.000003 0.000003 0.000002 0.000002 0.000003 0.000003 0.000004 0.000004 0.000003 
4648.540134 4648.072457 4647.354329 4646.419610 4646.296230 4648.182668 4649.477829 4650.291682 4650.335073 4649.592974 4648.437100 4647.845500 4647.725623 4646.967830 4646.770183 4647.727389 4647.807142 4647.024393 4648.552045 4651.253343 4652.269964 4652.513110 4650.574884 4646.003203 4645.077018 4646.608045 4647.554021 4647.200410 4647.134958 
0.000348 0.000352 0.000261 0.000141 0.000057 0.000023 0.000016 0.000014 0.000013 0.000013 0.000012 0.000011 0.000009 0.000008 0.000007 0.000007 0.000006 0.000007 0.000008 0.000008 0.000006 0.000005 0.000006 0.000006 0.000006 0.000005 0.000006 0.000006 0.000006 
4711.457928 4710.656322 4709.379750 4707.013905 4703.335086 4705.495638 4710.700329 4710.586422 4711.560220 4713.114410 4712.354813 4710.456115 4710.163198 4711.099757 4710.007280 4707.352431 4706.086624 4708.275920 4712.097932 4715.144318 4716.363261 4715.757109 4714.848698 4714.255355 4711.076625 4705.952280 4708.114533 4714.927557 4720.841676 
0.000251 0.000237 0.000158 0.000073 0.000031 0.000019 0.000013 0.000012 0.000011 0.000010 0.000009 0.000009 0.000009 0.000008 0.000007 0.000006 0.000006 0.000007 0.000006 0.000005 0.000005 0.000005 0.000006 0.000007 0.000007 0.000006 0.000004 0.000004 0.000004 
4786.917372 4787.058265 4787.240275 4787.630283 4789.627404 4789.246924 4787.352462 4785.258912 4784.134997 4783.355859 4785.320855 4789.337595 4791.025197 4791.093622 4792.040570 4793.851806 4793.157810 4792.095929 4792.793080 4795.517168 4796.698315 4793.773005 4790.709185 4789.534946 4788.846850 4788.084793 4788.701810 4790.215695 4787.901550 
0.000456 0.000458 0.000337 0.000184 0.000082 0.000036 0.000020 0.000017 0.000015 0.000013 0.000010 0.000009 0.000009 0.000009 0.000009 0.000008 0.000008 0.000007 0.000007 0.000006 0.000006 0.000006 0.000006 0.000006 0.000006 0.000006 0.000006 0.000006 0.000006 
4853.675835 4853.767420 4854.018375 4854.155456 4855.307715 4855.642764 4855.632516 4856.219876 4857.532801 4857.365258 4855.131652 4851.541238 4850.866426 4853.407672 4855.762712 4856.312520 4854.516557 4853.151969 4855.050019 4858.251615 4858.700335 4857.116172 4858.146131 4861.304260 4861.905105 4860.590091 4858.946467 4854.256589 4845.284106 
0.000379 0.000383 0.000285 0.000153 0.000058 0.000022 0.000014 0.000013 0.000012 0.000010 0.000009 0.000008 0.000007 0.000007 0.000008 0.000008 0.000008 0.000007 0.000006 0.000005 0.000005 0.000005 0.000005 0.000005 0.000005 0.000006 0.000007 0.000007 0.000007 
4918.472967 4918.512420 4918.593564 4918.692703 4918.461019 4916.179295 4916.541102 4917.483002 4918.530196 4920.599413 4922.636128 4922.819494 4920.740872 4919.357137 4919.904191 4919.864173 4918.186185 4916.942494 4918.286824 4918.097585 4915.650205 4914.681478 4916.071134 4917.584443 4916.291841 4915.344362 4916.230733 4918.238663 4921.390169 
0.000404 0.000419 0.000320 0.000176 0.000069 0.000025 0.000017 0.000015 0.000013 0.000011 0.000009 0.000008 0.000009 0.000009 0.000009 0.000008 0.000007 0.000006 0.000006 0.000006 0.000006 0.000007 0.000006 0.000006 0.000006 0.000006 0.000006 0.000005 0.000006 
4979.414988 4979.752030 4980.117146 4980.465574 4980.338236 4980.021659 4980.164744 4979.346558 4980.243321 4981.949017 4983.015427 4982.704088 4981.537783 4981.192195 4982.299273 4984.196411 4985.891829 4986.355703 4984.568875 4981.556440 4979.522582 4978.617151 4978.714653 4979.381802 4979.381511 4978.260374 4976.455307 4977.672015 4982.829589 
0.000325 0.000348 0.000273 0.000152 0.000057 0.000023 0.000016 0.000014 0.000012 0.000010 0.000010 0.000009 0.000008 0.000007 0.000007 0.000008 0.000007 0.000006 0.000006 0.000006 0.000007 0.000007 0.000007 0.000008 0.000008 0.000008 0.000007 0.000007 0.000007 
5042.584138 5043.244515 5043.867002 5044.501914 5044.972094 5043.210185 5042.698843 5042.187759 5040.950409 5041.053167 5041.788940 5042.234375 5042.461699 5042.192399 5042.416677 5044.132231 5046.905274 5049.224593 5046.763142 5043.471073 5043.351931 5044.194495 5044.562579 5045.612053 5046.435819 5045.809470 5045.917806 5048.787000 5050.991378 
0.000104 0.000120 0.000102 0.000065 0.000031 0.000013 0.000008 0.000007 0.000007 0.000006 0.000005 0.000005 0.000004 0.000004 0.000003 0.000003 0.000002 0.000001 0.000002 0.000003 0.000004 0.000004 0.000003 0.000003 0.000003 0.000003 0.000003 0.000003 0.000003 
5103.409678 5103.284326 5103.044077 5102.607909 5101.954713 5102.341319 5103.675279 5102.731454 5102.177010 5102.401354 5103.741727 5104.866021 5105.433609 5105.322038 5104.419742 5103.587560 5103.792570 5105.098030 5103.428515 5102.703921 5102.529443 5102.528784 5102.890479 5103.089569 5102.195783 5101.812649 5102.740828 5103.289964 5103.102402 
0.000207 0.000227 0.000183 0.000104 0.000041 0.000019 0.000014 0.000014 0.000012 0.000010 0.000009 0.000008 0.000008 0.000008 0.000008 0.000007 0.000006 0.000005 0.000005 0.000004 0.000003 0.000003 0.000002 0.000003 0.000004 0.000006 0.000007 0.000007 0.000006 
5165.338075 5164.783042 5163.941390 5162.431345 5159.359881 5159.986073 5163.096225 5164.989903 5166.580725 5166.463985 5166.458220 5168.302914 5168.062245 5164.084562 5161.591627 5162.691070 5166.345285 5170.013138 5171.548586 5171.194005 5169.036935 5164.620411 5160.498666 5160.889936 5164.164405 5165.169907 5164.243193 5163.223392 5163.620244 
0.000283 0.000305 0.000243 0.000138 0.000052 0.000018 0.000014 0.000014 0.000014 0.000012 0.000009 0.000008 0.000008 0.000008 0.000008 0.000007 0.000007 0.000008 0.000007 0.000006 0.000006 0.000006 0.000005 0.000005 0.000005 0.000005 0.000005 0.000004 0.000004 
5227.347337 5226.483210 5225.384687 5223.977356 5222.523942 5224.995779 5226.902410 5226.368273 5224.946203 5222.617837 5218.979065 5218.516252 5224.064003 5230.147584 5231.356032 5231.242517 5233.346071 5234.973734 5234.098163 5231.129991 5230.533042 5232.761187 5234.230439 5233.179318 5229.847293 5226.926459 5226.377419 5227.211854 5227.611454 
0.000240 0.000249 0.000188 0.000100 0.000038 0.000019 0.000015 0.000014 0.000012 0.000010 0.000008 0.000007 0.000008 0.000009 0.000010 0.000010 0.000008 0.000007 0.000006 0.000005 0.000005 0.000004 0.000004 0.000004 0.000004 0.000004 0.000005 0.000004 0.000004 
5291.874036 5292.365576 5293.105948 5294.444267 5296.973124 5296.039389 5294.338840 5292.602700 5291.307312 5291.552094 5293.269903 5295.158852 5296.871151 5298.169998 5299.070852 5298.685506 5296.068432 5291.670820 5288.993711 5288.324482 5289.384381 5292.841185 5297.341461 5297.759870 5293.732601 5287.609271 5285.355090 5286.996653 5291.416002 
0.000197 0.000212 0.000169 0.000099 0.000043 0.000017 0.000011 0.000010 0.000009 0.000007 0.000006 0.000005 0.000004 0.000003 0.000003 0.000003 0.000003 0.000003 0.000004 0.000004 0.000005 0.000005 0.000005 0.000005 0.000005 0.000006 0.000005 0.000004 0.000003 
5354.351614 5354.265724 5354.194060 5354.366176 5355.664168 5358.328359 5357.426056 5355.554874 5354.021687 5352.694100 5352.280627 5352.765791 5353.038551 5353.115702 5354.154541 5355.434847 5354.999153 5353.129764 5351.282540 5350.276180 5350.469771 5351.084880 5352.029201 5353.539155 5354.342188 5353.840852 5352.112796 5349.297261 5347.898577 
0.000164 0.000167 0.000122 0.000062 0.000023 0.000012 0.000010 0.000009 0.000008 0.000007 0.000007 0.000006 0.000006 0.000005 0.000006 0.000006 0.000006 0.000005 0.000004 0.000005 0.000005 0.000005 0.000006 0.000005 0.000004 0.000004 0.000004 0.000004 0.000004 
5415.814387 5415.675759 5415.328229 5414.478692 5413.377025 5415.090982 5415.298269 5413.866481 5413.289206 5413.389617 5414.090952 5415.152905 5414.448969 5412.129312 5412.197461 5414.370989 5416.015836 5416.772089 5417.203947 5417.315548 5416.548848 5415.110334 5413.470565 5411.800700 5411.394024 5415.299931 5416.504673 5414.810205 5413.221211 
