30.000000 69.000000 0.015986
0.000896 0.002851 0.002493 0.002180 0.002038 0.001736 0.001502 0.001386 0.001288 0.001114 0.000896 0.000722 0.000636 0.000581 0.000496 0.000388 0.000294 0.000242 0.000255 0.000292 0.000302 0.000274 0.000227 0.000183 0.000149 0.000145 0.000178 0.000246 0.000301 0.000339 
45.114435 44.599344 44.337745 44.485994 44.205518 44.379107 44.274754 43.965354 44.393324 44.458668 45.035716 45.770139 46.194952 45.910195 45.502380 44.643773 43.934277 44.502080 48.449246 50.889236 51.437183 51.346917 50.978019 49.363396 46.028233 45.623960 48.737041 50.955495 50.758972 48.858859 
0.003878 0.004692 0.004508 0.003911 0.003344 0.002850 0.002468 0.002244 0.002102 0.001842 0.001457 0.001059 0.000841 0.000765 0.000698 0.000599 0.000486 0.000376 0.000304 0.000298 0.000305 0.000293 0.000261 0.000225 0.000202 0.000189 0.000173 0.000170 0.000213 0.000294 
90.460689 89.319685 86.795847 83.083929 81.401473 81.723639 81.961561 81.923030 82.215972 82.903754 83.060199 82.458789 80.891127 80.925140 81.691952 82.095841 81.636979 79.018118 74.257266 73.699553 75.203075 75.673772 76.112239 76.185017 74.347323 72.416304 72.260552 74.070948 80.258208 84.591896 
0.198678 0.733043 0.618892 0.522516 0.486431 0.416170 0.363154 0.331419 0.305262 0.259389 0.201248 0.153808 0.126289 0.112959 0.102423 0.085299 0.064106 0.045078 0.034823 0.031315 0.031814 0.031201 0.027873 0.022576 0.016941 0.013637 0.012454 0.012705 0.012476 0.010833 
143.781128 143.762222 143.876044 143.874709 143.566295 143.230292 143.517265 144.306114 145.240363 145.514172 145.083702 144.576133 144.781713 145.796641 146.930573 147.466310 147.379217 146.561818 146.229640 146.739943 147.941705 148.567922 148.543119 147.903864 146.602419 145.921129 146.143446 147.179989 147.880181 148.098386 
0.035878 0.068114 0.060631 0.053970 0.050851 0.040801 0.031790 0.028765 0.029967 0.030232 0.030373 0.030403 0.027622 0.022609 0.018006 0.014145 0.010693 0.008879 0.008384 0.008455 0.008329 0.008134 0.007589 0.006526 0.005418 0.004508 0.003678 0.003034 0.002656 0.002375 
180.409058 180.905808 181.157522 181.502824 182.053098 181.548730 180.154394 180.344838 181.634881 182.180532 182.735011 183.370735 183.154975 182.226465 181.783290 181.613539 180.687571 180.216089 180.712792 181.541304 181.893289 182.452671 182.816554 182.478716 181.979457 181.596078 181.043099 180.207745 179.600751 179.141531 
0.010822 0.049381 0.041598 0.035041 0.029518 0.024865 0.022451 0.018300 0.013302 0.010593 0.009942 0.011164 0.009571 0.006136 0.004587 0.004284 0.004271 0.003631 0.002771 0.001851 0.001599 0.001794 0.001864 0.001260 0.000868 0.000789 0.000884 0.000774 0.000687 0.000603 
196.921475 198.746550 201.390726 201.400999 199.106985 197.898110 197.573214 197.971951 199.672361 200.641349 200.038902 197.976220 198.031503 200.122286 200.395415 199.014398 197.937156 198.114854 198.590778 200.309294 200.371497 198.595360 197.405801 198.895300 200.573302 200.290160 198.211549 198.476112 198.623031 198.375371 
0.029774 0.061531 0.050593 0.048600 0.041485 0.034320 0.026681 0.021103 0.017812 0.016037 0.012797 0.009301 0.006774 0.005207 0.003765 0.003034 0.002470 0.002208 0.001803 0.001456 0.001134 0.000868 0.000618 0.000461 0.000380 0.000325 0.000253 0.000206 0.000208 0.000280 
227.583932 227.011779 225.900720 225.717709 226.888052 227.916678 227.291151 227.364283 227.953999 229.170569 229.229871 228.208485 227.396586 226.724902 226.714678 226.667779 227.764174 227.835788 228.302125 228.318373 228.505537 226.516923 225.328847 226.595756 226.365812 222.951248 223.474314 226.649084 226.697885 220.498552 
0.012015 0.015829 0.015105 0.012889 0.011901 0.011931 0.008904 0.006394 0.006785 0.007050 0.005686 0.003705 0.002674 0.002250 0.001624 0.001003 0.000711 0.000490 0.000239 0.000218 0.000252 0.000305 0.000235 0.000155 0.000107 0.000055 0.000039 0.000048 0.000100 0.000163 
242.050281 242.791171 244.683237 246.377487 246.163686 244.046652 243.295865 243.238789 242.735905 242.836706 243.792836 245.667738 246.058537 244.787227 244.369358 244.027539 241.813208 241.349611 244.652229 246.241331 245.194612 243.822345 244.865121 245.833397 244.641345 243.663513 243.409553 245.117354 244.016984 243.369374 
0.020731 0.076653 0.057410 0.042997 0.034492 0.021353 0.013091 0.010318 0.009686 0.008080 0.005923 0.003346 0.001754 0.001221 0.000934 0.000528 0.000477 0.000478 0.000421 0.000300 0.000202 0.000157 0.000145 0.000106 0.000071 0.000063 0.000068 0.000060 0.000070 0.000117 
266.769355 266.083604 264.885843 263.838841 262.829557 261.664032 262.984208 265.191606 266.862980 266.632378 265.868577 266.793845 266.194840 262.278584 260.883687 263.401093 266.053717 266.031265 265.409588 266.163442 267.055976 263.866920 260.166098 260.844413 263.966948 263.639711 262.149048 262.511058 263.018277 263.501070 
0.012717 0.010415 0.009719 0.010329 0.011761 0.010964 0.009434 0.006613 0.003310 0.002201 0.002092 0.002347 0.001968 0.001352 0.000928 0.000701 0.000572 0.000462 0.000352 0.000278 0.000234 0.000190 0.000139 0.000099 0.000071 0.000051 0.000041 0.000040 0.000043 0.000054 
284.777292 287.123429 287.210801 285.398064 282.449284 281.824312 282.637251 283.544681 285.092511 285.545885 285.564737 284.350515 284.756827 285.530302 285.322950 284.186847 283.534514 284.023279 285.183033 285.576195 284.863532 283.927743 283.455055 283.672645 284.333183 284.060905 282.415934 281.660683 280.989904 281.306559 
0.021552 0.027316 0.026487 0.019938 0.012962 0.009524 0.008084 0.005778 0.002900 0.001905 0.001599 0.001512 0.001231 0.000929 0.000569 0.000248 0.000164 0.000171 0.000168 0.000140 0.000118 0.000094 0.000066 0.000055 0.000064 0.000065 0.000054 0.000051 0.000055 0.000066 
295.314094 295.478871 295.726931 296.441129 297.623319 297.561287 296.090205 295.593803 297.740421 297.610121 295.426969 292.659707 292.137052 292.913176 294.662705 297.592578 297.218321 294.018058 292.062192 291.569971 292.221490 293.996917 296.771686 297.854922 296.077707 296.119395 297.464033 297.805190 297.806497 297.102574 
0.037115 0.070625 0.050367 0.037705 0.020934 0.010135 0.006109 0.004445 0.003207 0.002239 0.001611 0.001030 0.000561 0.000339 0.000288 0.000257 0.000224 0.000226 0.000240 0.000204 0.000156 0.000124 0.000093 0.000059 0.000040 0.000033 0.000034 0.000040 0.000063 0.000105 
334.758367 334.852539 335.040210 335.348463 336.016323 337.615580 338.220124 337.577205 337.052844 336.195391 333.952603 333.713075 337.500206 340.625802 338.680658 338.060381 338.587543 337.844258 336.734525 336.970594 337.771452 338.213885 337.338518 336.882913 337.874987 338.750333 341.949987 341.720887 336.525917 336.407725 
0.002291 0.006390 0.004851 0.003682 0.003200 0.002035 0.000923 0.000454 0.000401 0.000344 0.000268 0.000204 0.000174 0.000158 0.000136 0.000111 0.000084 0.000059 0.000045 0.000043 0.000046 0.000045 0.000038 0.000031 0.000025 0.000021 0.000024 0.000029 0.000042 0.000069 
375.013834 374.684323 375.173793 376.592025 377.848962 379.182027 381.154114 379.699849 377.562926 378.231363 378.754578 379.224486 379.134250 378.898267 378.969133 379.173128 379.084689 378.741816 378.660704 378.687283 378.344266 378.231073 378.345615 378.262983 378.101128 378.014150 377.278220 378.006567 378.836086 378.114083 
0.000867 0.003799 0.002933 0.002264 0.002262 0.001652 0.000942 0.000524 0.000348 0.000266 0.000209 0.000168 0.000140 0.000121 0.000104 0.000085 0.000064 0.000046 0.000036 0.000034 0.000034 0.000033 0.000030 0.000025 0.000019 0.000015 0.000013 0.000012 0.000018 0.000039 
391.906590 393.408532 393.290543 392.197577 391.473774 390.923840 390.612273 391.350372 392.378651 392.625730 392.538832 392.432609 392.319996 392.403443 392.609136 392.756182 392.810115 392.631990 392.086517 391.694370 391.708947 391.879689 391.983846 391.863009 391.431568 391.022364 391.450239 393.712064 393.745666 391.985454 
0.002214 0.009368 0.007065 0.005328 0.004250 0.002651 0.001544 0.001040 0.000669 0.000424 0.000321 0.000266 0.000219 0.000187 0.000168 0.000144 0.000108 0.000077 0.000058 0.000054 0.000055 0.000053 0.000046 0.000037 0.000030 0.000028 0.000027 0.000030 0.000048 0.000081 
416.715185 415.016790 413.258004 412.349911 412.420341 414.350814 417.986082 418.688880 415.594208 410.596071 411.306161 414.297140 413.786527 411.414017 411.159298 411.866857 412.096838 411.961628 411.384079 411.499132 411.963656 411.789981 411.452824 411.391255 411.826494 412.626710 412.815196 412.736247 411.878435 411.608537 
0.005872 0.014086 0.010535 0.009615 0.007014 0.004602 0.003344 0.002641 0.001899 0.001070 0.000465 0.000324 0.000304 0.000340 0.000340 0.000279 0.000186 0.000101 0.000078 0.000085 0.000100 0.000097 0.000078 0.000054 0.000032 0.000024 0.000024 0.000033 0.000052 0.000078 
461.424852 461.150506 460.429954 459.069593 456.686953 453.783401 452.303810 451.713380 450.317987 449.060788 451.265545 454.504001 454.955796 451.001276 447.735084 446.507225 446.868145 449.189100 450.664413 449.195822 448.047446 448.101359 448.533864 449.633035 452.459486 454.383344 453.310728 450.361817 450.723634 451.908455 
0.002158 0.005093 0.003919 0.003387 0.002247 0.001361 0.000777 0.000437 0.000279 0.000237 0.000191 0.000159 0.000133 0.000119 0.000117 0.000106 0.000080 0.000059 0.000051 0.000059 0.000066 0.000068 0.000062 0.000047 0.000030 0.000020 0.000018 0.000023 0.000034 0.000049 
481.488052 482.293777 483.082104 484.264251 486.512495 487.997841 487.051962 484.064206 484.993531 486.869743 487.121608 486.095067 485.442416 485.344284 485.250420 485.592157 486.514161 486.201408 484.629804 482.447594 482.287303 482.991756 483.513718 483.488100 483.220769 484.132558 485.069068 485.738277 486.753239 487.011987 
0.003044 0.003541 0.003148 0.002398 0.001704 0.001125 0.000667 0.000507 0.000422 0.000330 0.000254 0.000197 0.000162 0.000143 0.000124 0.000101 0.000077 0.000056 0.000043 0.000040 0.000040 0.000039 0.000035 0.000029 0.000023 0.000018 0.000017 0.000018 0.000030 0.000052 
516.740516 515.924644 515.006357 514.149654 513.558181 513.271138 512.665657 511.615745 512.217030 513.402095 513.779881 514.076456 514.646135 514.840201 514.581678 514.251334 513.997309 513.813307 513.846969 513.963012 513.912874 513.638326 512.969597 512.075732 511.532672 511.740789 512.325137 511.778690 510.733787 511.047991 
0.006382 0.011391 0.008327 0.007170 0.004886 0.002587 0.001208 0.000655 0.000439 0.000339 0.000256 0.000191 0.000160 0.000146 0.000128 0.000104 0.000078 0.000055 0.000043 0.000040 0.000042 0.000041 0.000038 0.000032 0.000025 0.000020 0.000020 0.000023 0.000036 0.000058 
543.636764 545.227203 548.347165 551.583439 553.774436 554.674841 554.038081 550.853194 546.948307 544.706378 544.736920 545.278413 544.942952 544.912048 545.458772 545.811010 545.845699 545.841767 545.285947 544.579525 544.985901 545.668918 545.924757 545.844664 545.904835 546.868920 547.955287 548.342120 548.459693 547.782266 
0.013038 0.035939 0.024819 0.022289 0.015016 0.007645 0.003315 0.001483 0.000727 0.000398 0.000237 0.000162 0.000132 0.000120 0.000109 0.000097 0.000083 0.000066 0.000051 0.000044 0.000046 0.000048 0.000044 0.000036 0.000032 0.000032 0.000033 0.000037 0.000049 0.000070 
585.492962 587.100919 588.265756 589.093887 589.705496 590.050396 589.817931 589.419292 589.105210 587.618854 585.891422 585.682913 586.074562 586.289796 586.545251 587.246897 588.360719 589.451657 590.459592 591.046957 591.045982 591.131257 591.710678 593.102693 594.826400 595.761823 596.439900 596.557167 594.452763 591.164465 
0.041500 0.092376 0.063004 0.051548 0.032537 0.016121 0.006762 0.002719 0.001099 0.000513 0.000341 0.000310 0.000288 0.000229 0.000190 0.000176 0.000161 0.000138 0.000109 0.000079 0.000063 0.000065 0.000072 0.000069 0.000057 0.000045 0.000035 0.000029 0.000034 0.000052 
634.564806 633.645412 632.984975 632.566099 632.351743 632.009872 631.199083 631.045918 632.524080 634.439926 635.577427 636.828731 636.677957 637.051233 638.727546 639.206193 637.095651 635.303453 635.116535 636.362483 637.306373 637.050286 635.565594 633.706767 632.316131 631.705397 631.918620 633.005861 634.753426 634.998686 
0.014291 0.026242 0.018518 0.015043 0.009799 0.005261 0.002527 0.001210 0.000631 0.000381 0.000236 0.000171 0.000147 0.000128 0.000115 0.000105 0.000089 0.000070 0.000053 0.000039 0.000032 0.000032 0.000031 0.000028 0.000026 0.000023 0.000020 0.000019 0.000027 0.000046 
679.355186 680.821137 682.270762 682.781385 681.960347 680.084559 679.816076 680.529682 680.674644 680.657429 681.861277 682.342293 680.580657 680.657932 682.256804 683.486022 683.997029 683.527099 681.402602 680.020320 682.081914 683.698024 683.947713 683.901565 683.525767 682.625989 681.604926 681.715397 681.576238 681.542792 
0.011432 0.023957 0.017108 0.013770 0.008428 0.004172 0.001814 0.000752 0.000455 0.000359 0.000343 0.000316 0.000268 0.000207 0.000153 0.000117 0.000093 0.000078 0.000065 0.000053 0.000046 0.000044 0.000041 0.000038 0.000036 0.000037 0.000038 0.000039 0.000043 0.000056 
728.871077 729.413767 729.570150 730.078094 731.339046 732.596737 732.868913 733.616469 732.193343 730.828649 730.731982 731.146013 731.618174 731.314690 730.348809 730.050983 730.600649 731.219152 731.494451 731.230568 730.279674 728.786761 727.554689 726.736532 725.913202 725.128127 724.312296 723.746193 725.938718 729.861888 
0.000528 0.001559 0.001244 0.000992 0.000792 0.000632 0.000472 0.000252 0.000145 0.000113 0.000087 0.000066 0.000060 0.000058 0.000050 0.000039 0.000028 0.000020 0.000019 0.000018 0.000017 0.000015 0.000013 0.000010 0.000008 0.000007 0.000007 0.000008 0.000012 0.000020 
764.162751 763.806881 766.158330 768.500315 768.383976 766.976550 766.634731 766.716424 766.658305 765.834284 765.023138 764.603031 764.884842 765.249308 765.231917 764.772085 764.381301 764.347206 765.815639 766.468467 766.282276 765.818584 765.377461 765.102270 765.248819 765.811467 766.178338 765.513539 764.719949 765.074222 
0.014452 0.019179 0.018999 0.014482 0.008927 0.004738 0.002334 0.001016 0.000414 0.000247 0.000184 0.000140 0.000115 0.000102 0.000093 0.000081 0.000066 0.000051 0.000043 0.000040 0.000037 0.000034 0.000029 0.000025 0.000020 0.000017 0.000016 0.000018 0.000028 0.000044 
802.680127 801.688657 800.367131 798.921130 798.585621 799.439520 800.028125 798.248513 796.202022 793.108045 790.931810 789.628069 789.471986 789.495068 789.543136 789.672264 789.663167 788.712560 786.579332 785.569692 786.666504 788.979212 791.482007 793.533884 794.908073 795.183721 794.266264 793.955748 794.465613 794.298059 
0.006566 0.007888 0.007314 0.005366 0.003285 0.001810 0.000966 0.000484 0.000269 0.000185 0.000134 0.000101 0.000086 0.000080 0.000071 0.000057 0.000043 0.000031 0.000026 0.000026 0.000026 0.000023 0.000020 0.000018 0.000016 0.000015 0.000014 0.000016 0.000025 0.000039 
879.552278 879.930111 880.962495 882.508696 883.432439 883.108145 881.897433 881.134056 882.068416 883.328795 883.344970 882.980206 883.022594 883.182290 883.197490 883.101146 883.146954 883.829071 884.895664 884.963432 884.592961 883.923173 883.054023 883.684354 886.568419 889.689798 891.472546 890.629583 886.671292 884.788630 
0.005724 0.007121 0.006852 0.005048 0.002748 0.001235 0.000634 0.000398 0.000260 0.000192 0.000150 0.000117 0.000094 0.000081 0.000073 0.000062 0.000049 0.000036 0.000028 0.000026 0.000026 0.000025 0.000023 0.000021 0.000018 0.000016 0.000014 0.000014 0.000019 0.000032 
924.196792 924.850677 925.215011 925.305396 925.267121 925.435738 924.702786 925.152571 922.871100 920.470446 919.871274 919.618014 919.139185 918.912459 919.132616 919.350906 919.169619 918.652976 918.994621 920.176689 919.737819 918.109152 916.866015 916.171943 915.029390 913.580227 913.492498 916.071349 920.132631 920.088195 
0.010756 0.013369 0.012605 0.008991 0.004694 0.001857 0.000801 0.000437 0.000237 0.000172 0.000137 0.000111 0.000093 0.000080 0.000069 0.000058 0.000045 0.000033 0.000028 0.000029 0.000032 0.000031 0.000028 0.000025 0.000023 0.000022 0.000020 0.000020 0.000024 0.000034 
970.352837 969.749179 968.751734 967.537099 966.540528 968.853193 972.634526 972.788679 967.457737 965.623989 966.248879 966.945531 966.699160 965.931219 965.841365 965.860382 965.625528 965.472299 965.759981 965.874025 965.042437 963.861438 962.888437 962.382247 962.187306 962.189910 962.396712 963.193221 966.438506 968.440319 
0.012667 0.015054 0.013480 0.009246 0.004801 0.001787 0.000477 0.000210 0.000169 0.000141 0.000112 0.000087 0.000073 0.000065 0.000058 0.000050 0.000040 0.000028 0.000020 0.000019 0.000020 0.000019 0.000017 0.000014 0.000012 0.000010 0.000010 0.000012 0.000018 0.000028 
1015.400416 1014.470657 1013.473179 1012.698253 1012.531657 1013.883922 1015.441695 1015.864184 1016.463646 1017.504434 1017.611492 1017.572250 1017.424738 1017.400753 1017.444224 1017.574833 1017.858628 1018.052852 1017.727998 1017.390689 1017.615188 1017.793381 1017.694783 1017.836645 1018.646258 1018.833641 1016.925266 1015.919103 1016.907484 1017.493522 
0.009879 0.010909 0.008823 0.005221 0.002230 0.000766 0.000333 0.000232 0.000195 0.000160 0.000123 0.000094 0.000078 0.000071 0.000065 0.000056 0.000045 0.000033 0.000025 0.000024 0.000025 0.000026 0.000025 0.000022 0.000020 0.000020 0.000021 0.000023 0.000028 0.000040 
1056.743466 1056.077469 1055.284125 1054.434869 1053.314162 1053.210183 1056.186432 1058.999630 1059.723976 1060.288901 1060.407612 1060.349947 1060.589734 1060.984184 1061.487987 1062.269995 1063.288262 1064.268616 1064.924178 1065.109960 1065.344687 1066.111044 1067.095420 1068.356807 1070.525357 1072.383549 1072.757726 1072.394445 1069.471108 1065.337887 
0.006999 0.007847 0.006561 0.004210 0.002135 0.001020 0.000508 0.000317 0.000229 0.000173 0.000129 0.000097 0.000079 0.000071 0.000065 0.000056 0.000044 0.000034 0.000028 0.000027 0.000027 0.000027 0.000025 0.000023 0.000021 0.000021 0.000022 0.000021 0.000023 0.000033 
1099.779161 1100.200454 1100.652033 1100.386673 1098.791601 1096.972189 1097.772202 1099.378638 1100.736450 1103.124494 1104.537129 1105.060369 1105.335521 1105.245868 1104.713090 1103.928792 1102.843753 1101.175746 1099.453674 1098.773795 1098.373230 1097.639202 1096.704393 1095.470435 1093.965195 1093.328213 1094.080836 1096.326573 1101.016098 1103.895954 
0.002015 0.001958 0.001380 0.000813 0.000492 0.000297 0.000170 0.000141 0.000128 0.000108 0.000084 0.000063 0.000051 0.000047 0.000042 0.000035 0.000027 0.000019 0.000015 0.000014 0.000014 0.000014 0.000013 0.000011 0.000008 0.000007 0.000007 0.000008 0.000013 0.000021 
1141.631212 1142.095455 1142.190886 1141.002950 1139.909090 1141.303312 1141.780813 1141.209548 1141.199124 1141.174219 1141.177607 1141.198628 1141.195455 1141.151982 1141.126411 1141.185383 1141.408864 1141.619841 1141.353543 1141.174561 1141.302902 1141.114169 1140.832946 1140.875733 1141.221979 1141.348338 1141.179355 1140.784860 1140.049619 1140.028943 
0.002025 0.002128 0.001663 0.001073 0.000679 0.000425 0.000227 0.000144 0.000123 0.000103 0.000079 0.000060 0.000049 0.000045 0.000041 0.000034 0.000026 0.000019 0.000015 0.000014 0.000015 0.000014 0.000012 0.000010 0.000008 0.000008 0.000008 0.000009 0.000010 0.000015 
1163.963662 1163.936516 1164.017393 1164.477113 1165.080352 1165.228753 1165.440358 1165.090416 1164.232588 1163.848728 1163.584687 1163.381370 1163.285382 1163.206567 1163.062396 1162.875837 1162.697890 1162.681575 1163.116919 1163.799870 1164.102162 1164.070980 1164.000096 1163.968855 1163.446046 1162.248981 1161.493668 1161.794141 1163.495453 1164.247724 
0.002411 0.002594 0.002068 0.001378 0.000849 0.000491 0.000232 0.000166 0.000144 0.000119 0.000093 0.000071 0.000059 0.000055 0.000050 0.000042 0.000033 0.000025 0.000021 0.000021 0.000021 0.000020 0.000019 0.000017 0.000017 0.000017 0.000017 0.000016 0.000016 0.000020 
1189.918708 1190.286779 1190.588143 1190.516869 1190.509077 1191.024890 1191.346671 1190.479415 1190.183087 1189.763862 1189.604277 1189.644959 1189.918115 1190.275554 1190.551403 1190.866679 1191.491883 1192.752018 1194.089917 1194.108833 1193.578034 1193.605008 1194.490296 1195.861722 1197.153925 1198.089245 1198.508104 1198.660413 1196.890003 1193.100444 
0.001734 0.002043 0.001885 0.001488 0.001060 0.000688 0.000390 0.000218 0.000140 0.000104 0.000079 0.000060 0.000049 0.000045 0.000040 0.000034 0.000026 0.000019 0.000016 0.000015 0.000015 0.000014 0.000014 0.000013 0.000012 0.000012 0.000013 0.000013 0.000018 0.000027 
1214.183908 1214.822294 1216.036495 1217.070120 1217.318708 1217.023422 1217.669917 1217.457450 1216.426551 1216.579102 1216.517471 1216.479827 1216.399152 1216.247146 1216.153373 1216.130733 1216.294645 1216.753902 1216.766946 1216.181049 1216.308088 1216.610642 1216.249267 1216.636711 1218.035079 1217.514166 1215.557727 1213.321501 1212.798514 1213.842828 
0.000512 0.000800 0.000637 0.000603 0.000499 0.000351 0.000219 0.000140 0.000106 0.000085 0.000066 0.000050 0.000041 0.000037 0.000034 0.000029 0.000022 0.000017 0.000014 0.000013 0.000012 0.000011 0.000009 0.000008 0.000007 0.000007 0.000006 0.000008 0.000012 0.000018 
1244.306988 1244.919243 1245.398225 1245.537463 1245.499884 1245.183966 1244.289308 1243.930630 1244.882091 1245.421416 1245.668976 1245.794176 1245.685113 1245.561616 1245.702015 1246.042713 1246.203832 1245.545232 1244.511373 1244.310297 1244.546206 1244.905997 1245.121341 1245.120513 1245.385313 1246.155073 1246.938993 1246.718357 1245.944236 1245.507287 
0.001491 0.001773 0.001630 0.001209 0.000757 0.000431 0.000249 0.000168 0.000131 0.000108 0.000083 0.000063 0.000052 0.000047 0.000042 0.000036 0.000028 0.000021 0.000016 0.000015 0.000015 0.000015 0.000014 0.000012 0.000010 0.000009 0.000009 0.000009 0.000013 0.000020 
1286.714850 1285.734818 1284.593382 1283.943667 1284.566949 1285.666923 1285.468055 1285.073849 1284.834007 1284.445896 1284.101053 1283.799471 1283.650325 1283.685178 1283.688626 1283.479338 1283.032543 1282.811359 1283.376877 1284.040044 1284.273273 1284.360140 1284.221888 1283.604887 1282.481348 1281.550386 1281.919098 1283.529186 1283.722612 1283.241435 
0.003364 0.004125 0.003707 0.002460 0.001220 0.000590 0.000326 0.000218 0.000187 0.000161 0.000128 0.000098 0.000079 0.000072 0.000066 0.000058 0.000048 0.000038 0.000031 0.000027 0.000027 0.000028 0.000028 0.000028 0.000027 0.000026 0.000025 0.000026 0.000029 0.000035 
1327.215322 1328.346576 1329.153662 1328.986060 1325.959841 1318.623697 1321.278175 1329.848247 1331.917784 1331.148703 1330.642563 1330.788286 1331.271677 1331.415780 1331.193414 1330.510917 1329.347925 1328.060362 1327.220713 1327.377332 1327.627616 1327.351752 1326.597890 1325.135147 1323.622153 1322.890570 1322.740207 1322.644096 1322.541676 1323.593620 
0.000725 0.000909 0.000831 0.000566 0.000308 0.000171 0.000126 0.000110 0.000100 0.000085 0.000067 0.000051 0.000042 0.000038 0.000035 0.000030 0.000024 0.000018 0.000015 0.000015 0.000017 0.000016 0.000014 0.000011 0.000009 0.000007 0.000007 0.000008 0.000009 0.000012 
1392.098452 1391.648618 1390.857679 1389.453149 1388.012337 1389.312607 1390.954767 1390.479198 1390.148337 1389.865988 1389.561711 1389.299583 1389.126404 1388.942343 1388.664789 1388.362386 1388.089891 1387.775309 1387.469811 1387.660635 1387.968398 1387.863897 1387.459215 1387.355485 1387.783987 1388.474893 1389.211677 1390.504912 1393.433394 1393.958013 
0.001672 0.001877 0.001572 0.001062 0.000679 0.000439 0.000252 0.000161 0.000130 0.000107 0.000082 0.000061 0.000050 0.000046 0.000042 0.000036 0.000029 0.000023 0.000020 0.000019 0.000019 0.000019 0.000017 0.000016 0.000015 0.000015 0.000014 0.000013 0.000016 0.000024 
1437.057081 1436.777528 1437.237448 1439.705770 1443.567668 1445.483907 1444.878908 1441.417254 1438.880144 1438.019260 1437.623452 1437.307957 1437.068973 1436.938909 1437.014883 1437.480391 1438.160476 1438.426932 1438.291859 1438.207472 1437.983748 1438.149085 1438.703051 1439.032217 1439.725437 1440.734640 1441.256243 1441.748430 1441.344443 1440.684011 
0.000970 0.001108 0.001053 0.000854 0.000573 0.000306 0.000168 0.000133 0.000114 0.000093 0.000071 0.000054 0.000044 0.000039 0.000035 0.000029 0.000023 0.000017 0.000014 0.000013 0.000012 0.000012 0.000011 0.000010 0.000010 0.000009 0.000010 0.000012 0.000016 0.000022 
1513.767347 1514.369663 1515.370015 1515.954734 1514.808933 1511.275865 1508.560136 1511.025115 1512.716185 1513.821122 1514.516643 1514.960991 1515.157135 1515.152607 1515.164716 1515.289421 1515.412355 1515.157206 1514.249326 1513.238310 1512.836515 1513.018911 1513.575887 1513.868338 1512.913197 1510.897469 1509.873891 1509.809707 1510.874201 1512.247874 
0.000915 0.001091 0.001060 0.000845 0.000538 0.000267 0.000122 0.000080 0.000070 0.000059 0.000045 0.000033 0.000027 0.000025 0.000023 0.000019 0.000015 0.000010 0.000008 0.000008 0.000008 0.000008 0.000007 0.000006 0.000005 0.000004 0.000004 0.000004 0.000008 0.000014 
1541.627130 1541.902012 1541.544158 1540.641464 1539.624008 1539.053437 1539.568214 1539.867965 1539.705278 1539.653435 1539.620743 1539.599191 1539.626696 1539.697383 1539.740305 1539.787044 1539.868527 1539.992815 1540.197480 1540.275440 1540.054436 1539.718260 1539.470285 1539.312002 1538.952331 1538.404308 1538.786792 1541.837131 1542.200865 1540.944644 
0.002303 0.002489 0.001968 0.001173 0.000604 0.000347 0.000209 0.000157 0.000139 0.000118 0.000093 0.000072 0.000060 0.000055 0.000050 0.000042 0.000033 0.000026 0.000022 0.000021 0.000021 0.000020 0.000019 0.000018 0.000016 0.000016 0.000017 0.000018 0.000019 0.000024 
1576.640132 1575.586571 1575.097639 1576.379131 1580.387332 1582.225818 1582.579407 1583.274445 1583.484448 1583.267678 1582.601447 1581.696242 1581.067555 1580.922532 1580.717564 1580.095393 1578.853545 1577.169712 1575.954306 1575.119720 1574.309333 1573.551106 1572.420571 1570.721308 1568.809928 1567.567746 1567.045431 1568.067357 1575.670911 1584.511516 
0.001320 0.001393 0.001088 0.000633 0.000290 0.000150 0.000110 0.000098 0.000089 0.000075 0.000058 0.000044 0.000036 0.000033 0.000030 0.000025 0.000020 0.000015 0.000013 0.000013 0.000013 0.000012 0.000010 0.000008 0.000006 0.000005 0.000005 0.000006 0.000009 0.000014 
1629.457686 1630.153457 1630.406733 1629.469487 1626.041647 1624.646553 1626.050210 1625.992153 1625.773770 1625.713668 1625.707701 1625.713950 1625.720177 1625.803268 1626.030914 1626.330911 1626.346687 1625.510015 1624.741183 1625.352523 1626.197277 1626.520171 1626.382624 1626.095733 1626.504777 1626.887648 1624.809622 1624.647018 1627.488464 1627.743760 
0.002289 0.002450 0.001897 0.001109 0.000544 0.000307 0.000162 0.000114 0.000100 0.000083 0.000065 0.000049 0.000040 0.000036 0.000033 0.000028 0.000022 0.000016 0.000012 0.000012 0.000013 0.000013 0.000012 0.000012 0.000012 0.000011 0.000009 0.000009 0.000010 0.000015 
1664.526587 1663.688259 1662.785247 1663.647162 1667.020457 1669.474258 1665.932142 1664.169618 1665.079917 1665.494419 1665.868578 1666.336415 1666.578035 1666.398339 1666.253080 1666.248087 1666.296084 1666.557021 1667.336228 1668.194821 1668.759975 1669.609219 1671.173762 1672.967373 1673.928810 1674.579129 1674.994538 1674.044090 1671.608986 1669.012917 
0.001724 0.002135 0.002040 0.001571 0.001058 0.000614 0.000325 0.000173 0.000116 0.000091 0.000069 0.000051 0.000041 0.000037 0.000033 0.000028 0.000021 0.000016 0.000012 0.000011 0.000011 0.000011 0.000011 0.000009 0.000007 0.000006 0.000007 0.000007 0.000011 0.000017 
1712.493798 1714.072860 1716.673758 1719.872078 1721.311718 1720.542866 1716.811355 1713.706801 1715.085221 1716.490714 1716.973578 1717.377039 1717.803158 1717.806373 1717.548642 1717.333987 1717.227566 1717.376373 1718.025263 1718.475787 1718.637985 1718.644596 1718.083360 1717.420464 1717.255816 1716.036107 1713.642864 1712.769116 1714.216798 1716.184143 
0.001276 0.001497 0.001356 0.000985 0.000594 0.000305 0.000153 0.000111 0.000096 0.000080 0.000063 0.000048 0.000040 0.000036 0.000032 0.000027 0.000021 0.000015 0.000012 0.000012 0.000011 0.000011 0.000010 0.000010 0.000011 0.000010 0.000009 0.000009 0.000012 0.000019 
1762.225981 1761.783923 1761.400539 1761.270638 1761.653573 1762.572932 1762.362660 1760.084591 1760.084378 1760.276039 1760.243971 1760.300830 1760.457842 1760.389223 1760.202659 1760.156743 1760.360988 1761.073117 1762.321607 1762.775528 1762.233872 1761.336504 1760.369322 1760.428307 1761.582736 1762.552032 1762.416816 1760.085989 1757.012575 1757.379804 
0.002431 0.002629 0.002100 0.001247 0.000582 0.000288 0.000186 0.000148 0.000130 0.000110 0.000086 0.000067 0.000057 0.000052 0.000047 0.000039 0.000032 0.000025 0.000021 0.000018 0.000018 0.000018 0.000018 0.000017 0.000017 0.000017 0.000018 0.000020 0.000021 0.000024 
1810.550190 1810.951597 1811.540387 1812.450582 1813.718372 1812.539832 1808.894135 1807.720204 1807.284946 1807.000659 1806.649220 1805.969204 1805.274798 1805.241284 1805.648113 1805.924299 1805.768105 1804.998634 1804.213667 1805.068482 1806.283824 1806.234912 1805.995796 1805.838307 1804.599168 1802.498381 1801.333705 1801.161965 1802.600036 1805.296915 
0.002179 0.002395 0.002007 0.001324 0.000709 0.000331 0.000163 0.000119 0.000105 0.000090 0.000070 0.000053 0.000044 0.000040 0.000037 0.000032 0.000025 0.000020 0.000016 0.000015 0.000014 0.000013 0.000012 0.000011 0.000011 0.000011 0.000011 0.000010 0.000012 0.000016 
1859.362977 1859.571158 1859.127720 1858.540089 1857.614332 1860.168745 1862.818981 1859.241287 1858.238486 1858.131171 1857.925086 1857.724984 1857.718855 1857.807422 1857.747581 1857.563268 1857.526771 1858.071634 1858.795151 1859.044635 1859.402314 1859.714497 1859.416489 1859.301713 1860.113251 1860.869287 1861.503342 1863.422216 1864.802370 1862.944153 
0.002144 0.002251 0.001696 0.000913 0.000410 0.000234 0.000155 0.000121 0.000108 0.000090 0.000070 0.000053 0.000044 0.000040 0.000037 0.000032 0.000024 0.000017 0.000013 0.000012 0.000013 0.000014 0.000014 0.000013 0.000012 0.000012 0.000011 0.000012 0.000016 0.000022 
1914.576919 1915.144007 1915.375704 1914.291745 1913.244700 1912.438691 1912.842167 1911.663765 1911.043580 1910.942674 1910.914401 1910.952033 1911.043714 1911.234690 1911.807373 1912.396449 1912.453440 1912.049509 1912.227912 1912.690415 1913.077724 1914.293947 1915.507623 1915.465327 1915.072007 1916.353160 1918.340965 1918.388045 1916.168272 1914.489399 
0.000717 0.000731 0.000554 0.000327 0.000182 0.000117 0.000088 0.000077 0.000071 0.000061 0.000047 0.000036 0.000030 0.000028 0.000025 0.000021 0.000016 0.000012 0.000010 0.000009 0.000008 0.000008 0.000008 0.000007 0.000006 0.000005 0.000005 0.000005 0.000007 0.000012 
1998.887744 1998.483728 1997.600057 1996.061200 1995.371959 1996.731137 1997.622648 1998.237955 1998.407306 1998.232271 1997.980099 1997.769635 1997.621526 1997.550221 1997.589466 1997.662723 1997.560430 1997.105701 1996.911867 1997.772504 1998.729157 1998.817374 1998.785643 1999.023352 1999.057420 1998.477006 1998.174470 1997.121137 1996.634677 1997.553140 
0.002176 0.002416 0.001966 0.001181 0.000584 0.000293 0.000180 0.000143 0.000129 0.000110 0.000086 0.000066 0.000055 0.000051 0.000048 0.000041 0.000032 0.000024 0.000019 0.000019 0.000020 0.000020 0.000018 0.000016 0.000014 0.000014 0.000014 0.000016 0.000020 0.000025 
2049.854890 2051.922494 2054.488704 2057.718014 2058.973445 2053.576907 2047.559766 2046.100188 2046.139603 2046.171621 2046.352094 2046.405212 2046.184081 2046.499296 2047.601816 2048.859178 2049.811241 2050.008064 2048.818911 2047.723486 2048.053746 2048.397537 2048.005483 2047.590888 2048.799413 2050.460407 2049.048972 2045.829773 2043.686417 2044.484910 
0.001717 0.001853 0.001440 0.000792 0.000316 0.000149 0.000113 0.000104 0.000095 0.000080 0.000063 0.000048 0.000039 0.000036 0.000033 0.000028 0.000022 0.000016 0.000013 0.000012 0.000012 0.000012 0.000011 0.000010 0.000009 0.000007 0.000006 0.000007 0.000011 0.000017 
2131.614386 2131.016622 2130.240282 2129.474557 2129.988934 2129.956843 2126.549571 2126.431991 2126.346808 2126.239422 2126.205132 2126.219513 2126.193981 2126.008861 2125.763639 2125.742925 2126.092857 2126.803244 2127.520989 2127.707428 2127.982288 2129.013056 2130.189622 2129.941129 2128.068373 2125.796418 2123.280373 2120.220325 2120.081904 2122.732177 
0.002682 0.002914 0.002276 0.001254 0.000495 0.000201 0.000125 0.000105 0.000096 0.000082 0.000065 0.000050 0.000042 0.000037 0.000034 0.000029 0.000024 0.000019 0.000016 0.000015 0.000014 0.000014 0.000012 0.000011 0.000010 0.000009 0.000010 0.000012 0.000015 0.000020 
2174.000097 2173.871371 2173.632192 2172.921613 2170.710076 2169.263639 2172.583270 2173.324375 2173.030498 2172.694481 2172.491185 2172.700881 2173.153942 2173.114792 2172.513528 2171.567532 2170.721497 2170.840990 2171.758305 2171.752595 2171.251375 2170.927149 2170.944770 2171.276394 2169.912617 2166.394278 2164.378474 2163.070405 2162.828816 2165.264025 
0.002797 0.003095 0.002439 0.001320 0.000472 0.000203 0.000135 0.000104 0.000091 0.000078 0.000060 0.000046 0.000038 0.000035 0.000032 0.000027 0.000021 0.000016 0.000013 0.000013 0.000013 0.000014 0.000015 0.000013 0.000011 0.000008 0.000008 0.000009 0.000013 0.000018 
2225.940935 2226.943956 2228.019285 2229.198314 2228.405599 2224.222294 2223.956574 2223.746661 2223.182312 2223.006815 2222.965320 2223.119572 2223.387735 2223.346694 2222.996616 2222.680363 2222.595813 2222.986573 2223.733259 2223.414067 2222.823154 2223.583870 2224.847646 2225.478584 2225.277324 2224.419610 2223.458245 2221.525385 2218.905926 2217.695977 
0.002243 0.002643 0.002224 0.001309 0.000504 0.000154 0.000095 0.000085 0.000079 0.000068 0.000053 0.000040 0.000032 0.000029 0.000026 0.000022 0.000018 0.000015 0.000013 0.000013 0.000014 0.000015 0.000014 0.000012 0.000011 0.000011 0.000011 0.000010 0.000011 0.000015 
2287.227874 2287.240756 2287.292671 2287.385372 2287.552025 2288.268947 2288.932263 2287.841631 2287.631979 2287.470351 2287.320934 2287.271536 2287.464312 2287.743044 2287.748839 2287.462674 2286.959819 2286.410017 2285.748421 2283.941101 2282.151005 2281.705901 2282.659734 2284.814630 2285.636764 2283.801834 2283.129307 2285.208893 2289.968311 2291.850488 
0.002234 0.002526 0.002065 0.001203 0.000490 0.000179 0.000095 0.000077 0.000070 0.000060 0.000047 0.000036 0.000029 0.000027 0.000025 0.000021 0.000017 0.000013 0.000010 0.000009 0.000009 0.000008 0.000008 0.000008 0.000007 0.000007 0.000006 0.000006 0.000008 0.000013 
2373.027034 2373.006777 2373.267584 2374.183272 2376.634732 2377.518122 2374.192665 2374.165685 2374.248308 2374.201358 2374.114387 2374.092979 2374.243209 2374.354763 2374.347810 2374.357915 2374.395779 2374.332041 2374.233451 2373.971018 2373.670530 2373.700903 2373.081650 2371.585325 2370.516520 2370.576812 2372.842061 2376.205901 2375.567450 2373.492603 
0.003152 0.003499 0.002771 0.001515 0.000540 0.000193 0.000135 0.000118 0.000108 0.000092 0.000072 0.000055 0.000045 0.000042 0.000038 0.000032 0.000025 0.000019 0.000015 0.000014 0.000014 0.000013 0.000012 0.000011 0.000010 0.000009 0.000009 0.000010 0.000013 0.000018 
2444.379177 2444.415419 2444.342326 2444.110424 2443.955515 2446.215445 2448.197696 2449.064947 2449.069975 2449.015698 2448.981960 2448.758322 2448.465009 2448.419225 2448.525953 2448.689773 2448.460393 2447.150337 2445.997620 2446.195341 2446.181004 2446.484367 2447.740509 2448.513855 2447.006191 2443.794368 2442.900758 2443.694500 2442.931906 2442.663368 
0.000945 0.001118 0.000965 0.000603 0.000268 0.000114 0.000084 0.000077 0.000070 0.000060 0.000046 0.000035 0.000029 0.000027 0.000025 0.000021 0.000016 0.000011 0.000009 0.000008 0.000008 0.000009 0.000010 0.000010 0.000009 0.000009 0.000009 0.000010 0.000011 0.000013 
2650.504171 2650.235374 2649.809691 2648.926147 2646.837656 2645.731446 2648.997322 2649.771041 2649.956913 2650.097905 2650.317611 2650.609949 2650.699898 2650.610531 2650.653171 2650.725784 2650.666269 2650.564861 2650.692017 2651.061369 2651.627899 2651.972503 2651.322305 2649.774502 2648.420298 2648.474189 2649.104123 2647.805044 2644.797603 2644.035134 
0.001022 0.001128 0.000905 0.000523 0.000225 0.000113 0.000087 0.000077 0.000071 0.000060 0.000048 0.000037 0.000031 0.000028 0.000026 0.000022 0.000017 0.000012 0.000010 0.000009 0.000009 0.000009 0.000010 0.000010 0.000010 0.000009 0.000008 0.000008 0.000009 0.000013 
2714.258584 2713.555391 2712.644367 2711.640195 2711.615070 2712.983880 2712.442944 2712.941457 2713.098974 2713.071939 2713.019798 2712.924673 2712.767690 2712.751531 2712.795214 2712.642380 2712.433002 2712.442023 2711.930056 2710.749351 2710.867810 2712.181036 2713.407789 2714.561240 2716.137577 2717.419852 2717.263302 2715.104813 2712.150334 2711.602676 
0.001315 0.001445 0.001146 0.000647 0.000267 0.000128 0.000095 0.000086 0.000079 0.000067 0.000053 0.000041 0.000036 0.000034 0.000032 0.000027 0.000021 0.000015 0.000011 0.000011 0.000011 0.000011 0.000010 0.000010 0.000010 0.000011 0.000011 0.000011 0.000013 0.000016 
2764.016887 2764.408704 2764.852346 2765.191221 2764.197022 2761.840345 2763.550242 2764.338165 2764.406982 2764.378592 2764.197088 2763.953392 2764.231279 2764.569131 2764.594708 2764.835364 2765.395866 2765.480815 2764.351966 2763.327727 2763.108161 2763.162333 2763.812038 2764.633673 2764.381450 2763.929481 2764.757526 2766.871841 2766.921227 2765.793734 
0.000793 0.000940 0.000805 0.000495 0.000218 0.000096 0.000071 0.000065 0.000061 0.000052 0.000041 0.000031 0.000026 0.000023 0.000021 0.000018 0.000014 0.000011 0.000009 0.000008 0.000009 0.000010 0.000010 0.000008 0.000007 0.000006 0.000006 0.000007 0.000008 0.000012 
2867.488904 2867.949881 2868.577012 2869.515705 2870.747525 2869.919373 2868.592295 2868.358531 2868.371432 2868.420038 2868.401058 2868.398118 2868.410970 2868.371518 2868.444090 2868.588342 2868.410714 2867.297981 2866.091123 2867.801071 2871.096193 2873.276548 2874.261323 2874.707509 2874.447711 2872.412828 2870.389286 2870.409609 2871.310648 2870.363981 
0.000649 0.000730 0.000596 0.000350 0.000154 0.000077 0.000058 0.000052 0.000048 0.000041 0.000032 0.000025 0.000020 0.000018 0.000017 0.000014 0.000011 0.000007 0.000006 0.000006 0.000008 0.000008 0.000008 0.000010 0.000011 0.000009 0.000007 0.000005 0.000005 0.000007 
2932.986802 2932.541938 2931.879399 2930.799150 2929.347161 2930.236706 2931.805919 2932.327328 2932.528770 2932.677134 2932.815849 2932.939801 2932.968812 2932.904656 2932.871000 2932.859914 2932.821416 2932.784362 2932.871233 2932.887664 2932.906256 2933.537538 2934.719707 2934.241748 2932.713881 2931.014650 2928.800119 2928.930144 2929.460568 2931.407006 
0.001879 0.002151 0.001788 0.001071 0.000460 0.000180 0.000110 0.000097 0.000090 0.000077 0.000060 0.000046 0.000039 0.000036 0.000032 0.000027 0.000021 0.000016 0.000014 0.000015 0.000015 0.000015 0.000013 0.000011 0.000010 0.000011 0.000011 0.000011 0.000013 0.000018 
2980.918354 2980.439517 2979.833769 2978.940113 2977.792869 2979.234304 2983.161568 2983.740791 2983.709809 2983.663519 2983.604286 2983.621706 2983.907334 2984.370423 2984.671322 2984.541217 2983.520316 2981.413590 2981.821163 2985.873797 2988.970189 2990.746892 2990.932634 2987.613407 2981.416212 2979.420969 2982.309108 2985.927431 2988.110808 2987.535588 
0.001563 0.001642 0.001228 0.000632 0.000224 0.000109 0.000085 0.000078 0.000072 0.000061 0.000048 0.000037 0.000031 0.000028 0.000025 0.000021 0.000016 0.000012 0.000010 0.000009 0.000010 0.000011 0.000012 0.000011 0.000010 0.000008 0.000007 0.000007 0.000008 0.000011 
3180.686304 3181.056431 3181.584100 3182.482084 3183.370679 3178.701587 3175.786549 3175.221310 3174.924133 3174.745743 3174.833287 3175.469428 3175.961333 3175.563138 3175.014575 3174.956150 3175.426435 3175.826934 3175.711881 3175.422553 3174.538900 3174.215470 3175.641766 3177.390585 3177.223181 3173.590207 3169.129205 3168.257240 3170.689710 3172.633908 
0.003223 0.003416 0.002573 0.001314 0.000420 0.000161 0.000123 0.000110 0.000101 0.000086 0.000068 0.000051 0.000043 0.000040 0.000037 0.000031 0.000024 0.000019 0.000017 0.000016 0.000017 0.000016 0.000015 0.000012 0.000010 0.000010 0.000012 0.000012 0.000014 0.000018 
3250.470948 3250.119444 3249.944312 3250.177338 3252.132147 3258.203022 3258.401751 3257.858683 3257.323215 3257.327112 3257.811814 3258.541050 3258.902894 3259.411038 3260.343832 3260.930968 3260.668768 3259.623761 3257.905659 3256.386056 3256.145776 3255.808368 3253.939182 3250.616985 3248.863012 3253.366864 3258.588301 3260.731278 3262.732461 3263.742159 
0.001124 0.001118 0.000786 0.000377 0.000139 0.000088 0.000073 0.000067 0.000062 0.000053 0.000042 0.000033 0.000028 0.000026 0.000023 0.000019 0.000016 0.000014 0.000012 0.000011 0.000011 0.000010 0.000010 0.000009 0.000009 0.000008 0.000008 0.000007 0.000008 0.000012 
3337.723423 3337.732598 3337.701780 3337.535892 3336.896696 3336.965906 3337.079064 3337.193639 3337.477516 3337.791781 3337.835717 3337.911535 3338.605424 3338.833050 3338.127175 3336.973594 3335.794036 3335.671494 3337.097360 3337.920815 3335.601654 3332.741670 3331.813942 3331.386825 3330.881658 3332.058394 3334.841596 3337.786229 3339.207774 3338.579682 
0.001600 0.001703 0.001306 0.000700 0.000255 0.000103 0.000082 0.000075 0.000070 0.000060 0.000048 0.000038 0.000031 0.000028 0.000025 0.000020 0.000016 0.000012 0.000010 0.000011 0.000011 0.000011 0.000010 0.000009 0.000008 0.000009 0.000009 0.000009 0.000010 0.000014 
3389.988059 3390.448939 3391.074968 3391.939539 3392.445021 3389.759282 3389.973136 3389.912700 3389.637764 3389.223406 3388.723327 3388.445297 3388.763047 3389.327699 3389.651380 3389.750161 3389.781432 3389.760259 3389.630624 3390.260223 3391.111959 3391.591927 3392.038915 3392.411706 3392.714045 3392.188320 3391.031778 3390.820616 3392.299442 3393.094545 
0.000651 0.000692 0.000540 0.000310 0.000139 0.000068 0.000048 0.000043 0.000040 0.000034 0.000026 0.000020 0.000017 0.000017 0.000016 0.000014 0.000011 0.000008 0.000007 0.000007 0.000009 0.000009 0.000007 0.000005 0.000005 0.000006 0.000007 0.000007 0.000006 0.000007 
3445.231846 3445.137149 3444.853379 3444.138592 3442.917291 3443.709644 3445.429373 3445.463858 3445.361128 3445.403865 3445.472199 3445.437936 3445.262287 3445.084368 3444.927497 3444.761430 3444.817440 3445.844833 3447.917762 3448.156356 3447.439184 3447.012198 3446.965584 3447.918533 3450.130504 3449.105312 3447.389709 3447.104062 3448.129764 3448.357674 
0.000710 0.000778 0.000623 0.000365 0.000162 0.000076 0.000051 0.000044 0.000040 0.000035 0.000028 0.000022 0.000017 0.000016 0.000015 0.000013 0.000010 0.000007 0.000006 0.000006 0.000006 0.000006 0.000006 0.000006 0.000006 0.000006 0.000006 0.000006 0.000007 0.000010 
3497.764463 3497.766807 3497.704786 3497.478659 3496.838192 3496.352088 3497.122863 3497.752384 3498.039556 3498.162844 3498.157526 3498.006654 3497.957223 3498.258718 3498.432521 3498.195020 3497.937892 3498.395347 3499.720467 3500.096166 3499.879619 3499.489539 3498.631703 3497.375515 3496.360507 3496.232194 3496.603896 3498.154992 3499.531250 3498.667148 
