30.000000 71.000000 0.015986
0.000409 0.000733 0.001013 0.001120 0.001080 0.000892 0.000748 0.000673 0.000565 0.000530 0.000441 0.000324 0.000264 0.000228 0.000198 0.000179 0.000152 0.000085 0.000049 0.000071 0.000066 0.000063 0.000060 0.000045 0.000037 0.000032 0.000022 0.000035 0.000078 0.000141 
20.333936 20.393860 20.203282 20.173252 20.226202 20.127495 20.330400 20.491001 20.538647 20.728191 20.830540 20.868119 21.183520 21.642078 21.373147 21.254608 21.115933 21.243708 21.954836 20.215333 20.282793 20.747595 20.722480 20.866314 20.076276 20.158651 20.748672 20.523938 20.284577 20.249087 
0.000699 0.001062 0.001321 0.001429 0.001298 0.001102 0.000946 0.000838 0.000788 0.000686 0.000571 0.000494 0.000467 0.000433 0.000359 0.000251 0.000177 0.000151 0.000182 0.000220 0.000260 0.000281 0.000252 0.000175 0.000104 0.000100 0.000142 0.000185 0.000222 0.000250 
52.832900 52.698102 52.610569 52.645289 52.597822 52.578399 52.456942 52.347272 52.566675 52.854893 53.301885 53.487334 53.260839 53.020008 53.099249 53.341636 53.381738 53.107191 53.959626 54.542071 54.123225 53.413288 52.820800 52.017299 50.337567 50.666949 52.844082 53.628724 53.097938 52.270248 
0.025561 0.029503 0.023121 0.011334 0.003411 0.002798 0.002455 0.002277 0.002072 0.001770 0.001389 0.001055 0.000860 0.000775 0.000695 0.000586 0.000467 0.000359 0.000310 0.000321 0.000326 0.000283 0.000231 0.000206 0.000175 0.000162 0.000203 0.000234 0.000327 0.000519 
117.260547 117.274165 117.058646 115.975802 111.144460 114.634993 115.133979 115.118532 115.153727 115.370575 115.621356 115.897727 115.932290 115.907792 116.067943 116.132306 115.929679 116.294090 116.741316 115.511403 114.621536 115.648942 117.453985 117.359210 117.731171 118.119008 116.756486 118.528049 118.817322 117.172424 
0.204615 0.350796 0.466740 0.504965 0.463743 0.393373 0.342103 0.312217 0.288557 0.245784 0.190717 0.145179 0.118994 0.106369 0.096916 0.081123 0.061215 0.042934 0.033031 0.029596 0.030191 0.029875 0.026899 0.021915 0.016485 0.013152 0.011968 0.012155 0.011986 0.010462 
144.244969 144.011670 144.005599 143.975195 143.666302 143.303360 143.559244 144.337775 145.292705 145.585676 145.164058 144.620833 144.818543 145.828607 147.003359 147.569146 147.509152 146.673403 146.292627 146.739133 147.924380 148.560816 148.546553 147.941985 146.694117 145.917809 146.072292 147.048372 147.783566 148.061024 
0.038606 0.048155 0.050546 0.049583 0.046034 0.036795 0.028609 0.025910 0.027009 0.027142 0.027165 0.027139 0.024519 0.019980 0.015917 0.012582 0.009503 0.007874 0.007464 0.007533 0.007433 0.007280 0.006788 0.005801 0.004791 0.003978 0.003252 0.002685 0.002352 0.002113 
179.842371 180.224150 180.893568 181.742774 182.568196 181.981450 180.275255 180.417628 181.760461 182.256540 182.767748 183.379847 183.111165 182.170327 181.801810 181.749861 180.814244 180.249095 180.743450 181.550399 181.872172 182.407948 182.760662 182.417517 181.995687 181.695097 181.165620 180.331596 179.700295 179.126189 
0.012355 0.013344 0.014588 0.017954 0.023304 0.024819 0.022200 0.018026 0.013055 0.010317 0.009650 0.010667 0.009123 0.006020 0.004622 0.004332 0.004195 0.003543 0.002742 0.001909 0.001649 0.001783 0.001779 0.001175 0.000816 0.000723 0.000787 0.000672 0.000601 0.000536 
197.539049 199.120257 200.923133 200.835477 198.782447 197.757526 197.553096 198.005959 199.627063 200.621323 200.132472 198.176846 198.207863 200.057865 200.208154 198.887044 197.988065 198.221497 198.802684 200.461034 200.497523 198.761567 197.639641 199.234046 200.516772 200.037460 198.024841 198.473181 198.696001 198.449063 
0.029533 0.042422 0.048772 0.046694 0.039514 0.032260 0.024726 0.019708 0.016669 0.014924 0.011912 0.008677 0.006346 0.004806 0.003504 0.002756 0.002217 0.001939 0.001607 0.001324 0.001063 0.000815 0.000590 0.000450 0.000352 0.000264 0.000190 0.000147 0.000148 0.000197 
227.771002 227.363406 226.458888 226.221279 227.276285 228.060869 227.512447 227.520077 228.388507 229.638313 229.423741 228.474366 228.185985 228.248989 227.569556 227.048120 227.885004 228.631939 228.662785 228.465597 228.867410 228.537165 227.824383 227.607471 227.593981 226.537753 225.436241 226.079902 225.484152 222.038029 
0.011969 0.015628 0.016319 0.015434 0.013710 0.011726 0.008101 0.005807 0.006189 0.006559 0.005430 0.003723 0.002743 0.002262 0.001575 0.000906 0.000593 0.000409 0.000225 0.000244 0.000305 0.000327 0.000244 0.000177 0.000135 0.000091 0.000063 0.000063 0.000089 0.000139 
242.027082 242.884301 245.767994 247.986124 247.823273 245.034354 243.324062 243.253158 242.714772 243.183914 244.583978 246.693328 247.090259 245.750839 245.306505 244.983884 241.977682 241.604038 244.963100 247.276301 245.873332 245.155915 246.843759 247.393251 246.114858 245.583885 246.036835 245.949429 245.394826 244.767760 
0.026797 0.039525 0.049193 0.050088 0.039826 0.023930 0.014214 0.010906 0.010010 0.008359 0.006438 0.003996 0.002152 0.001456 0.001060 0.000601 0.000534 0.000522 0.000427 0.000314 0.000246 0.000217 0.000195 0.000145 0.000096 0.000079 0.000078 0.000071 0.000086 0.000139 
269.053135 268.035471 266.430983 265.304368 264.863207 265.059182 267.202181 267.773740 267.969088 267.147698 266.493732 267.502701 265.811893 260.448309 259.827837 262.532502 266.624677 267.111479 265.280262 265.143596 265.961915 263.456440 260.028562 260.124175 263.053976 264.889850 265.617026 267.022979 265.713072 263.659291 
0.013019 0.009797 0.005544 0.007213 0.010419 0.010180 0.008627 0.005862 0.002776 0.001808 0.001800 0.002112 0.001760 0.001175 0.000792 0.000591 0.000489 0.000410 0.000324 0.000267 0.000225 0.000173 0.000105 0.000058 0.000042 0.000048 0.000056 0.000046 0.000039 0.000059 
283.926071 284.726818 288.006592 285.028497 282.245412 281.629990 282.342026 283.306723 285.225543 285.995458 285.625201 284.151677 284.645803 285.584061 285.266586 283.943229 283.304733 284.080477 285.516275 285.891054 285.203873 284.251676 283.348975 282.762168 283.812896 285.029632 284.978450 284.938699 285.238387 284.955472 
0.018113 0.021396 0.019637 0.014383 0.009228 0.006899 0.006135 0.004560 0.002276 0.001528 0.001332 0.001331 0.001126 0.000865 0.000533 0.000269 0.000186 0.000180 0.000194 0.000182 0.000157 0.000123 0.000087 0.000060 0.000049 0.000058 0.000073 0.000085 0.000096 0.000108 
295.256239 295.437751 295.683123 296.380221 297.774857 297.780278 296.154038 295.516802 297.753846 297.607105 295.392762 292.725819 292.272187 293.054626 294.635164 296.682113 296.344526 293.991777 292.193658 292.039734 292.451423 292.966077 293.695593 294.465212 294.104157 293.581077 293.563312 293.442631 293.470140 293.884152 
0.026389 0.031533 0.028029 0.021137 0.014933 0.009603 0.004146 0.001227 0.000718 0.000534 0.000664 0.000622 0.000379 0.000232 0.000233 0.000270 0.000264 0.000243 0.000216 0.000178 0.000136 0.000097 0.000065 0.000039 0.000027 0.000027 0.000027 0.000027 0.000035 0.000056 
314.231735 314.771594 315.661345 316.184015 315.788298 314.698606 315.049221 316.073198 311.349649 311.283785 313.065436 312.867782 311.855617 310.505116 311.571663 313.341788 314.621680 315.211312 315.176244 315.063299 315.008613 314.869859 314.452857 314.033188 314.402465 313.870810 312.251979 310.594443 310.948817 312.692893 
0.028731 0.038226 0.037414 0.027291 0.015079 0.007750 0.004815 0.003454 0.002445 0.001628 0.001019 0.000623 0.000385 0.000241 0.000193 0.000182 0.000181 0.000186 0.000185 0.000165 0.000131 0.000097 0.000065 0.000041 0.000030 0.000025 0.000021 0.000023 0.000037 0.000056 
338.638635 338.440157 338.254062 338.105249 338.218883 338.980797 339.057460 338.338156 337.686516 336.934173 336.183450 336.483750 338.626048 340.683470 340.404129 339.405165 338.926360 338.634483 338.318194 338.163698 338.439810 339.696811 341.770562 342.153561 339.835940 339.177831 340.918113 340.493408 338.478979 338.064303 
0.010613 0.012056 0.010018 0.006157 0.002976 0.001865 0.001260 0.000688 0.000481 0.000447 0.000345 0.000286 0.000256 0.000219 0.000170 0.000133 0.000104 0.000079 0.000070 0.000072 0.000069 0.000074 0.000081 0.000078 0.000071 0.000064 0.000060 0.000059 0.000060 0.000062 
353.631788 352.998879 352.485457 353.084877 357.066270 359.691330 358.186325 359.845316 358.420707 355.115718 354.921845 355.246469 355.586306 356.285856 357.582730 358.282829 358.522620 359.072905 358.813756 358.299956 358.924081 358.310553 357.520400 358.186727 359.447758 360.264247 360.916404 361.314952 361.627310 361.693236 
0.004271 0.004853 0.004300 0.003425 0.002492 0.001533 0.000741 0.000496 0.000427 0.000339 0.000254 0.000193 0.000165 0.000148 0.000128 0.000107 0.000085 0.000066 0.000051 0.000042 0.000040 0.000039 0.000037 0.000034 0.000032 0.000029 0.000026 0.000032 0.000055 0.000085 
371.413520 372.658123 374.369660 374.690952 373.214614 371.047679 369.870045 371.075297 372.189099 372.926063 373.396882 373.636520 373.513821 373.552551 373.907137 373.937233 373.249071 372.143993 371.414192 371.988608 373.189102 373.548348 372.950805 371.593580 370.028786 368.987433 368.367786 368.043016 369.558343 371.114749 
0.001361 0.002105 0.002470 0.002351 0.001824 0.001066 0.000471 0.000324 0.000322 0.000296 0.000234 0.000171 0.000139 0.000129 0.000117 0.000097 0.000074 0.000053 0.000040 0.000035 0.000035 0.000035 0.000032 0.000027 0.000021 0.000017 0.000015 0.000015 0.000027 0.000050 
404.043804 404.049558 404.395252 404.203063 403.153872 401.437494 399.431187 400.858270 401.503934 401.088738 400.844721 400.679716 400.739367 400.956453 401.144969 401.208967 401.168806 401.057653 400.985774 401.121927 401.166345 401.126775 401.244376 401.507775 401.570396 401.054870 400.822452 402.754992 402.644759 401.603648 
0.002021 0.001719 0.001598 0.001882 0.001870 0.001162 0.000771 0.000789 0.000825 0.000746 0.000611 0.000497 0.000401 0.000309 0.000222 0.000155 0.000117 0.000099 0.000089 0.000073 0.000053 0.000033 0.000023 0.000024 0.000024 0.000020 0.000017 0.000014 0.000018 0.000036 
432.820368 435.050846 435.647731 434.129060 433.264745 434.335426 434.101079 432.695668 432.628631 433.267847 433.403736 433.091799 433.159684 433.720107 434.325958 434.604453 434.709844 434.711602 434.328714 433.971169 433.371928 431.811419 430.071557 431.818657 433.059925 434.030245 433.336948 429.386349 428.720348 431.148501 
0.002907 0.004425 0.006060 0.006900 0.006222 0.004404 0.002700 0.001604 0.001060 0.000681 0.000380 0.000243 0.000246 0.000326 0.000355 0.000302 0.000212 0.000130 0.000098 0.000096 0.000104 0.000096 0.000077 0.000054 0.000033 0.000024 0.000023 0.000029 0.000040 0.000058 
442.992739 443.472968 445.019655 446.338351 447.337224 448.398005 448.795103 447.914379 444.404248 441.574207 441.611500 445.536152 445.781589 443.987178 443.393863 443.127534 442.750028 442.079725 442.183965 442.858863 443.837444 444.544570 444.856131 444.565399 443.739491 442.855065 442.123089 442.266273 443.055059 444.308474 
0.003961 0.005950 0.007501 0.007841 0.006473 0.004030 0.001954 0.001063 0.000752 0.000536 0.000391 0.000317 0.000284 0.000263 0.000224 0.000176 0.000132 0.000094 0.000075 0.000068 0.000070 0.000068 0.000060 0.000051 0.000048 0.000049 0.000046 0.000041 0.000050 0.000077 
471.316397 470.371068 467.570471 464.572138 462.987985 463.406083 467.169794 468.602361 465.941568 467.665214 469.641655 470.811512 471.571151 471.468463 472.853886 474.691801 474.451710 472.768627 471.894972 473.279250 474.102123 474.159273 474.185554 474.288107 475.253410 476.088488 476.095245 475.664585 474.651297 473.927968 
0.002911 0.003776 0.003792 0.003172 0.002374 0.001540 0.000876 0.000569 0.000442 0.000333 0.000253 0.000195 0.000159 0.000138 0.000119 0.000098 0.000075 0.000055 0.000043 0.000038 0.000038 0.000037 0.000034 0.000028 0.000022 0.000018 0.000018 0.000021 0.000031 0.000050 
516.268722 515.120073 513.727615 511.953980 510.051537 508.656268 507.458096 507.327685 508.042922 509.076009 510.285749 511.285323 511.457911 510.677972 509.575542 508.762698 508.634634 509.408491 510.509001 510.493095 509.568257 508.714923 508.252222 508.214944 508.491491 509.548292 511.312522 511.749022 510.299553 509.167677 
0.006653 0.009617 0.010948 0.009502 0.006089 0.002817 0.001234 0.000629 0.000375 0.000250 0.000184 0.000140 0.000113 0.000099 0.000087 0.000073 0.000056 0.000041 0.000032 0.000028 0.000030 0.000031 0.000028 0.000023 0.000017 0.000014 0.000012 0.000012 0.000019 0.000035 
551.653213 552.226510 553.577373 554.771585 555.498686 555.421568 555.280302 555.437627 555.852178 555.869835 554.893517 554.106119 554.236997 554.550716 554.571128 554.475589 554.402640 554.320784 554.269342 554.396638 554.474280 554.521679 554.707244 555.001513 555.045957 554.532380 554.607700 557.127800 557.417723 556.161246 
0.013062 0.021132 0.025360 0.022732 0.015208 0.007720 0.003441 0.001610 0.000813 0.000460 0.000282 0.000186 0.000148 0.000137 0.000131 0.000115 0.000092 0.000071 0.000061 0.000056 0.000052 0.000051 0.000052 0.000052 0.000049 0.000047 0.000045 0.000040 0.000037 0.000046 
588.707677 589.303649 589.120428 588.772692 588.596430 588.986828 589.500454 589.138448 588.954421 587.137249 585.665160 585.937197 586.771972 587.195575 587.790750 588.561248 589.821408 591.933472 593.862720 594.120183 593.185348 592.746103 593.628330 595.019042 596.445927 597.222725 596.953570 595.493277 588.492852 581.591726 
0.029348 0.044921 0.051260 0.044653 0.030066 0.016068 0.007199 0.002964 0.001231 0.000550 0.000324 0.000248 0.000222 0.000184 0.000151 0.000133 0.000117 0.000103 0.000086 0.000065 0.000050 0.000046 0.000047 0.000045 0.000042 0.000037 0.000028 0.000024 0.000032 0.000053 
633.417539 632.358259 631.801615 631.645086 631.727354 631.574450 631.168513 631.367440 631.585466 631.724816 632.005819 632.560684 632.923627 633.338366 634.661223 635.405921 634.677416 633.682507 633.040287 632.428225 632.206463 632.258137 632.556433 632.482053 632.108792 631.953217 632.185791 632.076753 628.851137 629.265745 
0.008130 0.010419 0.010974 0.009322 0.006217 0.003191 0.001448 0.000719 0.000413 0.000283 0.000203 0.000160 0.000135 0.000116 0.000105 0.000092 0.000074 0.000054 0.000039 0.000032 0.000032 0.000031 0.000028 0.000023 0.000018 0.000015 0.000015 0.000016 0.000027 0.000046 
679.612832 681.095677 681.886386 681.964740 681.240955 680.121186 679.900380 680.225118 679.653981 679.571008 680.029013 679.849798 678.725314 678.753969 680.311294 681.551097 682.004533 681.870911 680.952179 680.439249 681.022000 681.121544 680.839121 680.345835 679.961424 680.131889 679.902214 680.261366 680.587384 680.343453 
0.009159 0.012707 0.013107 0.010150 0.005950 0.002993 0.001460 0.000670 0.000375 0.000299 0.000264 0.000231 0.000194 0.000159 0.000132 0.000106 0.000080 0.000060 0.000050 0.000045 0.000042 0.000043 0.000041 0.000037 0.000034 0.000031 0.000031 0.000036 0.000047 0.000063 
728.322685 729.108041 729.158531 728.789231 728.715595 730.073997 731.762113 731.751122 727.348486 725.567046 726.392380 727.586275 728.215297 727.468540 726.396031 726.377361 726.764889 727.206810 727.521371 726.668293 724.893341 723.813655 723.286679 722.530760 721.720705 721.409042 722.167822 723.174509 724.182488 724.429015 
0.015920 0.021002 0.020184 0.014241 0.007562 0.003705 0.001875 0.000864 0.000380 0.000254 0.000188 0.000139 0.000113 0.000104 0.000097 0.000084 0.000066 0.000048 0.000037 0.000033 0.000031 0.000030 0.000028 0.000025 0.000022 0.000021 0.000020 0.000021 0.000029 0.000047 
804.329099 803.540608 802.325500 800.501920 798.458874 797.508854 797.132528 794.592464 794.461923 794.548470 792.482018 791.267503 790.823430 790.529325 790.374615 790.481220 790.620652 790.263604 789.365088 789.565418 790.885411 791.725748 791.678662 790.824261 788.586837 786.036291 785.904364 788.852684 791.662126 792.651268 
0.009964 0.012570 0.011664 0.007988 0.003961 0.001430 0.000504 0.000259 0.000180 0.000122 0.000083 0.000062 0.000054 0.000050 0.000045 0.000037 0.000032 0.000030 0.000030 0.000030 0.000028 0.000027 0.000026 0.000026 0.000024 0.000025 0.000026 0.000027 0.000030 0.000033 
833.459733 833.312066 833.137199 832.899349 832.592996 832.793128 834.723303 836.048181 835.216004 834.706235 834.400466 834.335623 834.478208 834.668629 835.064158 835.537387 836.140130 836.877182 837.301435 837.537400 837.893007 838.094433 837.961033 838.074774 838.552196 838.521167 838.034480 837.474616 836.173461 834.403718 
0.003527 0.003922 0.003566 0.002708 0.001738 0.001004 0.000590 0.000334 0.000222 0.000172 0.000130 0.000099 0.000082 0.000074 0.000065 0.000054 0.000041 0.000030 0.000023 0.000022 0.000021 0.000021 0.000019 0.000017 0.000015 0.000012 0.000011 0.000012 0.000018 0.000029 
880.031271 881.263639 881.844947 881.902663 881.733769 881.795724 880.954196 879.610064 878.494108 878.309967 878.119702 878.019799 877.976551 877.971827 877.770677 877.466674 877.671539 878.330027 878.426530 878.161304 878.284094 878.524403 878.933743 879.512331 880.217215 880.858998 880.796515 879.831241 877.874959 877.342444 
0.006219 0.007588 0.007061 0.004972 0.002541 0.001033 0.000532 0.000349 0.000233 0.000179 0.000143 0.000112 0.000089 0.000076 0.000067 0.000056 0.000044 0.000033 0.000026 0.000025 0.000025 0.000024 0.000022 0.000019 0.000016 0.000013 0.000013 0.000013 0.000017 0.000028 
923.351983 923.949751 924.104027 923.791126 922.968828 922.823775 922.445931 922.582439 919.303609 917.505999 918.420153 919.074755 918.550116 917.481216 916.931020 916.660377 915.885438 914.366512 913.684732 914.607877 914.489698 913.533445 913.130727 913.531236 914.029225 913.933466 913.296179 913.585359 915.972353 917.383409 
0.012542 0.015406 0.013993 0.009363 0.004459 0.001746 0.000811 0.000455 0.000214 0.000133 0.000105 0.000085 0.000071 0.000062 0.000056 0.000048 0.000038 0.000030 0.000024 0.000022 0.000024 0.000024 0.000022 0.000019 0.000018 0.000019 0.000021 0.000023 0.000026 0.000033 
972.444790 972.005772 971.440726 970.730030 969.937637 971.817631 973.393348 974.706582 973.559111 972.357094 972.190111 972.102340 972.051150 971.712560 971.102036 970.457123 969.870074 969.319024 968.757551 968.462902 968.444496 968.244310 967.779543 966.966719 965.832386 965.278754 965.207068 965.072749 966.108845 968.266995 
0.015060 0.017852 0.015920 0.010982 0.005838 0.002380 0.000794 0.000351 0.000237 0.000174 0.000130 0.000099 0.000082 0.000074 0.000068 0.000057 0.000045 0.000033 0.000025 0.000023 0.000024 0.000024 0.000022 0.000019 0.000016 0.000014 0.000013 0.000015 0.000022 0.000035 
1010.276510 1011.048968 1012.298461 1013.271681 1013.380026 1010.825091 1006.485921 1005.253468 1008.040079 1012.337289 1014.354499 1014.706484 1014.627556 1014.803725 1014.995472 1015.116188 1015.100186 1014.887378 1014.959854 1015.552136 1016.064397 1016.635668 1017.102138 1017.404423 1018.038662 1018.201818 1017.404480 1018.025503 1018.186301 1017.328920 
0.004717 0.005088 0.004306 0.002856 0.001498 0.000593 0.000248 0.000164 0.000134 0.000111 0.000086 0.000066 0.000054 0.000049 0.000043 0.000036 0.000027 0.000019 0.000015 0.000014 0.000014 0.000014 0.000013 0.000011 0.000009 0.000008 0.000008 0.000008 0.000013 0.000023 
1051.136462 1052.548039 1052.888496 1051.929293 1048.717315 1045.562059 1046.606728 1048.505092 1048.903289 1049.001087 1049.067895 1049.083811 1049.097832 1049.083123 1049.175853 1049.457946 1049.668999 1049.321308 1048.586514 1048.526910 1048.675462 1048.710074 1048.905524 1049.062155 1048.598934 1047.753402 1047.818996 1047.339035 1046.062615 1046.884594 
0.006427 0.007721 0.007173 0.005251 0.003037 0.001328 0.000445 0.000222 0.000186 0.000157 0.000122 0.000092 0.000075 0.000069 0.000063 0.000054 0.000043 0.000035 0.000031 0.000029 0.000029 0.000028 0.000027 0.000026 0.000023 0.000021 0.000020 0.000021 0.000021 0.000026 
1101.931843 1102.676363 1102.733222 1102.094855 1100.733621 1100.021093 1102.505686 1104.942856 1105.138109 1105.266178 1105.325736 1105.239813 1105.013133 1104.685385 1104.327024 1103.879272 1102.579705 1099.275663 1095.417521 1093.937761 1094.361938 1094.619963 1093.654785 1091.725638 1090.012266 1089.344846 1089.732192 1091.110358 1096.581669 1104.142147 
0.001198 0.001480 0.001438 0.001148 0.000763 0.000419 0.000204 0.000143 0.000129 0.000110 0.000086 0.000065 0.000053 0.000048 0.000044 0.000037 0.000029 0.000021 0.000017 0.000017 0.000017 0.000016 0.000014 0.000012 0.000011 0.000010 0.000009 0.000009 0.000013 0.000021 
1141.000028 1143.644790 1146.330736 1148.098086 1148.662352 1148.319102 1147.168170 1145.240434 1145.038871 1144.784128 1144.523481 1144.345199 1144.313720 1144.310239 1144.256240 1144.239952 1144.291661 1144.349959 1144.762310 1145.451523 1145.433673 1144.802263 1144.842211 1146.613072 1148.010927 1146.472461 1143.391177 1142.849127 1144.738231 1145.275562 
0.001958 0.002461 0.002404 0.001879 0.001224 0.000674 0.000335 0.000197 0.000154 0.000126 0.000098 0.000074 0.000061 0.000056 0.000051 0.000042 0.000032 0.000024 0.000020 0.000018 0.000019 0.000018 0.000017 0.000015 0.000016 0.000016 0.000015 0.000014 0.000014 0.000021 
1185.770889 1184.772521 1184.738520 1185.698103 1187.693798 1189.135408 1187.825270 1184.078459 1182.639064 1182.340758 1182.103515 1182.113140 1182.411433 1182.544095 1182.385156 1182.140278 1182.183076 1183.529326 1186.332337 1187.346857 1186.258732 1185.095514 1184.380850 1184.478632 1186.465099 1189.282594 1191.633575 1190.476560 1183.749763 1179.867453 
0.002816 0.003415 0.003256 0.002574 0.001785 0.001155 0.000666 0.000347 0.000201 0.000151 0.000114 0.000085 0.000071 0.000064 0.000058 0.000049 0.000037 0.000028 0.000022 0.000021 0.000021 0.000020 0.000019 0.000017 0.000017 0.000017 0.000017 0.000017 0.000021 0.000030 
1229.250021 1231.402073 1234.165580 1237.564032 1239.430271 1237.880712 1235.093481 1233.624362 1231.177042 1228.816619 1227.873973 1227.398777 1227.304938 1227.259004 1227.066868 1226.785283 1226.017457 1223.948392 1221.694347 1222.323009 1224.322321 1225.188987 1224.324428 1220.832648 1215.422333 1212.154236 1211.794840 1213.145034 1218.796755 1223.835565 
0.000901 0.001043 0.001015 0.000828 0.000543 0.000304 0.000175 0.000113 0.000091 0.000077 0.000060 0.000046 0.000039 0.000035 0.000032 0.000027 0.000022 0.000017 0.000015 0.000015 0.000014 0.000012 0.000010 0.000009 0.000009 0.000009 0.000009 0.000011 0.000014 0.000020 
1265.381542 1265.455881 1264.150430 1261.859742 1259.468638 1258.812263 1261.286138 1263.528228 1263.514360 1263.302384 1263.112202 1262.797483 1262.617828 1262.680950 1262.740913 1262.689652 1262.632911 1262.744057 1262.993509 1263.129446 1263.059809 1262.758774 1262.407529 1262.569401 1263.032821 1262.976283 1262.812990 1263.528287 1264.325860 1264.356390 
0.004240 0.005223 0.004716 0.003116 0.001488 0.000615 0.000331 0.000241 0.000204 0.000171 0.000133 0.000101 0.000085 0.000079 0.000073 0.000061 0.000048 0.000036 0.000031 0.000031 0.000031 0.000031 0.000030 0.000028 0.000026 0.000023 0.000022 0.000024 0.000029 0.000040 
1321.994731 1323.369779 1324.566315 1325.745669 1327.295140 1328.318375 1325.443160 1324.243919 1324.544859 1324.340489 1324.034918 1323.901450 1324.052587 1324.056259 1323.875266 1323.602334 1323.095258 1322.347714 1322.573532 1324.302689 1325.443236 1325.183306 1324.283169 1323.549678 1322.852254 1321.797366 1320.921813 1320.460078 1320.222648 1320.078661 
0.000753 0.000952 0.000900 0.000647 0.000369 0.000203 0.000143 0.000123 0.000111 0.000094 0.000073 0.000056 0.000046 0.000042 0.000038 0.000032 0.000024 0.000017 0.000013 0.000012 0.000013 0.000013 0.000012 0.000010 0.000008 0.000007 0.000007 0.000008 0.000011 0.000016 
1417.185175 1415.992063 1414.876426 1414.166998 1414.462524 1414.755809 1413.734552 1414.517935 1415.391549 1415.688685 1415.729088 1415.718560 1415.723286 1415.729737 1415.718767 1415.670434 1415.584689 1415.396209 1414.927721 1414.682052 1415.005618 1415.490166 1415.819642 1415.794973 1415.561914 1414.558537 1412.453796 1412.567600 1414.747139 1415.235548 
0.000613 0.000931 0.001036 0.000879 0.000583 0.000320 0.000173 0.000126 0.000110 0.000093 0.000072 0.000055 0.000045 0.000041 0.000037 0.000031 0.000025 0.000019 0.000015 0.000013 0.000013 0.000013 0.000012 0.000010 0.000008 0.000007 0.000007 0.000008 0.000010 0.000017 
1471.703956 1472.977193 1473.532740 1473.356138 1472.035276 1469.406059 1468.506381 1471.846799 1473.463435 1473.995964 1474.313678 1474.498348 1474.473919 1474.430757 1474.515452 1474.547138 1474.214596 1473.462028 1472.741357 1472.608881 1473.279401 1474.334918 1475.144677 1475.374010 1475.128694 1475.225547 1475.933791 1474.993188 1472.956428 1471.837066 
0.000787 0.000933 0.000837 0.000605 0.000390 0.000239 0.000137 0.000093 0.000083 0.000072 0.000056 0.000043 0.000036 0.000033 0.000030 0.000025 0.000019 0.000015 0.000013 0.000012 0.000013 0.000013 0.000012 0.000010 0.000008 0.000007 0.000008 0.000009 0.000012 0.000016 
1508.693718 1508.922365 1509.413596 1509.951009 1509.803187 1508.700707 1507.820846 1507.306594 1507.301554 1507.335851 1507.255131 1507.195540 1507.263119 1507.345743 1507.299728 1507.115805 1506.927696 1506.801747 1506.230259 1505.542335 1505.521920 1505.666440 1505.725065 1505.547397 1504.503025 1503.373320 1504.549392 1508.769249 1510.960739 1510.079726 
0.001852 0.001985 0.001581 0.000961 0.000526 0.000299 0.000192 0.000156 0.000138 0.000116 0.000091 0.000070 0.000058 0.000053 0.000049 0.000043 0.000034 0.000025 0.000020 0.000020 0.000021 0.000021 0.000020 0.000019 0.000019 0.000018 0.000017 0.000017 0.000021 0.000030 
1549.684424 1549.269062 1550.211927 1552.738340 1557.264146 1557.290293 1553.700135 1550.622401 1549.979400 1550.173090 1550.504152 1550.865697 1550.907501 1550.572683 1550.644128 1551.396893 1552.308480 1552.693044 1552.564693 1552.558477 1552.882451 1554.059881 1556.438000 1558.854724 1559.814788 1558.863203 1556.806068 1556.873377 1557.820850 1556.595727 
0.001207 0.001297 0.001089 0.000769 0.000490 0.000270 0.000127 0.000085 0.000079 0.000067 0.000053 0.000040 0.000033 0.000030 0.000028 0.000024 0.000018 0.000013 0.000010 0.000009 0.000009 0.000009 0.000008 0.000007 0.000006 0.000005 0.000005 0.000005 0.000007 0.000012 
1590.346147 1590.756424 1590.444953 1588.837063 1587.000897 1586.999747 1588.398923 1588.285900 1588.017744 1588.058911 1588.082760 1588.062010 1588.044595 1588.033993 1587.981702 1587.840044 1587.622798 1587.631874 1588.402643 1588.874868 1588.586794 1588.209581 1587.940762 1588.068843 1588.687644 1589.114694 1589.717523 1591.229395 1590.907588 1589.107103 
0.003620 0.003927 0.003044 0.001636 0.000623 0.000266 0.000172 0.000133 0.000117 0.000099 0.000077 0.000058 0.000048 0.000044 0.000041 0.000034 0.000026 0.000019 0.000015 0.000014 0.000014 0.000014 0.000012 0.000011 0.000010 0.000010 0.000009 0.000008 0.000011 0.000019 
1624.408694 1624.621182 1624.924501 1625.434446 1625.034522 1621.158911 1619.169019 1619.694734 1619.957156 1620.020467 1620.198225 1620.409555 1620.362218 1620.072110 1619.903859 1619.946410 1620.004369 1619.887203 1620.108761 1621.020218 1621.491948 1621.564733 1622.279353 1624.155453 1625.583799 1624.517633 1621.849940 1620.980063 1622.005163 1622.755475 
0.003966 0.004280 0.003286 0.001738 0.000670 0.000290 0.000167 0.000124 0.000108 0.000090 0.000069 0.000053 0.000044 0.000041 0.000036 0.000030 0.000024 0.000018 0.000014 0.000013 0.000014 0.000014 0.000014 0.000013 0.000013 0.000012 0.000010 0.000011 0.000015 0.000021 
1662.354557 1662.532935 1662.711671 1662.765281 1663.001500 1661.918561 1661.978994 1660.882383 1661.596652 1661.539486 1661.395982 1661.392960 1661.578185 1661.570124 1661.310312 1661.353527 1662.169037 1663.285374 1663.259079 1662.897895 1663.865266 1665.106085 1666.001629 1666.982189 1668.528981 1670.484960 1672.014027 1670.806939 1665.647296 1661.452033 
0.002537 0.002693 0.002058 0.001137 0.000512 0.000257 0.000142 0.000107 0.000097 0.000082 0.000063 0.000047 0.000038 0.000035 0.000032 0.000027 0.000020 0.000015 0.000013 0.000012 0.000012 0.000013 0.000012 0.000010 0.000008 0.000006 0.000006 0.000007 0.000010 0.000016 
1719.157606 1718.769610 1718.316412 1718.434245 1720.560165 1724.155908 1722.966007 1720.216070 1720.298966 1720.762381 1721.340881 1721.872936 1722.144915 1722.192522 1722.145383 1721.996879 1721.856590 1722.110551 1722.429997 1721.421449 1720.563759 1721.128389 1721.289390 1720.038327 1718.789014 1719.396450 1721.026405 1723.266148 1722.479454 1720.793642 
0.002445 0.002730 0.002242 0.001362 0.000646 0.000288 0.000168 0.000133 0.000119 0.000101 0.000079 0.000061 0.000050 0.000045 0.000040 0.000034 0.000026 0.000020 0.000017 0.000016 0.000015 0.000015 0.000014 0.000013 0.000012 0.000010 0.000009 0.000010 0.000012 0.000018 
1761.118076 1762.840498 1764.990523 1767.555826 1768.383712 1764.140593 1760.575437 1762.869993 1764.179239 1764.369929 1764.288812 1764.063479 1763.825282 1764.024166 1764.551357 1764.821784 1764.211335 1761.793528 1758.286986 1757.627941 1759.948356 1761.428028 1759.948725 1756.674112 1754.129989 1754.514994 1756.694867 1759.592393 1763.846701 1766.429909 
0.001237 0.001535 0.001414 0.000959 0.000463 0.000188 0.000126 0.000108 0.000097 0.000083 0.000065 0.000050 0.000041 0.000037 0.000034 0.000029 0.000023 0.000017 0.000014 0.000012 0.000012 0.000012 0.000011 0.000010 0.000008 0.000007 0.000007 0.000007 0.000011 0.000017 
1862.038444 1862.434964 1862.679825 1862.630799 1862.012225 1861.345398 1862.569893 1862.165578 1862.262659 1862.419776 1862.521216 1862.690876 1862.686724 1862.464159 1862.311224 1862.176402 1862.019954 1861.931471 1861.822462 1861.885005 1862.660569 1863.229922 1862.623210 1861.261670 1860.615847 1861.325108 1860.827042 1860.049681 1861.906462 1862.727065 
0.000557 0.000677 0.000625 0.000436 0.000229 0.000103 0.000071 0.000065 0.000060 0.000051 0.000040 0.000030 0.000025 0.000023 0.000021 0.000018 0.000013 0.000009 0.000007 0.000006 0.000007 0.000007 0.000006 0.000006 0.000005 0.000005 0.000003 0.000004 0.000008 0.000014 
1908.274960 1907.762254 1907.074965 1906.319268 1905.690485 1905.714106 1906.471975 1906.984281 1907.142351 1907.327559 1907.575665 1907.850561 1907.988333 1907.851192 1907.677749 1907.662694 1907.683535 1907.359173 1906.804775 1906.846089 1907.077864 1907.049613 1906.577626 1906.014625 1906.253874 1906.764133 1905.848872 1907.394675 1908.439987 1907.937219 
0.002191 0.002437 0.001941 0.001082 0.000428 0.000198 0.000149 0.000132 0.000121 0.000103 0.000081 0.000062 0.000050 0.000045 0.000041 0.000035 0.000028 0.000021 0.000017 0.000017 0.000017 0.000016 0.000015 0.000013 0.000012 0.000013 0.000013 0.000012 0.000013 0.000020 
1964.686599 1965.456012 1966.093830 1966.384964 1965.395871 1960.477592 1959.508504 1958.400333 1957.891645 1957.500836 1957.064698 1956.686913 1956.594190 1956.648412 1956.483919 1956.072246 1955.334154 1954.155156 1953.375640 1953.671298 1954.043720 1954.331487 1954.803516 1955.446456 1955.867922 1955.830068 1955.780364 1956.200778 1959.016503 1959.749758 
0.001093 0.001342 0.001196 0.000781 0.000392 0.000193 0.000115 0.000087 0.000079 0.000068 0.000054 0.000042 0.000036 0.000034 0.000031 0.000027 0.000022 0.000019 0.000017 0.000015 0.000013 0.000012 0.000013 0.000014 0.000015 0.000014 0.000013 0.000013 0.000014 0.000018 
2037.832712 2037.675036 2037.399447 2036.850963 2036.591957 2038.434969 2040.895489 2041.297937 2041.417596 2041.319690 2041.145926 2041.015847 2040.940074 2040.720445 2040.609083 2040.786505 2041.544694 2042.935635 2043.308559 2042.481249 2042.051111 2042.802981 2043.546221 2042.935486 2041.643807 2040.890645 2041.668581 2042.906645 2044.622340 2045.505932 
0.001025 0.001281 0.001221 0.000901 0.000511 0.000222 0.000104 0.000090 0.000083 0.000071 0.000055 0.000042 0.000035 0.000032 0.000029 0.000024 0.000019 0.000014 0.000011 0.000010 0.000010 0.000010 0.000009 0.000009 0.000008 0.000008 0.000007 0.000007 0.000009 0.000014 
2094.350601 2092.775166 2090.657494 2088.388532 2086.885100 2087.894426 2092.101107 2092.581220 2092.551310 2092.406036 2092.113774 2091.824189 2091.717662 2091.629835 2091.322334 2090.832394 2090.408947 2090.557150 2091.757345 2092.695751 2092.377470 2091.536224 2091.451862 2093.248644 2096.102265 2097.575279 2097.382414 2096.012819 2094.288094 2093.631822 
0.000818 0.000927 0.000766 0.000463 0.000216 0.000115 0.000090 0.000082 0.000075 0.000064 0.000050 0.000038 0.000031 0.000029 0.000026 0.000023 0.000018 0.000013 0.000010 0.000010 0.000010 0.000009 0.000008 0.000007 0.000006 0.000005 0.000005 0.000005 0.000010 0.000016 
2126.999169 2128.014369 2129.414567 2131.095826 2131.437591 2128.298947 2127.846512 2127.663745 2127.515513 2127.340319 2127.152799 2127.096747 2127.225271 2127.256831 2127.204476 2127.282055 2127.617203 2128.513804 2129.829426 2130.057222 2129.612857 2129.073945 2127.958243 2126.028339 2124.801497 2126.872648 2130.427438 2127.052927 2123.075490 2123.831615 
0.001085 0.001220 0.000995 0.000585 0.000261 0.000136 0.000104 0.000095 0.000088 0.000075 0.000059 0.000046 0.000038 0.000034 0.000031 0.000026 0.000020 0.000014 0.000011 0.000011 0.000011 0.000011 0.000010 0.000009 0.000007 0.000009 0.000011 0.000011 0.000011 0.000013 
2195.142361 2194.574505 2193.999453 2193.717474 2194.757282 2195.145399 2193.663065 2193.722970 2193.788034 2193.821914 2193.772336 2193.556287 2193.442250 2193.796252 2194.264466 2194.366442 2193.915099 2193.238562 2193.082977 2193.216327 2192.882486 2192.085334 2191.242774 2190.921572 2193.090994 2195.990609 2195.152406 2192.916948 2192.486194 2193.849498 
0.000982 0.001167 0.001018 0.000655 0.000311 0.000134 0.000092 0.000084 0.000078 0.000067 0.000053 0.000040 0.000034 0.000031 0.000028 0.000024 0.000019 0.000014 0.000011 0.000011 0.000011 0.000011 0.000010 0.000009 0.000008 0.000008 0.000009 0.000009 0.000009 0.000012 
2237.480908 2238.805897 2240.153591 2241.282503 2241.159162 2238.507798 2238.198356 2237.872945 2237.596905 2237.276459 2237.001409 2236.811202 2236.465987 2235.837532 2235.205070 2234.833101 2234.990222 2236.252731 2238.680208 2239.945544 2240.207177 2240.348119 2239.817390 2237.770352 2234.213925 2231.277227 2231.257540 2234.011061 2236.854815 2238.199501 
0.001982 0.002322 0.001961 0.001171 0.000471 0.000158 0.000100 0.000089 0.000083 0.000071 0.000056 0.000042 0.000035 0.000032 0.000029 0.000025 0.000019 0.000014 0.000011 0.000010 0.000011 0.000012 0.000013 0.000011 0.000007 0.000005 0.000005 0.000006 0.000009 0.000015 
2466.398704 2466.459233 2466.342654 2465.867322 2464.286848 2460.959821 2460.263958 2459.940128 2459.931960 2459.916681 2459.866923 2459.809187 2459.612498 2459.378859 2459.297665 2459.214540 2458.858577 2457.992967 2457.324182 2458.408748 2460.244329 2461.887959 2463.195324 2463.849462 2463.393496 2462.554837 2463.753940 2465.252635 2464.567389 2463.323734 
0.001372 0.001453 0.001090 0.000557 0.000191 0.000097 0.000079 0.000073 0.000068 0.000058 0.000046 0.000035 0.000030 0.000028 0.000026 0.000022 0.000017 0.000014 0.000013 0.000013 0.000014 0.000013 0.000012 0.000011 0.000011 0.000011 0.000012 0.000011 0.000009 0.000009 
2523.587232 2523.518749 2523.592322 2524.031702 2525.336074 2524.899199 2524.585727 2524.636271 2524.558001 2524.483231 2524.477318 2524.661180 2524.735266 2524.238923 2523.803999 2524.021673 2524.667969 2524.525226 2524.095028 2524.728773 2525.234242 2525.292446 2524.789456 2523.783100 2523.694834 2524.511525 2524.790782 2524.505350 2524.519532 2525.168305 
0.002652 0.002817 0.002127 0.001099 0.000376 0.000176 0.000145 0.000133 0.000123 0.000106 0.000083 0.000064 0.000053 0.000049 0.000044 0.000037 0.000029 0.000021 0.000017 0.000016 0.000016 0.000017 0.000016 0.000015 0.000013 0.000012 0.000011 0.000012 0.000015 0.000022 
2607.895837 2608.102440 2608.335077 2608.627708 2608.962278 2609.385253 2610.013935 2609.709607 2609.667939 2609.879997 2609.891178 2609.614378 2609.751644 2610.703585 2611.492941 2611.235469 2610.115253 2608.568840 2606.568432 2606.862132 2609.535424 2610.693070 2607.640686 2602.123182 2600.013774 2603.781815 2608.885264 2613.834470 2614.969381 2611.978809 
0.000897 0.001026 0.000873 0.000559 0.000272 0.000116 0.000072 0.000065 0.000060 0.000052 0.000041 0.000031 0.000027 0.000025 0.000022 0.000019 0.000015 0.000011 0.000009 0.000010 0.000010 0.000009 0.000007 0.000007 0.000008 0.000007 0.000006 0.000006 0.000008 0.000013 
2689.503440 2690.981286 2692.741274 2694.304245 2694.125245 2689.896993 2689.271523 2690.318630 2690.434007 2690.596929 2690.750331 2690.544897 2689.988306 2689.734144 2689.721304 2689.631440 2689.514191 2689.713558 2691.059518 2692.713972 2693.314029 2692.843117 2691.477842 2690.883016 2691.214227 2691.596764 2693.035145 2697.674172 2698.109299 2695.107040 
0.001704 0.002016 0.001739 0.001079 0.000460 0.000159 0.000102 0.000090 0.000082 0.000071 0.000056 0.000043 0.000036 0.000033 0.000030 0.000025 0.000020 0.000016 0.000013 0.000012 0.000012 0.000012 0.000012 0.000012 0.000011 0.000010 0.000009 0.000008 0.000010 0.000014 
2756.373829 2754.802209 2753.023355 2750.963782 2748.880840 2751.199597 2755.262862 2755.984683 2756.201683 2756.436719 2756.515066 2756.368218 2756.261672 2756.309192 2756.474945 2757.092192 2758.222991 2758.845119 2757.347111 2754.348245 2751.923404 2751.197356 2752.588608 2754.925673 2756.693034 2756.939206 2756.517254 2757.676771 2759.152424 2757.007979 
0.000870 0.000949 0.000749 0.000426 0.000187 0.000095 0.000069 0.000063 0.000058 0.000050 0.000039 0.000030 0.000026 0.000024 0.000022 0.000019 0.000014 0.000011 0.000009 0.000008 0.000007 0.000007 0.000007 0.000007 0.000007 0.000007 0.000007 0.000007 0.000008 0.000010 
2808.373445 2808.575445 2808.831563 2809.231285 2809.756416 2809.260997 2808.698428 2808.813547 2808.846216 2809.024662 2809.376424 2809.700044 2809.848507 2809.884697 2809.808139 2809.719737 2809.770272 2809.929443 2810.006723 2810.396284 2811.027818 2811.183872 2810.617973 2809.181625 2807.729494 2807.008394 2806.001492 2805.252887 2806.010786 2808.132288 
0.000851 0.000970 0.000801 0.000472 0.000194 0.000081 0.000062 0.000058 0.000054 0.000046 0.000036 0.000027 0.000023 0.000021 0.000019 0.000016 0.000014 0.000011 0.000009 0.000008 0.000008 0.000007 0.000006 0.000005 0.000004 0.000004 0.000004 0.000004 0.000007 0.000010 
2975.839966 2975.702123 2975.498808 2975.204051 2974.881279 2975.037764 2974.562262 2974.264240 2974.197720 2974.230526 2974.130472 2973.702084 2973.598332 2974.099556 2974.377751 2973.909043 2972.864175 2972.051398 2972.343395 2973.169928 2973.261169 2972.934227 2973.076338 2973.974829 2975.836238 2977.880577 2977.438319 2973.243106 2970.017309 2970.731042 
0.001208 0.001321 0.001030 0.000556 0.000207 0.000102 0.000082 0.000075 0.000069 0.000059 0.000047 0.000036 0.000031 0.000029 0.000027 0.000023 0.000017 0.000012 0.000010 0.000010 0.000011 0.000011 0.000010 0.000009 0.000007 0.000006 0.000007 0.000008 0.000010 0.000014 
3021.982958 3022.219071 3022.552542 3023.062787 3023.230031 3021.768149 3021.763472 3022.438053 3022.993248 3023.096396 3022.514768 3021.002797 3019.540794 3018.979630 3018.484194 3018.006836 3018.303021 3019.796531 3020.666091 3019.954148 3019.303269 3018.607305 3017.969131 3017.759013 3017.745062 3017.147773 3015.857795 3015.182075 3018.085351 3021.476231 
0.000707 0.000769 0.000603 0.000336 0.000140 0.000070 0.000053 0.000049 0.000045 0.000039 0.000031 0.000024 0.000019 0.000017 0.000016 0.000014 0.000012 0.000009 0.000008 0.000008 0.000007 0.000007 0.000006 0.000006 0.000005 0.000005 0.000005 0.000006 0.000007 0.000010 
3189.640239 3189.674098 3189.882155 3190.614578 3192.549926 3192.095227 3190.059950 3189.740828 3189.642892 3189.612302 3189.721512 3189.918591 3189.904351 3189.583514 3189.203846 3188.835320 3188.452181 3187.707094 3186.444934 3186.064461 3187.011706 3188.528804 3189.812859 3190.568997 3190.461142 3189.401004 3188.719204 3190.180301 3192.716584 3193.585774 
0.000815 0.000927 0.000762 0.000451 0.000206 0.000102 0.000065 0.000053 0.000049 0.000043 0.000035 0.000027 0.000022 0.000020 0.000019 0.000016 0.000012 0.000008 0.000007 0.000007 0.000008 0.000008 0.000007 0.000006 0.000006 0.000007 0.000008 0.000008 0.000008 0.000011 
3245.713464 3246.246454 3247.072089 3248.467745 3249.755707 3247.937039 3245.921212 3245.842020 3246.039787 3246.266894 3246.698309 3247.028675 3246.682735 3245.898565 3245.294634 3245.023835 3245.309747 3246.385642 3246.712800 3244.812151 3243.648929 3244.674474 3245.407528 3243.007378 3239.783854 3240.370904 3243.081117 3245.616962 3245.676939 3244.485681 
0.001725 0.001931 0.001558 0.000884 0.000332 0.000114 0.000081 0.000075 0.000069 0.000059 0.000046 0.000035 0.000029 0.000027 0.000024 0.000021 0.000017 0.000014 0.000011 0.000009 0.000009 0.000009 0.000009 0.000009 0.000010 0.000009 0.000009 0.000008 0.000009 0.000011 
3611.130016 3611.264503 3611.546523 3612.187865 3613.725540 3613.444620 3610.472275 3609.142138 3608.673500 3608.756557 3608.881007 3608.914422 3608.756576 3608.377738 3608.373855 3609.366145 3611.721950 3614.279638 3613.697758 3610.089829 3608.679659 3609.747680 3612.620756 3614.480210 3611.190018 3606.677123 3606.890464 3611.225556 3614.070757 3614.973796 
0.000671 0.000787 0.000683 0.000439 0.000206 0.000078 0.000047 0.000043 0.000040 0.000034 0.000027 0.000021 0.000018 0.000017 0.000016 0.000013 0.000011 0.000009 0.000008 0.000008 0.000007 0.000006 0.000005 0.000005 0.000005 0.000005 0.000005 0.000005 0.000005 0.000006 
3662.385469 3663.250685 3664.239082 3665.256043 3665.851192 3664.630943 3663.218072 3663.268378 3663.337209 3663.310807 3663.360302 3663.660667 3664.009564 3664.001677 3663.786400 3663.239325 3661.776717 3659.891142 3660.427541 3662.539297 3663.788084 3663.990123 3665.022079 3667.010427 3667.669413 3666.443839 3664.999683 3663.877088 3662.621659 3662.192646 
0.001104 0.001202 0.000942 0.000517 0.000188 0.000070 0.000055 0.000053 0.000050 0.000043 0.000033 0.000024 0.000021 0.000020 0.000019 0.000015 0.000012 0.000009 0.000007 0.000008 0.000009 0.000008 0.000008 0.000007 0.000007 0.000007 0.000006 0.000006 0.000007 0.000009 
3777.296165 3776.901138 3776.214048 3774.903652 3772.261983 3773.133931 3775.347321 3775.124375 3774.996532 3774.906862 3774.974178 3775.293294 3775.170067 3774.722785 3774.740727 3775.047533 3775.610812 3776.858665 3777.075612 3774.429366 3773.286892 3774.518685 3776.463399 3775.778513 3774.053675 3774.637525 3778.482966 3778.940239 3775.318927 3772.833425 
0.001683 0.001839 0.001439 0.000777 0.000265 0.000090 0.000071 0.000066 0.000061 0.000052 0.000041 0.000031 0.000026 0.000024 0.000022 0.000020 0.000016 0.000012 0.000010 0.000010 0.000010 0.000010 0.000009 0.000007 0.000007 0.000008 0.000008 0.000008 0.000009 0.000012 
3830.063594 3830.519571 3831.176758 3832.239020 3834.029852 3833.515229 3832.423995 3832.579297 3832.682606 3832.588259 3832.474449 3832.357889 3832.062809 3832.008392 3832.587239 3833.617092 3834.831667 3835.743426 3835.261890 3833.658484 3833.534730 3835.285169 3836.490718 3835.788416 3835.506936 3835.840499 3835.315313 3834.154211 3831.718884 3829.424303 
0.000673 0.000771 0.000641 0.000379 0.000152 0.000055 0.000042 0.000040 0.000038 0.000033 0.000026 0.000020 0.000016 0.000015 0.000014 0.000013 0.000010 0.000008 0.000008 0.000007 0.000006 0.000005 0.000007 0.000008 0.000008 0.000006 0.000005 0.000004 0.000006 0.000010 
4085.869554 4085.943616 4086.039600 4086.174190 4086.346472 4086.088467 4085.708140 4085.553086 4085.477558 4085.431809 4085.500294 4085.889788 4086.256069 4085.699365 4084.731293 4084.097772 4083.997211 4084.567649 4085.606861 4086.287687 4086.232418 4085.850795 4085.313874 4084.235118 4083.172773 4081.969604 4081.183706 4082.905423 4085.363588 4085.555870 
0.000859 0.001052 0.000935 0.000593 0.000250 0.000074 0.000047 0.000043 0.000040 0.000035 0.000027 0.000021 0.000019 0.000018 0.000017 0.000015 0.000013 0.000012 0.000010 0.000009 0.000009 0.000010 0.000010 0.000010 0.000008 0.000007 0.000006 0.000006 0.000006 0.000006 
4918.007140 4917.938426 4917.999683 4918.278021 4919.049967 4919.962977 4918.265245 4917.956130 4917.676150 4917.698307 4917.613532 4916.974239 4916.360118 4916.509617 4916.781181 4917.447002 4918.961848 4920.170857 4920.253159 4918.877058 4916.327765 4914.150687 4913.933044 4916.154801 4920.370307 4923.337347 4922.521894 4917.841179 4913.653678 4913.128724 
