30.000000 127.000000 0.015986
0.000263 0.000710 0.000659 0.000611 0.000557 0.000483 0.000440 0.000426 0.000412 0.000361 0.000278 0.000199 0.000154 0.000134 0.000144 0.000179 0.000215 0.000219 0.000181 0.000123 0.000089 0.000072 0.000076 0.000101 0.000156 0.000186 0.000168 0.000113 0.000058 0.000040 
38.693397 38.599375 38.341349 38.897949 39.196014 39.969152 41.278456 42.041200 42.867229 43.274982 43.172331 42.124294 41.082255 40.983220 43.997748 47.105542 48.416588 48.632954 48.008793 45.592281 43.643677 42.767539 44.573256 47.690487 49.201983 49.582981 49.403744 48.121197 43.114575 41.301724 
0.000188 0.000490 0.000456 0.000424 0.000354 0.000330 0.000319 0.000275 0.000264 0.000223 0.000187 0.000138 0.000113 0.000105 0.000133 0.000148 0.000147 0.000143 0.000134 0.000105 0.000072 0.000073 0.000105 0.000145 0.000167 0.000174 0.000172 0.000158 0.000131 0.000102 
60.808051 60.945164 60.685924 60.771646 60.482358 60.154039 60.246181 59.615112 59.451274 59.282122 59.494483 60.113402 60.860862 60.528544 59.783163 58.921099 58.148367 58.223832 59.352552 60.062520 59.893843 59.730940 59.814800 59.738746 59.070960 58.642581 59.031978 59.859347 60.647613 61.135182 
0.000770 0.001140 0.000997 0.000908 0.000776 0.000653 0.000582 0.000519 0.000459 0.000389 0.000316 0.000254 0.000209 0.000190 0.000180 0.000156 0.000126 0.000118 0.000124 0.000124 0.000110 0.000108 0.000119 0.000113 0.000075 0.000056 0.000066 0.000085 0.000084 0.000093 
89.148654 88.074249 86.682875 83.936639 82.664673 82.630629 82.064525 82.761702 82.929720 82.849424 82.934507 82.775846 82.543425 81.937254 80.337126 79.656540 82.071153 82.728063 78.062287 75.352824 76.194391 78.448699 78.554778 77.824537 78.960043 79.020993 79.140874 76.887961 79.312985 81.957992 
0.051492 0.187632 0.158657 0.134157 0.124373 0.107054 0.094182 0.086013 0.078147 0.065908 0.051509 0.039860 0.032844 0.029152 0.025977 0.021466 0.016230 0.011706 0.009164 0.008177 0.008065 0.007724 0.006828 0.005577 0.004370 0.003654 0.003363 0.003319 0.003162 0.002724 
142.921881 143.163523 143.483443 143.694829 143.606484 143.403169 143.649701 144.343747 145.110508 145.342058 144.972496 144.558229 144.776014 145.713314 146.712675 147.202663 147.117295 146.437048 146.184256 146.705478 147.794428 148.326777 148.193987 147.448949 146.309964 145.856255 146.088677 146.833310 147.311070 147.379796 
0.005443 0.006307 0.006036 0.005548 0.005108 0.004544 0.004068 0.003571 0.003039 0.002717 0.002699 0.002619 0.002273 0.002000 0.001748 0.001442 0.001090 0.000904 0.000832 0.000787 0.000756 0.000722 0.000651 0.000573 0.000507 0.000448 0.000366 0.000296 0.000249 0.000229 
180.926397 181.962454 182.307818 182.066651 181.564623 180.895665 180.319219 180.707511 180.943182 181.416304 182.617992 182.938774 181.723544 181.110147 181.697863 182.347687 181.517738 181.383852 181.746809 181.787828 181.582928 181.674859 181.634145 181.558281 181.796944 182.103524 181.757435 180.979304 179.603060 177.454649 
0.003133 0.005218 0.004288 0.003161 0.002078 0.001778 0.001951 0.001774 0.001194 0.000810 0.000780 0.000790 0.000559 0.000340 0.000303 0.000342 0.000264 0.000185 0.000163 0.000195 0.000178 0.000126 0.000090 0.000077 0.000073 0.000063 0.000059 0.000057 0.000044 0.000044 
212.912565 213.018572 213.018766 212.719502 212.864982 213.140023 214.084841 214.018783 214.414052 214.316046 214.168521 213.245573 213.818179 214.474270 214.059222 212.969933 214.335509 214.882051 213.644538 211.807110 212.131030 213.470315 214.335223 214.311836 213.770627 214.235305 213.801534 212.795999 213.274159 213.394800 
0.002384 0.006218 0.005157 0.004277 0.004115 0.003624 0.003266 0.002809 0.002260 0.001838 0.001395 0.001091 0.000751 0.000476 0.000364 0.000372 0.000359 0.000276 0.000215 0.000177 0.000145 0.000093 0.000065 0.000052 0.000043 0.000042 0.000042 0.000045 0.000058 0.000077 
223.961099 223.822028 225.148412 227.845982 229.243656 228.703425 226.866471 226.863420 229.431337 230.317068 229.391042 227.104523 227.405404 228.548903 227.723623 226.463564 227.508778 229.877560 230.357248 229.788042 229.077769 231.484034 232.616920 231.555844 231.256069 231.204230 232.069000 231.183616 228.303360 226.824900 
0.008075 0.016251 0.011839 0.011259 0.008960 0.005000 0.000813 0.000783 0.000686 0.001173 0.001498 0.001064 0.000761 0.000633 0.000456 0.000190 0.000083 0.000075 0.000070 0.000067 0.000061 0.000061 0.000061 0.000046 0.000029 0.000019 0.000012 0.000012 0.000018 0.000027 
253.898685 254.463591 254.790436 254.684971 254.121195 253.683362 254.552551 253.015137 250.645009 250.932739 251.560581 249.623062 249.085319 250.411410 251.456083 250.458758 252.217260 253.986815 253.518573 250.709177 249.694292 250.401111 251.777991 251.424670 249.810985 249.985517 253.694270 254.200060 251.475239 250.794881 
0.027870 0.072387 0.052997 0.048810 0.034561 0.018300 0.010175 0.007558 0.007898 0.007316 0.005575 0.003585 0.002099 0.001169 0.000685 0.000423 0.000361 0.000361 0.000332 0.000262 0.000192 0.000134 0.000085 0.000053 0.000036 0.000037 0.000037 0.000031 0.000025 0.000023 
265.384863 265.437049 265.377332 265.165024 264.617099 262.880089 262.231440 263.382139 265.578787 266.152726 266.314098 266.614450 266.232647 264.421755 263.135280 264.192187 265.446020 266.298263 266.265669 266.641794 266.541441 265.534383 263.040249 262.726109 264.310662 266.214543 266.452459 267.003762 267.078516 265.575718 
0.032348 0.061744 0.047146 0.035631 0.019287 0.011699 0.009380 0.009258 0.007419 0.004721 0.002984 0.002399 0.002172 0.001768 0.001193 0.000846 0.000694 0.000630 0.000518 0.000383 0.000290 0.000231 0.000182 0.000137 0.000104 0.000086 0.000069 0.000066 0.000066 0.000067 
284.450240 284.173354 283.911193 283.855170 285.219351 287.170534 287.269281 284.504226 283.195979 283.928229 286.367208 287.224768 285.983262 285.200986 285.591882 285.713193 285.596232 285.127398 285.348317 286.120765 286.107001 284.953739 283.833531 284.015645 285.472806 286.185089 285.202504 283.589363 283.444161 284.611237 
0.012282 0.014396 0.011994 0.008692 0.006934 0.005958 0.003872 0.002138 0.001404 0.001133 0.000705 0.000331 0.000206 0.000176 0.000147 0.000074 0.000043 0.000042 0.000044 0.000028 0.000024 0.000031 0.000039 0.000036 0.000029 0.000024 0.000018 0.000009 0.000009 0.000015 
304.687435 304.342760 303.344160 302.500159 302.826472 304.125195 303.591911 302.098394 302.105468 303.768796 304.700953 307.084234 308.176377 306.846496 305.596288 306.811602 307.812815 306.488662 305.502443 304.513632 303.791995 303.844883 304.311568 303.535067 302.687004 303.091532 304.262647 307.699250 307.970629 305.802074 
0.007634 0.017445 0.012314 0.011251 0.008679 0.005704 0.003255 0.001708 0.000868 0.000372 0.000204 0.000152 0.000109 0.000076 0.000059 0.000050 0.000044 0.000047 0.000045 0.000042 0.000040 0.000038 0.000036 0.000032 0.000026 0.000020 0.000016 0.000016 0.000024 0.000040 
322.453386 322.479164 322.424827 322.425326 322.306460 321.930031 321.361770 321.376364 323.461686 327.146069 331.137319 330.793420 329.801801 329.288451 330.854114 331.582670 330.257217 325.465147 322.734055 321.596091 321.779620 322.767656 323.917202 324.149113 323.512630 323.307387 325.509198 327.565725 329.766826 331.444337 
0.001421 0.002815 0.002256 0.002040 0.001634 0.001212 0.000855 0.000534 0.000306 0.000175 0.000122 0.000100 0.000100 0.000103 0.000096 0.000082 0.000071 0.000065 0.000065 0.000068 0.000069 0.000066 0.000056 0.000047 0.000046 0.000052 0.000060 0.000062 0.000059 0.000051 
365.044004 365.526380 367.811548 370.929635 371.652846 367.573285 363.506501 364.360925 367.065321 368.472310 369.104230 367.467595 364.637109 363.017343 362.792728 363.028341 363.078183 362.804741 362.090024 361.267767 360.886568 361.210944 362.078866 362.492454 361.823858 360.961556 360.345618 360.379219 361.912162 366.108297 
0.000481 0.001456 0.001124 0.001092 0.000757 0.000438 0.000277 0.000251 0.000201 0.000158 0.000114 0.000074 0.000049 0.000040 0.000035 0.000029 0.000022 0.000018 0.000017 0.000019 0.000018 0.000017 0.000015 0.000011 0.000008 0.000009 0.000011 0.000013 0.000018 0.000027 
408.789968 407.762440 406.230143 404.111618 400.659408 399.376795 404.186928 406.006066 404.585836 404.973400 405.678243 405.588688 404.292818 403.159819 403.185573 403.346348 403.121194 401.907073 400.702075 401.362890 403.424935 405.211415 404.545984 401.948582 401.466925 403.334354 403.548646 402.615210 402.508023 402.662400 
0.002074 0.011098 0.008076 0.005877 0.005807 0.005104 0.003831 0.002487 0.001456 0.000787 0.000375 0.000182 0.000121 0.000096 0.000085 0.000066 0.000048 0.000038 0.000036 0.000035 0.000031 0.000026 0.000021 0.000017 0.000015 0.000014 0.000013 0.000016 0.000024 0.000038 
449.302285 449.515213 450.498135 450.703627 449.930321 448.566316 447.808119 447.196686 446.107703 444.188501 442.201282 440.798037 441.452835 443.312337 443.791811 444.501805 445.124472 444.099131 443.114214 444.081125 445.735350 446.880964 446.235575 443.186194 440.044868 440.732610 444.079356 445.262076 444.831903 444.841423 
0.000450 0.001068 0.000847 0.000775 0.000592 0.000416 0.000272 0.000160 0.000089 0.000061 0.000047 0.000037 0.000033 0.000034 0.000035 0.000033 0.000027 0.000021 0.000020 0.000020 0.000021 0.000020 0.000017 0.000015 0.000014 0.000014 0.000013 0.000012 0.000012 0.000015 
489.265485 488.870241 488.149726 487.259511 486.678398 487.121886 488.049524 488.505311 488.154284 487.927283 487.782134 487.532323 487.052634 486.645416 486.470350 486.186090 485.423989 484.292089 484.213405 484.622563 484.759586 485.292462 486.461655 488.025760 488.671744 487.741868 486.788278 487.237107 488.645836 489.415003 
0.000957 0.002838 0.002132 0.002019 0.001481 0.000843 0.000362 0.000132 0.000081 0.000071 0.000056 0.000045 0.000039 0.000035 0.000031 0.000029 0.000026 0.000022 0.000018 0.000016 0.000015 0.000015 0.000014 0.000014 0.000015 0.000017 0.000016 0.000014 0.000014 0.000017 
546.435714 546.639990 546.677489 546.399666 545.776562 545.026437 544.353170 542.807246 541.891943 541.837380 540.702024 539.933325 540.510017 541.020174 541.165583 541.361096 541.680494 542.016776 542.071178 541.700763 541.822395 542.277890 542.130243 541.767193 542.485360 543.689172 544.773648 545.241443 543.032772 540.633622 
0.006492 0.016632 0.011492 0.010050 0.006910 0.003761 0.001627 0.000674 0.000326 0.000188 0.000122 0.000077 0.000053 0.000043 0.000036 0.000033 0.000032 0.000031 0.000027 0.000027 0.000029 0.000030 0.000029 0.000027 0.000021 0.000018 0.000020 0.000025 0.000026 0.000024 
580.903590 580.683333 580.805459 581.638403 583.300751 585.514113 587.413697 587.006421 585.124652 584.474194 584.292397 583.978232 583.348102 582.576667 580.601914 581.303120 584.640186 587.384216 590.075409 592.413110 593.271613 593.972455 594.243502 593.730529 593.084829 592.697999 592.040237 592.043429 590.637603 585.448786 
0.016321 0.042880 0.029073 0.026112 0.018298 0.010001 0.004339 0.001546 0.000461 0.000223 0.000141 0.000127 0.000108 0.000084 0.000075 0.000077 0.000073 0.000058 0.000041 0.000036 0.000035 0.000035 0.000034 0.000031 0.000029 0.000026 0.000025 0.000026 0.000028 0.000031 
626.798185 626.519973 626.388302 626.208149 625.959984 625.858326 626.182812 626.711685 627.914577 628.371992 629.519409 631.371193 632.165353 631.833850 632.459134 632.908767 632.383835 632.439596 631.822862 628.519751 625.122213 627.125683 628.848595 627.867619 626.254383 623.397048 618.201664 614.859744 616.088905 620.956398 
0.004016 0.008012 0.005664 0.004555 0.002907 0.001608 0.000804 0.000385 0.000218 0.000143 0.000103 0.000081 0.000066 0.000052 0.000042 0.000033 0.000026 0.000022 0.000021 0.000020 0.000019 0.000016 0.000014 0.000013 0.000013 0.000014 0.000014 0.000013 0.000013 0.000015 
681.958385 683.195369 683.210333 682.322985 680.670686 679.282202 678.935433 679.400881 678.581201 677.136225 677.386560 677.363168 676.798759 676.923801 677.635270 677.217157 676.045573 674.920587 675.106972 675.861803 675.723748 674.636639 675.121642 675.682700 672.539379 669.592060 669.831001 671.386447 671.885134 672.522299 
0.003978 0.010282 0.007546 0.006793 0.004665 0.002656 0.001428 0.000727 0.000324 0.000180 0.000155 0.000148 0.000136 0.000112 0.000081 0.000059 0.000052 0.000053 0.000047 0.000035 0.000029 0.000028 0.000028 0.000026 0.000025 0.000026 0.000027 0.000027 0.000027 0.000028 
729.559330 730.398408 731.451153 732.308528 732.983754 734.462106 736.670689 739.131644 737.621422 735.829157 734.990633 733.849452 733.212053 732.599886 732.778242 733.127121 731.988870 730.225603 730.259374 730.902485 729.644826 727.585893 726.382674 725.621073 725.814221 725.850291 725.436332 725.075078 726.742205 730.263440 
0.004266 0.011622 0.007906 0.007118 0.004944 0.002602 0.001008 0.000377 0.000188 0.000103 0.000064 0.000050 0.000045 0.000040 0.000032 0.000024 0.000019 0.000017 0.000017 0.000018 0.000019 0.000018 0.000017 0.000016 0.000014 0.000012 0.000011 0.000010 0.000012 0.000017 
794.726647 794.500279 794.406201 794.315877 794.518089 795.299847 798.138917 799.193615 796.870520 796.154977 790.590171 784.529229 783.967534 785.005179 786.516781 788.571611 789.192248 787.850637 785.635720 784.161732 783.372751 782.913506 783.125823 784.496286 786.491892 787.705830 787.867997 789.114615 791.527007 790.713740 
0.003175 0.003558 0.002720 0.001699 0.001015 0.000736 0.000374 0.000167 0.000091 0.000050 0.000029 0.000021 0.000019 0.000020 0.000020 0.000016 0.000012 0.000010 0.000010 0.000009 0.000007 0.000006 0.000006 0.000007 0.000008 0.000008 0.000008 0.000007 0.000006 0.000005 
818.756574 819.326498 820.906195 822.068568 821.242013 816.500449 815.447571 817.795665 819.794481 818.318863 818.255503 819.441481 819.478003 819.488131 819.477846 819.854045 820.787911 820.929949 819.624068 819.116955 819.365106 819.916439 820.368215 820.101156 819.106059 818.567298 818.741472 819.093672 819.861662 821.357004 
0.004148 0.007841 0.005713 0.004354 0.002410 0.000927 0.000338 0.000168 0.000104 0.000066 0.000057 0.000052 0.000046 0.000040 0.000038 0.000038 0.000037 0.000036 0.000037 0.000036 0.000035 0.000032 0.000030 0.000030 0.000032 0.000032 0.000032 0.000031 0.000030 0.000028 
834.108184 834.593933 835.181047 835.634377 835.729295 835.149898 833.641600 832.691672 833.860786 838.403178 840.070732 839.365105 839.279717 840.344877 840.313226 839.987572 840.754692 840.935008 840.729653 841.523583 842.200373 841.839464 841.390388 841.075721 840.915112 841.209132 841.147980 840.985562 842.036630 844.049754 
0.002539 0.002922 0.002549 0.001719 0.001033 0.000680 0.000447 0.000231 0.000103 0.000058 0.000041 0.000029 0.000023 0.000021 0.000020 0.000018 0.000015 0.000012 0.000011 0.000012 0.000012 0.000012 0.000011 0.000010 0.000010 0.000010 0.000009 0.000007 0.000008 0.000012 
882.496585 881.063345 880.174463 880.551469 882.857986 884.211084 883.813742 882.709182 882.934431 883.820413 884.914136 886.050818 885.867211 885.331145 885.742578 886.224524 886.987256 889.214090 892.217684 893.729870 893.469561 891.038877 887.728097 886.341537 889.211569 892.632842 894.874418 894.823922 888.255456 883.494816 
0.003757 0.004737 0.004544 0.003275 0.001724 0.000744 0.000371 0.000225 0.000118 0.000075 0.000055 0.000046 0.000034 0.000026 0.000025 0.000024 0.000019 0.000014 0.000013 0.000013 0.000012 0.000012 0.000011 0.000010 0.000009 0.000010 0.000012 0.000014 0.000016 0.000019 
924.766504 925.792527 925.984610 925.414393 923.440612 923.430806 925.722514 927.148274 922.985217 919.878544 921.724330 924.108566 923.624678 922.677205 923.982646 924.871302 923.252934 917.352956 913.518325 914.020627 915.604488 914.837672 913.360140 912.730521 912.477434 913.174394 914.043170 913.469695 912.149702 912.696911 
0.001968 0.004813 0.003438 0.002949 0.001856 0.000908 0.000393 0.000187 0.000093 0.000061 0.000044 0.000039 0.000038 0.000035 0.000030 0.000025 0.000021 0.000016 0.000013 0.000010 0.000008 0.000007 0.000006 0.000006 0.000006 0.000006 0.000006 0.000006 0.000007 0.000009 
939.554404 940.682316 941.985374 943.218137 944.568784 945.076679 943.008939 939.300743 938.198399 939.116854 938.950254 939.167384 939.839231 940.199503 939.775666 939.745909 939.891360 939.469449 939.724404 939.380308 939.542465 941.766805 942.835092 942.324111 941.537844 942.202787 944.015620 944.786439 943.702999 942.693981 
0.000940 0.002793 0.002068 0.001789 0.001045 0.000449 0.000199 0.000087 0.000042 0.000034 0.000028 0.000025 0.000023 0.000022 0.000019 0.000018 0.000017 0.000017 0.000017 0.000018 0.000019 0.000019 0.000018 0.000016 0.000015 0.000016 0.000018 0.000017 0.000015 0.000013 
959.653597 958.234776 957.178977 956.354852 955.193676 954.245980 955.318988 957.455218 957.173972 957.687537 958.446978 958.949453 958.554855 958.381043 958.917665 959.238994 959.343583 959.513344 959.477014 959.392717 959.232150 959.027705 959.153755 959.724977 959.874671 959.460799 958.794113 958.910508 959.723895 959.985109 
0.003025 0.005637 0.003996 0.003049 0.001655 0.000699 0.000342 0.000199 0.000087 0.000056 0.000047 0.000042 0.000034 0.000026 0.000021 0.000018 0.000017 0.000016 0.000016 0.000016 0.000017 0.000018 0.000016 0.000014 0.000013 0.000014 0.000015 0.000017 0.000021 0.000024 
973.696405 973.518206 974.275509 975.864718 977.904631 978.245215 977.674347 978.721053 980.052789 979.737997 978.215567 977.817168 978.341883 977.998197 974.549073 970.966008 968.884856 967.883331 966.869598 966.243588 966.656350 966.974095 966.647336 966.029209 966.038019 966.227630 965.676513 965.560863 966.658831 968.709941 
0.001249 0.002870 0.001993 0.001985 0.001418 0.000710 0.000305 0.000142 0.000062 0.000025 0.000016 0.000014 0.000012 0.000010 0.000010 0.000009 0.000007 0.000006 0.000005 0.000004 0.000004 0.000004 0.000004 0.000004 0.000004 0.000003 0.000002 0.000002 0.000003 0.000005 
1000.093990 1000.213395 999.305061 998.210113 997.374716 996.195971 995.127842 995.472524 996.229854 997.451253 998.313871 996.702413 995.940338 995.554288 995.687450 995.821470 995.950502 996.362881 996.598393 996.357510 996.375441 996.855971 997.420347 997.851064 998.097613 998.389451 998.919101 998.851754 998.200644 997.804433 
0.005270 0.006742 0.006449 0.004611 0.002378 0.000831 0.000268 0.000110 0.000057 0.000041 0.000034 0.000029 0.000025 0.000021 0.000018 0.000015 0.000012 0.000010 0.000011 0.000013 0.000014 0.000013 0.000011 0.000009 0.000008 0.000009 0.000009 0.000009 0.000010 0.000013 
1017.041897 1016.382755 1015.600762 1014.794503 1014.309408 1016.061258 1016.791404 1014.422941 1014.824649 1017.880317 1017.445301 1016.930077 1017.231856 1018.043927 1019.190231 1020.137263 1020.482889 1020.264454 1020.882116 1021.896101 1022.438784 1022.730268 1023.229285 1023.532989 1022.971632 1022.800492 1023.518242 1023.038614 1019.627029 1016.642093 
0.003038 0.003640 0.003188 0.002055 0.000960 0.000357 0.000144 0.000074 0.000057 0.000046 0.000037 0.000031 0.000029 0.000029 0.000027 0.000025 0.000023 0.000021 0.000022 0.000023 0.000024 0.000023 0.000022 0.000021 0.000020 0.000020 0.000021 0.000020 0.000020 0.000019 
1060.989703 1062.701185 1064.036449 1064.256252 1062.850716 1059.598210 1059.537740 1057.631091 1063.446439 1064.650906 1065.694224 1068.379705 1071.483703 1073.183540 1074.274544 1075.581990 1077.111336 1078.194188 1078.119329 1077.528214 1077.324030 1077.715610 1078.445599 1079.137577 1079.531415 1079.215183 1078.661491 1078.671274 1078.229342 1075.784085 
0.001026 0.002136 0.001595 0.001326 0.000942 0.000625 0.000372 0.000190 0.000087 0.000042 0.000025 0.000020 0.000019 0.000019 0.000019 0.000018 0.000018 0.000015 0.000012 0.000012 0.000013 0.000014 0.000014 0.000014 0.000014 0.000014 0.000015 0.000015 0.000017 0.000020 
1091.290449 1091.433750 1092.025990 1093.450416 1095.565156 1096.770678 1096.717307 1095.999329 1095.456142 1095.585015 1093.616353 1090.987895 1090.355689 1090.122543 1089.447936 1089.019013 1088.924642 1088.507742 1087.706311 1087.135882 1086.592543 1086.252085 1086.336556 1086.489984 1086.607357 1087.404494 1087.969079 1087.560361 1087.707498 1089.287904 
0.000377 0.000431 0.000380 0.000335 0.000300 0.000230 0.000119 0.000048 0.000037 0.000030 0.000023 0.000018 0.000016 0.000014 0.000012 0.000010 0.000008 0.000006 0.000005 0.000005 0.000005 0.000005 0.000005 0.000004 0.000003 0.000002 0.000003 0.000004 0.000006 0.000009 
1115.836092 1116.284148 1117.749068 1118.147803 1117.074391 1114.859629 1113.357201 1116.807523 1119.644273 1118.811771 1118.889459 1118.929045 1118.538371 1118.340843 1118.309022 1118.404235 1118.698282 1118.856213 1118.469497 1119.647522 1120.988454 1121.185582 1120.778622 1119.428680 1115.350573 1113.470473 1114.109370 1115.522483 1118.213674 1118.771503 
0.000374 0.000920 0.000699 0.000626 0.000410 0.000186 0.000073 0.000040 0.000030 0.000023 0.000018 0.000015 0.000014 0.000013 0.000012 0.000010 0.000009 0.000009 0.000008 0.000007 0.000006 0.000007 0.000007 0.000007 0.000006 0.000006 0.000007 0.000008 0.000008 0.000008 
1152.814872 1152.119529 1151.383468 1150.620017 1149.579646 1147.474358 1146.121237 1147.748464 1149.338671 1149.002479 1148.698807 1148.659800 1148.641824 1148.368910 1148.064302 1148.120553 1148.759151 1149.210931 1148.791585 1147.691237 1146.618564 1146.679156 1147.170265 1147.470179 1147.567253 1147.603197 1147.476986 1146.973067 1146.397831 1147.093346 
0.001045 0.001250 0.001138 0.000813 0.000469 0.000238 0.000118 0.000063 0.000037 0.000026 0.000021 0.000017 0.000015 0.000015 0.000014 0.000013 0.000012 0.000012 0.000013 0.000014 0.000014 0.000014 0.000013 0.000011 0.000010 0.000011 0.000011 0.000011 0.000011 0.000012 
1190.111294 1189.411172 1189.094133 1189.777516 1192.196288 1195.105565 1195.771705 1194.453872 1193.712521 1193.739148 1194.011197 1194.879988 1195.633719 1195.904404 1196.293132 1196.810399 1197.563025 1198.370996 1198.489917 1198.610026 1198.498937 1198.045675 1198.136586 1198.864944 1198.957523 1198.399627 1198.284117 1198.967859 1199.013423 1197.880428 
0.001061 0.001224 0.001081 0.000769 0.000477 0.000262 0.000129 0.000064 0.000042 0.000035 0.000029 0.000024 0.000021 0.000018 0.000017 0.000016 0.000014 0.000014 0.000014 0.000015 0.000014 0.000012 0.000011 0.000011 0.000012 0.000013 0.000014 0.000014 0.000016 0.000018 
1220.311012 1221.404712 1221.446488 1220.531770 1219.995753 1221.961387 1222.925097 1216.881114 1218.804708 1218.181927 1216.465376 1215.318752 1215.038670 1215.519958 1215.176317 1213.454867 1210.891735 1208.427892 1207.504620 1207.473076 1207.568019 1208.204487 1209.006115 1208.514935 1208.377642 1209.216112 1209.265371 1207.759234 1207.007460 1208.985701 
0.000408 0.000475 0.000456 0.000392 0.000318 0.000233 0.000141 0.000068 0.000033 0.000021 0.000015 0.000013 0.000011 0.000010 0.000009 0.000007 0.000006 0.000005 0.000006 0.000006 0.000005 0.000004 0.000004 0.000003 0.000004 0.000005 0.000005 0.000005 0.000005 0.000005 
1241.823915 1241.651006 1242.467641 1244.152878 1245.114918 1244.744983 1244.149747 1244.012133 1244.081017 1244.034527 1243.906413 1243.901124 1244.147919 1244.490658 1244.607026 1244.742574 1245.371322 1245.679272 1244.949462 1244.097840 1243.328501 1242.739233 1242.591201 1243.669677 1244.443107 1243.260120 1241.968616 1241.738913 1241.351554 1241.147422 
0.000759 0.000891 0.000816 0.000608 0.000380 0.000211 0.000128 0.000082 0.000053 0.000040 0.000030 0.000024 0.000022 0.000022 0.000021 0.000019 0.000017 0.000014 0.000013 0.000012 0.000012 0.000011 0.000011 0.000011 0.000012 0.000014 0.000013 0.000013 0.000014 0.000017 
1274.570123 1274.083220 1272.659485 1269.734510 1266.869600 1268.052172 1276.701405 1282.506540 1281.276266 1275.921674 1273.571060 1273.098131 1271.701538 1269.808180 1268.732098 1268.133316 1267.495909 1267.159165 1268.313156 1270.020552 1269.980119 1269.329565 1269.181229 1267.949899 1267.126053 1267.933613 1268.005994 1266.049317 1265.750597 1267.707416 
0.001264 0.001532 0.001400 0.000994 0.000581 0.000273 0.000113 0.000059 0.000045 0.000035 0.000029 0.000026 0.000024 0.000023 0.000022 0.000021 0.000021 0.000021 0.000021 0.000020 0.000019 0.000018 0.000018 0.000018 0.000019 0.000018 0.000018 0.000018 0.000020 0.000022 
1333.859714 1333.023953 1331.192501 1328.351958 1326.194056 1325.707570 1328.293863 1330.021941 1328.858672 1328.570869 1327.024769 1325.672867 1325.487347 1325.822847 1325.729987 1324.818373 1323.317913 1322.375806 1322.035518 1321.964838 1322.407676 1323.353279 1323.725076 1323.696358 1323.575427 1322.697791 1321.497258 1321.508782 1322.252671 1323.462582 
0.000743 0.000937 0.000905 0.000709 0.000450 0.000227 0.000082 0.000042 0.000037 0.000032 0.000026 0.000022 0.000021 0.000019 0.000017 0.000014 0.000011 0.000010 0.000010 0.000012 0.000014 0.000013 0.000011 0.000010 0.000009 0.000010 0.000012 0.000012 0.000013 0.000015 
1386.751215 1388.430509 1389.283389 1389.951088 1390.722704 1393.198627 1396.629908 1390.776092 1389.996585 1389.693431 1389.108559 1388.065886 1387.080468 1386.869529 1387.376125 1388.243217 1388.462812 1387.824450 1387.045114 1386.475814 1386.197909 1386.024549 1385.820413 1385.585619 1384.941613 1383.955406 1383.212516 1383.290628 1386.886981 1391.871985 
0.001428 0.001623 0.001446 0.001079 0.000709 0.000385 0.000163 0.000080 0.000053 0.000039 0.000029 0.000025 0.000024 0.000023 0.000022 0.000019 0.000016 0.000015 0.000015 0.000017 0.000017 0.000016 0.000015 0.000015 0.000015 0.000016 0.000018 0.000019 0.000021 0.000022 
1460.669617 1460.196157 1458.793327 1457.133308 1454.910472 1453.563802 1453.031419 1455.770548 1457.970847 1457.260679 1455.800381 1453.408030 1450.808762 1449.208777 1448.908675 1449.363000 1449.072396 1446.779774 1444.939155 1444.989329 1445.204134 1445.196755 1445.706225 1446.570116 1446.959074 1447.033542 1446.856888 1446.576552 1446.120139 1447.331257 
0.000669 0.000685 0.000626 0.000571 0.000461 0.000280 0.000136 0.000062 0.000038 0.000027 0.000021 0.000017 0.000014 0.000013 0.000012 0.000012 0.000012 0.000011 0.000011 0.000011 0.000013 0.000014 0.000014 0.000014 0.000013 0.000011 0.000010 0.000009 0.000009 0.000010 
1495.997376 1495.369599 1496.804814 1498.990155 1499.047247 1497.259187 1497.115927 1500.280608 1501.671654 1499.696078 1498.994281 1499.543098 1499.614358 1499.144556 1499.722159 1500.579022 1500.702375 1500.961372 1501.908586 1502.687445 1502.886163 1503.089046 1503.668802 1504.141810 1504.192358 1503.949298 1503.300126 1503.811231 1505.769834 1506.005612 
0.001289 0.001496 0.001357 0.000970 0.000566 0.000262 0.000099 0.000053 0.000040 0.000033 0.000027 0.000022 0.000020 0.000019 0.000019 0.000018 0.000017 0.000015 0.000013 0.000013 0.000014 0.000016 0.000018 0.000018 0.000017 0.000016 0.000017 0.000017 0.000017 0.000018 
1552.096760 1553.306459 1553.554156 1552.647637 1549.441864 1548.182703 1556.181735 1559.721287 1555.402839 1554.310523 1555.201410 1556.683314 1557.832077 1557.977853 1557.627994 1557.674785 1558.253137 1559.241812 1559.801056 1559.375716 1559.249074 1559.250132 1558.708077 1558.307953 1558.758436 1559.867758 1560.518007 1560.134931 1559.375869 1557.982916 
0.000171 0.000461 0.000351 0.000268 0.000241 0.000146 0.000054 0.000024 0.000022 0.000018 0.000014 0.000010 0.000009 0.000008 0.000008 0.000007 0.000005 0.000004 0.000003 0.000003 0.000003 0.000003 0.000002 0.000002 0.000002 0.000002 0.000003 0.000003 0.000005 0.000007 
1586.711529 1588.786804 1589.406504 1588.162108 1587.244664 1586.754121 1586.119978 1585.541845 1585.682285 1585.976485 1586.329486 1586.193901 1585.834075 1585.636720 1585.657424 1585.994009 1586.752325 1587.657763 1588.870964 1588.701607 1586.356436 1584.464384 1584.147303 1587.178965 1590.647572 1591.062647 1590.081247 1590.153309 1589.154076 1588.139865 
0.000636 0.000762 0.000707 0.000523 0.000310 0.000152 0.000067 0.000034 0.000027 0.000021 0.000016 0.000013 0.000011 0.000010 0.000009 0.000008 0.000006 0.000005 0.000004 0.000004 0.000005 0.000006 0.000006 0.000005 0.000004 0.000003 0.000003 0.000003 0.000004 0.000007 
1613.186579 1612.852770 1611.340276 1608.073232 1603.838654 1601.230797 1602.362840 1605.741030 1607.560207 1607.178975 1606.841148 1606.855838 1606.880782 1606.515544 1606.478429 1607.101989 1607.524845 1607.595192 1608.294352 1609.683053 1610.558263 1610.725753 1610.303541 1608.740133 1606.725549 1606.263329 1608.955119 1610.627105 1606.481112 1605.122706 
0.001415 0.001612 0.001314 0.000742 0.000263 0.000085 0.000042 0.000028 0.000024 0.000021 0.000017 0.000014 0.000012 0.000011 0.000010 0.000008 0.000007 0.000005 0.000005 0.000006 0.000008 0.000009 0.000009 0.000008 0.000007 0.000008 0.000008 0.000009 0.000010 0.000013 
1632.648882 1632.593888 1632.526540 1632.455208 1632.204225 1631.651567 1630.683591 1631.036453 1630.653396 1630.370576 1630.243965 1630.108991 1630.006227 1629.894596 1629.557679 1629.439502 1630.358548 1631.430562 1629.781396 1627.791687 1627.441285 1627.108744 1626.848726 1626.599947 1626.926198 1627.637197 1627.629477 1626.633023 1627.386938 1629.402838 
0.002258 0.002638 0.002202 0.001278 0.000470 0.000141 0.000065 0.000040 0.000033 0.000028 0.000024 0.000020 0.000018 0.000017 0.000017 0.000018 0.000019 0.000019 0.000017 0.000017 0.000017 0.000017 0.000016 0.000014 0.000013 0.000012 0.000012 0.000013 0.000015 0.000019 
1675.002939 1675.023034 1674.966347 1674.729526 1673.822799 1671.423507 1673.000327 1675.711570 1677.866968 1677.615840 1677.933370 1679.126774 1680.066237 1680.529098 1680.578610 1680.378152 1680.178825 1680.546553 1682.174106 1683.628607 1683.506900 1682.526106 1681.989602 1681.816341 1681.228413 1681.289295 1682.299827 1682.630120 1681.633357 1679.829808 
0.000510 0.000581 0.000541 0.000423 0.000268 0.000125 0.000055 0.000030 0.000021 0.000015 0.000012 0.000010 0.000009 0.000008 0.000007 0.000007 0.000005 0.000004 0.000003 0.000003 0.000004 0.000005 0.000004 0.000004 0.000004 0.000004 0.000005 0.000006 0.000007 0.000007 
1712.458481 1711.712097 1711.637451 1712.558310 1714.353370 1717.060822 1718.009294 1716.668804 1714.623722 1714.532755 1714.818545 1715.167332 1715.207644 1714.860506 1714.467211 1714.129380 1713.859816 1713.846822 1714.443590 1714.755232 1714.467841 1713.957675 1712.986598 1712.112324 1713.377057 1714.733655 1714.998494 1715.068603 1715.608555 1716.022142 
0.000335 0.000321 0.000272 0.000221 0.000172 0.000106 0.000056 0.000025 0.000017 0.000014 0.000012 0.000009 0.000007 0.000006 0.000005 0.000004 0.000004 0.000004 0.000003 0.000003 0.000003 0.000003 0.000003 0.000003 0.000002 0.000002 0.000003 0.000003 0.000003 0.000005 
1729.635996 1731.233852 1731.289594 1729.195759 1726.272197 1725.341824 1726.389578 1727.751558 1728.175232 1727.624601 1727.223632 1727.124204 1727.822739 1728.707778 1728.798045 1728.286990 1728.070198 1728.245338 1727.861354 1726.862384 1726.422960 1726.824010 1727.532716 1728.415645 1729.480837 1730.011519 1729.053934 1728.475492 1728.034951 1727.973237 
0.000855 0.001007 0.000883 0.000578 0.000297 0.000141 0.000071 0.000039 0.000032 0.000028 0.000022 0.000017 0.000014 0.000013 0.000013 0.000012 0.000013 0.000013 0.000012 0.000010 0.000010 0.000010 0.000010 0.000010 0.000009 0.000009 0.000010 0.000010 0.000010 0.000012 
1751.170140 1750.528769 1750.249929 1750.466158 1751.346620 1752.025903 1752.430974 1755.977013 1757.127818 1756.643425 1756.429049 1756.080907 1755.637699 1755.148504 1754.454344 1753.798383 1753.332333 1753.172606 1753.930275 1756.215485 1757.875516 1755.921231 1753.194811 1751.780231 1750.429437 1749.227239 1749.480455 1750.346553 1750.377422 1749.649476 
0.000629 0.000706 0.000589 0.000364 0.000169 0.000068 0.000043 0.000038 0.000033 0.000029 0.000025 0.000023 0.000021 0.000019 0.000016 0.000015 0.000013 0.000011 0.000010 0.000011 0.000012 0.000012 0.000012 0.000012 0.000013 0.000014 0.000015 0.000015 0.000014 0.000014 
1808.160692 1808.335613 1807.616656 1805.969685 1804.296265 1806.282931 1807.162330 1806.009662 1805.201957 1804.088700 1803.317674 1803.792086 1804.700414 1804.779333 1804.234653 1803.793334 1804.062205 1804.576490 1804.901489 1804.837391 1804.378709 1804.326980 1804.615609 1803.720693 1802.046591 1801.193250 1802.116331 1803.460102 1802.875675 1800.411151 
0.000244 0.000255 0.000199 0.000129 0.000076 0.000044 0.000028 0.000024 0.000022 0.000019 0.000016 0.000013 0.000012 0.000011 0.000010 0.000009 0.000008 0.000006 0.000006 0.000006 0.000005 0.000005 0.000005 0.000005 0.000005 0.000005 0.000006 0.000007 0.000009 0.000011 
1857.597515 1858.343852 1859.658742 1860.267475 1859.003807 1855.839080 1857.555274 1859.318286 1859.084189 1859.392780 1860.209905 1860.905111 1861.252343 1861.158910 1859.933290 1858.875883 1859.963885 1862.763144 1864.247141 1863.278791 1861.633312 1861.240965 1862.146223 1862.095650 1860.501817 1860.937907 1862.934726 1862.780514 1860.996691 1859.489621 
0.000198 0.000253 0.000240 0.000174 0.000102 0.000055 0.000030 0.000020 0.000018 0.000016 0.000012 0.000010 0.000009 0.000008 0.000007 0.000006 0.000004 0.000003 0.000003 0.000003 0.000003 0.000003 0.000004 0.000005 0.000005 0.000003 0.000003 0.000003 0.000004 0.000006 
1890.285314 1890.865026 1890.958151 1890.181123 1888.254240 1887.068442 1888.476971 1889.366506 1889.638231 1889.538205 1889.267616 1889.052906 1888.893316 1888.885398 1888.887053 1888.829036 1889.340375 1890.104971 1889.037518 1888.578852 1889.741791 1890.777236 1890.543500 1890.054927 1889.922815 1890.781553 1892.676999 1892.764539 1891.352462 1890.612708 
0.000413 0.000544 0.000518 0.000356 0.000170 0.000066 0.000036 0.000031 0.000026 0.000021 0.000017 0.000014 0.000013 0.000013 0.000013 0.000013 0.000012 0.000010 0.000009 0.000009 0.000009 0.000009 0.000009 0.000009 0.000010 0.000011 0.000011 0.000010 0.000010 0.000010 
1929.129673 1928.305554 1927.585232 1926.973196 1926.851214 1926.452962 1926.310272 1925.136943 1926.382849 1927.143035 1927.178683 1927.517527 1928.000945 1928.387703 1929.473383 1929.884550 1928.510103 1926.518191 1926.406036 1926.813337 1926.212738 1924.534820 1923.419555 1923.502695 1924.142830 1924.201073 1923.967599 1923.360945 1922.736975 1922.828059 
0.000154 0.000201 0.000185 0.000120 0.000056 0.000026 0.000017 0.000015 0.000015 0.000013 0.000010 0.000008 0.000007 0.000006 0.000006 0.000005 0.000004 0.000003 0.000002 0.000003 0.000003 0.000003 0.000004 0.000005 0.000005 0.000005 0.000003 0.000002 0.000003 0.000005 
1981.244867 1980.982414 1980.574660 1979.757802 1978.326197 1979.326408 1982.358296 1981.617111 1980.688439 1980.388934 1980.447319 1980.738865 1981.316192 1981.990397 1982.328906 1982.245699 1982.139139 1982.287006 1982.221470 1982.156112 1982.357791 1982.554924 1982.803256 1982.794982 1982.541964 1982.322795 1982.908971 1983.027752 1980.884085 1980.425849 
0.000319 0.000350 0.000284 0.000181 0.000108 0.000064 0.000035 0.000025 0.000023 0.000020 0.000017 0.000014 0.000011 0.000010 0.000009 0.000008 0.000008 0.000007 0.000007 0.000007 0.000008 0.000009 0.000008 0.000007 0.000006 0.000006 0.000007 0.000009 0.000011 0.000012 
2025.392975 2024.961560 2025.211579 2027.291556 2029.858260 2029.700777 2027.348912 2026.931005 2028.317312 2029.596962 2030.997997 2031.973730 2031.631380 2030.451637 2029.908656 2029.565389 2028.796342 2029.010981 2031.528119 2034.436201 2035.179829 2034.117818 2032.745669 2032.505511 2034.361408 2035.629040 2035.686827 2034.658926 2033.632994 2031.810512 
0.000476 0.000523 0.000434 0.000293 0.000174 0.000098 0.000053 0.000037 0.000034 0.000030 0.000024 0.000019 0.000016 0.000016 0.000015 0.000013 0.000012 0.000011 0.000009 0.000009 0.000011 0.000012 0.000012 0.000011 0.000011 0.000011 0.000011 0.000011 0.000011 0.000011 
2072.000505 2072.533724 2073.029226 2072.775991 2071.266894 2068.530135 2068.073758 2070.335684 2068.847932 2066.794794 2065.678598 2065.799527 2065.703693 2064.127296 2062.541512 2062.104274 2062.960839 2064.869441 2067.362713 2065.285410 2060.229469 2058.306407 2059.575485 2061.506348 2061.543842 2059.355663 2058.436915 2060.278763 2063.291994 2068.956250 
0.000604 0.000740 0.000662 0.000428 0.000195 0.000073 0.000045 0.000037 0.000033 0.000028 0.000024 0.000019 0.000016 0.000015 0.000014 0.000012 0.000011 0.000010 0.000009 0.000009 0.000009 0.000009 0.000011 0.000012 0.000012 0.000013 0.000013 0.000012 0.000011 0.000009 
2174.052649 2172.158996 2170.362762 2168.792614 2168.956419 2175.284518 2174.396697 2170.288774 2169.176195 2168.676746 2168.556666 2170.016734 2172.382238 2172.107281 2169.756811 2168.156796 2168.267315 2168.819845 2168.803326 2169.114341 2167.349897 2162.739087 2160.236119 2162.751546 2167.306238 2169.089220 2168.419498 2168.801318 2173.144208 2177.355613 
0.000219 0.000414 0.000323 0.000281 0.000187 0.000093 0.000039 0.000024 0.000020 0.000017 0.000015 0.000012 0.000011 0.000010 0.000009 0.000008 0.000007 0.000006 0.000007 0.000008 0.000008 0.000007 0.000007 0.000007 0.000007 0.000007 0.000007 0.000007 0.000006 0.000005 
2266.909330 2268.744692 2271.344414 2272.991302 2273.138667 2270.817801 2266.849022 2269.349453 2270.991840 2271.256812 2270.970364 2270.408968 2270.657985 2271.978211 2273.231379 2272.459410 2269.743435 2268.198984 2269.670967 2270.431131 2270.659664 2271.735541 2273.051023 2273.098120 2272.774493 2273.123206 2273.985751 2274.732835 2274.981949 2273.694883 
0.000202 0.000404 0.000315 0.000268 0.000166 0.000071 0.000026 0.000017 0.000015 0.000013 0.000011 0.000009 0.000008 0.000008 0.000008 0.000008 0.000007 0.000006 0.000005 0.000004 0.000005 0.000007 0.000008 0.000007 0.000006 0.000006 0.000007 0.000007 0.000006 0.000006 
2295.936657 2295.162565 2293.796016 2292.683612 2292.071195 2292.679505 2294.284722 2292.307563 2290.735405 2290.352366 2289.986382 2289.550868 2289.590428 2289.759097 2289.680920 2289.399454 2289.081887 2289.036548 2289.247402 2289.704972 2290.494348 2291.077120 2291.236611 2290.943876 2290.144058 2290.149396 2290.013233 2289.035182 2288.793744 2290.953258 
0.000593 0.000674 0.000560 0.000341 0.000159 0.000068 0.000034 0.000024 0.000022 0.000019 0.000015 0.000013 0.000012 0.000011 0.000010 0.000008 0.000006 0.000005 0.000005 0.000006 0.000008 0.000008 0.000007 0.000006 0.000004 0.000004 0.000004 0.000005 0.000005 0.000007 
2321.629248 2320.692631 2320.100329 2320.821093 2323.211222 2325.444165 2322.025907 2323.279393 2323.205409 2322.719228 2322.452680 2323.471787 2325.856882 2327.810565 2328.750290 2329.048185 2329.163709 2327.306018 2322.438661 2320.516611 2320.741334 2322.574337 2325.766326 2328.785123 2330.858426 2331.324265 2329.449800 2328.072947 2327.342890 2326.240320 
0.000355 0.000382 0.000303 0.000181 0.000092 0.000043 0.000026 0.000021 0.000019 0.000017 0.000013 0.000011 0.000009 0.000008 0.000008 0.000007 0.000006 0.000005 0.000005 0.000005 0.000004 0.000004 0.000005 0.000006 0.000006 0.000005 0.000004 0.000004 0.000004 0.000005 
2375.022217 2374.964689 2375.645050 2377.770703 2379.514457 2378.212328 2376.286880 2377.910110 2378.364519 2378.961873 2379.628805 2379.211077 2377.807557 2377.462781 2378.410296 2380.156031 2381.369690 2380.084471 2378.860046 2379.255269 2378.765887 2374.959593 2373.485943 2373.817880 2373.335756 2373.445027 2376.530805 2381.835126 2384.633580 2383.794585 
0.000503 0.000563 0.000460 0.000273 0.000119 0.000050 0.000030 0.000025 0.000023 0.000020 0.000017 0.000014 0.000012 0.000012 0.000011 0.000010 0.000008 0.000007 0.000008 0.000009 0.000009 0.000009 0.000008 0.000009 0.000008 0.000008 0.000008 0.000008 0.000008 0.000008 
2427.969056 2428.625199 2429.219850 2429.840956 2430.503149 2429.524880 2424.778462 2422.219740 2421.196138 2420.071453 2419.178587 2419.008503 2419.383113 2419.627609 2419.931190 2420.930337 2422.197387 2421.635892 2419.727445 2418.524783 2418.293657 2418.375742 2416.854987 2414.941763 2415.024539 2416.680522 2416.748121 2414.881853 2416.073710 2422.515093 
0.000755 0.000816 0.000629 0.000336 0.000119 0.000046 0.000030 0.000027 0.000024 0.000021 0.000016 0.000013 0.000011 0.000010 0.000010 0.000009 0.000007 0.000005 0.000006 0.000007 0.000008 0.000008 0.000007 0.000005 0.000005 0.000007 0.000008 0.000008 0.000008 0.000007 
2480.442333 2480.790794 2481.368938 2482.330035 2483.012836 2479.360936 2477.559110 2477.707706 2477.984082 2477.757558 2477.162565 2476.445797 2476.013316 2475.692645 2475.190385 2474.237719 2473.415411 2477.948237 2484.164347 2482.573004 2477.397846 2473.090209 2470.959945 2470.141518 2468.043200 2467.084580 2470.147736 2474.122925 2476.331388 2476.054736 
0.000895 0.000935 0.000697 0.000356 0.000124 0.000055 0.000037 0.000032 0.000030 0.000026 0.000021 0.000017 0.000015 0.000015 0.000015 0.000014 0.000013 0.000012 0.000011 0.000010 0.000010 0.000010 0.000011 0.000010 0.000010 0.000010 0.000010 0.000010 0.000010 0.000010 
2544.297540 2544.324291 2544.667580 2545.739647 2549.204444 2548.747659 2546.635585 2545.454615 2545.488626 2544.572168 2543.789433 2544.723976 2547.306869 2548.687731 2546.592601 2541.051012 2534.400095 2530.104902 2530.332193 2535.175388 2541.741997 2545.681884 2547.063342 2548.469054 2549.558220 2548.767795 2547.948731 2548.578292 2548.797071 2549.064733 
0.000718 0.000763 0.000589 0.000326 0.000128 0.000050 0.000033 0.000029 0.000026 0.000023 0.000019 0.000016 0.000015 0.000015 0.000014 0.000012 0.000010 0.000010 0.000010 0.000009 0.000009 0.000009 0.000009 0.000009 0.000010 0.000010 0.000008 0.000008 0.000008 0.000008 
2624.995197 2625.556052 2626.410281 2628.078845 2631.811745 2634.295925 2628.493202 2626.532747 2626.731552 2627.058301 2627.093570 2626.910917 2625.821976 2625.125681 2626.132400 2628.486345 2633.278493 2638.969606 2640.188600 2637.536466 2633.469956 2629.791526 2627.795785 2630.560579 2635.480880 2638.401990 2639.672688 2638.208049 2628.409182 2621.540507 
0.000212 0.000217 0.000167 0.000104 0.000060 0.000035 0.000021 0.000017 0.000016 0.000013 0.000011 0.000009 0.000009 0.000009 0.000007 0.000005 0.000004 0.000004 0.000004 0.000004 0.000004 0.000003 0.000003 0.000003 0.000003 0.000003 0.000003 0.000003 0.000003 0.000004 
2685.930151 2686.631021 2688.189701 2690.513673 2690.995966 2688.766318 2687.914919 2687.179386 2686.220970 2685.579098 2685.286127 2685.501867 2685.675965 2685.936909 2686.634712 2687.502799 2688.271877 2688.354522 2686.207391 2683.269134 2682.524487 2683.956672 2684.137392 2683.220329 2682.154820 2681.664893 2684.571304 2686.743486 2685.933850 2683.620001 
0.000383 0.000466 0.000421 0.000280 0.000134 0.000053 0.000030 0.000024 0.000022 0.000020 0.000017 0.000014 0.000012 0.000010 0.000009 0.000009 0.000010 0.000010 0.000009 0.000009 0.000008 0.000008 0.000008 0.000007 0.000006 0.000006 0.000006 0.000006 0.000007 0.000008 
2735.940793 2739.103445 2742.263932 2745.610367 2749.293643 2749.995484 2743.598187 2739.615943 2738.285433 2738.645515 2739.652612 2741.298812 2742.384983 2741.682230 2739.969362 2739.269525 2739.971887 2741.723502 2743.430397 2742.684319 2739.840520 2737.192449 2736.166134 2737.224386 2737.635409 2737.941811 2739.203720 2739.488152 2737.965474 2734.524751 
0.000482 0.000508 0.000386 0.000208 0.000085 0.000040 0.000028 0.000024 0.000022 0.000018 0.000015 0.000013 0.000011 0.000010 0.000009 0.000008 0.000008 0.000007 0.000008 0.000007 0.000007 0.000007 0.000006 0.000005 0.000006 0.000007 0.000007 0.000007 0.000007 0.000008 
2810.987326 2810.004900 2809.613372 2810.864496 2815.932482 2815.517334 2812.980420 2814.872944 2815.245286 2814.929427 2814.382523 2814.128585 2814.306427 2814.257354 2813.814624 2814.258878 2817.152287 2820.294240 2820.741093 2819.291720 2818.620349 2819.305834 2818.632656 2814.258071 2809.287392 2809.560751 2812.832554 2815.877922 2814.093591 2811.057723 
0.000369 0.000377 0.000283 0.000156 0.000068 0.000032 0.000023 0.000020 0.000019 0.000016 0.000013 0.000010 0.000008 0.000007 0.000007 0.000007 0.000006 0.000006 0.000006 0.000005 0.000006 0.000007 0.000007 0.000006 0.000005 0.000004 0.000004 0.000005 0.000005 0.000004 
2862.911512 2863.091378 2862.788007 2861.063908 2857.316870 2857.710632 2861.225317 2861.374495 2861.045498 2860.257110 2859.120465 2858.540244 2858.903639 2859.780311 2861.340251 2862.210105 2861.652386 2862.179822 2863.769398 2865.595591 2866.725164 2867.632084 2865.838190 2861.697215 2858.121119 2856.033265 2856.386319 2858.507377 2859.408422 2858.927500 
0.000366 0.000421 0.000351 0.000207 0.000083 0.000031 0.000022 0.000020 0.000018 0.000015 0.000011 0.000009 0.000008 0.000008 0.000007 0.000007 0.000005 0.000004 0.000003 0.000003 0.000003 0.000004 0.000004 0.000005 0.000005 0.000005 0.000005 0.000005 0.000004 0.000005 
2925.626698 2926.863537 2928.343977 2930.243359 2931.790955 2929.751287 2928.926965 2929.323554 2928.963934 2929.028596 2929.440035 2930.082660 2931.268901 2932.420508 2932.663452 2932.420225 2932.118149 2931.447949 2930.515340 2930.354845 2931.444960 2933.564686 2934.638234 2934.966205 2933.922916 2930.926325 2928.967599 2928.655679 2928.448260 2926.570826 
0.000169 0.000301 0.000236 0.000176 0.000095 0.000039 0.000019 0.000017 0.000015 0.000013 0.000011 0.000009 0.000008 0.000008 0.000007 0.000006 0.000005 0.000005 0.000006 0.000006 0.000006 0.000006 0.000006 0.000005 0.000005 0.000006 0.000006 0.000006 0.000005 0.000005 
2969.236098 2966.893466 2965.364943 2964.579446 2964.933946 2967.132021 2966.813928 2966.005914 2966.220264 2966.099294 2965.779092 2965.170498 2965.074046 2965.909910 2967.003385 2968.283515 2967.718078 2963.819585 2962.435142 2963.836782 2966.844233 2968.575342 2968.461009 2969.486438 2972.372443 2971.943037 2971.269331 2971.424340 2969.721274 2965.939482 
0.000576 0.000620 0.000480 0.000258 0.000093 0.000038 0.000029 0.000025 0.000022 0.000018 0.000015 0.000012 0.000011 0.000009 0.000008 0.000008 0.000009 0.000008 0.000008 0.000007 0.000006 0.000006 0.000005 0.000004 0.000005 0.000006 0.000006 0.000005 0.000005 0.000006 
3042.869208 3041.794251 3040.106974 3037.178300 3033.077246 3036.732231 3039.322319 3037.961378 3036.871270 3036.545621 3036.462200 3037.442586 3038.427041 3038.356778 3038.049598 3036.347480 3033.827366 3033.388398 3035.094642 3038.621119 3042.588509 3044.094127 3043.600468 3040.427734 3035.219061 3032.097742 3031.759749 3033.104148 3032.325437 3031.088202 
0.000446 0.000465 0.000348 0.000182 0.000070 0.000032 0.000022 0.000019 0.000017 0.000015 0.000012 0.000011 0.000010 0.000009 0.000008 0.000006 0.000006 0.000005 0.000004 0.000003 0.000003 0.000005 0.000005 0.000005 0.000005 0.000005 0.000006 0.000006 0.000007 0.000008 
3077.526774 3077.348326 3077.316409 3077.648353 3077.479204 3077.162087 3077.241493 3078.558980 3078.324949 3078.163697 3078.471240 3078.749511 3078.735418 3078.640146 3078.661040 3078.880022 3078.776433 3078.349676 3078.714657 3080.678194 3080.843989 3079.860775 3079.957164 3078.887590 3075.487150 3073.282277 3073.692658 3075.241566 3075.025893 3073.724839 
0.000435 0.000452 0.000343 0.000190 0.000082 0.000038 0.000026 0.000021 0.000017 0.000014 0.000011 0.000009 0.000009 0.000009 0.000008 0.000007 0.000005 0.000004 0.000005 0.000005 0.000004 0.000004 0.000005 0.000006 0.000008 0.000008 0.000007 0.000006 0.000004 0.000005 
3126.428032 3127.665700 3128.932524 3129.673116 3127.599449 3123.042812 3121.934250 3122.763593 3123.135845 3122.998028 3123.218330 3123.660556 3123.932901 3124.599016 3125.420223 3125.223289 3122.852720 3122.145962 3123.785801 3123.085472 3122.372684 3122.752642 3122.574950 3123.882285 3126.662679 3128.942642 3129.741445 3129.038440 3126.468642 3123.701735 
0.000172 0.000177 0.000138 0.000084 0.000046 0.000025 0.000016 0.000012 0.000011 0.000009 0.000007 0.000006 0.000006 0.000005 0.000004 0.000004 0.000004 0.000003 0.000002 0.000002 0.000003 0.000004 0.000003 0.000003 0.000004 0.000004 0.000003 0.000002 0.000003 0.000003 
3169.487516 3169.363691 3169.600377 3170.748727 3172.366373 3172.197505 3169.963455 3169.747401 3170.714761 3171.469093 3172.079236 3172.216368 3172.205625 3172.839312 3173.300761 3171.974259 3170.772607 3170.413483 3170.852560 3171.179287 3170.708306 3170.125433 3168.651336 3167.731631 3169.244683 3170.310389 3171.324189 3172.065211 3171.848463 3171.158621 
0.000213 0.000224 0.000184 0.000125 0.000075 0.000039 0.000018 0.000013 0.000012 0.000011 0.000010 0.000008 0.000007 0.000007 0.000006 0.000005 0.000005 0.000005 0.000004 0.000004 0.000003 0.000003 0.000003 0.000005 0.000005 0.000005 0.000004 0.000004 0.000004 0.000003 
3218.116870 3217.951946 3217.427832 3216.608445 3216.157617 3216.408944 3216.956984 3217.230744 3217.005317 3217.140635 3217.374486 3217.479199 3217.475776 3216.827549 3215.367223 3213.389572 3211.967661 3212.579969 3213.090994 3213.132453 3214.678420 3216.438898 3216.936533 3217.339131 3218.747057 3220.544190 3221.167277 3220.081140 3217.734659 3213.822934 
0.000471 0.000495 0.000381 0.000218 0.000098 0.000041 0.000020 0.000016 0.000015 0.000013 0.000011 0.000010 0.000009 0.000008 0.000007 0.000006 0.000006 0.000006 0.000006 0.000006 0.000007 0.000007 0.000007 0.000007 0.000007 0.000007 0.000007 0.000006 0.000006 0.000007 
3246.107506 3246.538445 3246.967001 3246.748316 3245.219543 3242.843995 3244.721338 3244.806320 3244.096498 3243.478052 3243.995865 3246.303661 3247.742942 3247.574101 3246.341291 3244.801903 3244.242102 3243.629853 3243.085003 3243.713835 3244.487799 3244.938267 3246.338883 3246.812287 3244.071187 3239.599188 3236.310098 3234.871305 3236.418804 3239.500447 
0.000543 0.000540 0.000379 0.000180 0.000070 0.000034 0.000020 0.000016 0.000014 0.000012 0.000010 0.000009 0.000009 0.000009 0.000008 0.000006 0.000005 0.000004 0.000004 0.000004 0.000004 0.000005 0.000005 0.000005 0.000004 0.000003 0.000003 0.000003 0.000003 0.000004 
3275.700106 3275.491631 3275.326036 3275.408059 3274.018114 3272.885456 3272.307358 3274.491055 3274.766075 3274.841033 3275.058704 3274.915692 3275.341491 3277.299638 3278.991513 3278.547561 3275.535357 3272.853182 3272.723138 3273.741381 3274.700778 3275.236631 3275.604622 3277.002876 3279.431225 3280.142364 3277.083665 3273.930199 3272.765043 3273.396095 
0.000627 0.000664 0.000506 0.000270 0.000098 0.000034 0.000019 0.000014 0.000013 0.000012 0.000010 0.000009 0.000007 0.000006 0.000006 0.000006 0.000005 0.000004 0.000004 0.000004 0.000003 0.000003 0.000003 0.000004 0.000003 0.000003 0.000003 0.000003 0.000003 0.000004 
3326.020952 3326.013707 3326.216663 3326.963445 3328.523883 3327.744337 3326.095608 3327.015007 3326.661239 3325.926678 3325.444230 3326.144828 3326.586467 3324.352629 3322.651363 3323.297570 3325.183411 3326.698305 3326.064380 3325.419013 3325.624018 3326.944793 3329.543816 3330.423084 3329.208360 3326.485657 3325.035520 3325.673511 3326.200599 3325.540763 
0.000876 0.000923 0.000700 0.000372 0.000135 0.000050 0.000028 0.000024 0.000021 0.000017 0.000013 0.000011 0.000010 0.000009 0.000008 0.000007 0.000006 0.000006 0.000005 0.000006 0.000006 0.000005 0.000005 0.000005 0.000006 0.000007 0.000007 0.000006 0.000006 0.000007 
3392.386369 3392.480608 3392.834309 3393.701382 3395.036687 3394.753815 3394.413493 3392.997482 3391.394760 3391.606851 3393.238417 3395.266123 3396.436199 3396.385976 3395.747360 3394.708977 3391.801824 3388.095409 3388.579999 3394.024461 3397.575904 3398.165857 3399.742462 3402.908713 3400.315182 3396.341906 3394.736241 3393.656417 3392.249542 3393.932120 
0.000632 0.000659 0.000502 0.000278 0.000116 0.000051 0.000031 0.000027 0.000024 0.000021 0.000017 0.000013 0.000011 0.000011 0.000010 0.000010 0.000010 0.000010 0.000009 0.000008 0.000007 0.000007 0.000007 0.000007 0.000007 0.000006 0.000006 0.000006 0.000006 0.000009 
3461.614141 3461.480945 3460.439008 3457.400506 3452.188005 3454.976570 3466.227013 3469.803581 3470.475904 3469.701578 3467.966165 3467.074394 3468.645743 3471.762576 3474.761606 3476.664205 3477.811400 3479.720252 3481.644241 3480.159234 3473.085872 3464.906156 3461.195777 3462.289231 3466.122499 3468.712799 3469.833778 3465.220979 3458.827897 3460.019921 
0.000184 0.000214 0.000189 0.000130 0.000071 0.000032 0.000018 0.000016 0.000015 0.000013 0.000010 0.000007 0.000006 0.000006 0.000006 0.000006 0.000004 0.000003 0.000003 0.000003 0.000004 0.000005 0.000005 0.000005 0.000004 0.000004 0.000005 0.000004 0.000004 0.000005 
3536.080671 3536.633521 3537.298263 3538.004361 3538.509167 3538.609321 3537.745511 3537.055804 3537.205160 3537.416199 3537.657188 3537.263341 3536.191189 3536.911251 3538.052810 3538.785027 3539.769495 3540.599894 3539.468308 3538.719969 3540.692772 3542.601948 3542.457035 3541.072680 3538.892389 3537.526940 3537.649933 3538.367143 3538.007849 3536.408846 
0.000578 0.000674 0.000575 0.000354 0.000148 0.000047 0.000026 0.000022 0.000019 0.000017 0.000014 0.000011 0.000009 0.000009 0.000009 0.000009 0.000009 0.000009 0.000010 0.000009 0.000007 0.000006 0.000007 0.000007 0.000007 0.000006 0.000005 0.000005 0.000007 0.000008 
3621.838090 3620.776100 3620.097022 3620.041713 3621.182096 3622.711375 3619.787875 3618.554490 3618.484264 3617.675943 3616.209994 3616.355026 3620.086174 3623.834565 3624.586199 3622.742535 3619.859902 3619.440543 3620.857133 3622.141069 3623.661698 3624.429538 3624.120672 3624.618193 3625.805670 3624.561916 3618.993752 3618.092634 3619.452016 3618.167830 
0.000484 0.000546 0.000460 0.000287 0.000127 0.000040 0.000020 0.000018 0.000017 0.000015 0.000012 0.000010 0.000009 0.000008 0.000008 0.000008 0.000008 0.000008 0.000008 0.000008 0.000008 0.000007 0.000006 0.000005 0.000005 0.000005 0.000006 0.000007 0.000009 0.000010 
3677.454889 3678.769787 3680.010861 3680.935319 3681.415377 3681.146770 3677.708060 3676.712129 3677.199756 3676.994283 3676.096655 3674.481510 3673.078471 3672.886093 3673.224780 3673.311076 3673.135733 3671.743868 3669.966457 3670.028528 3671.982872 3673.517254 3673.326602 3672.709404 3671.207431 3669.794406 3671.177050 3672.567341 3672.609085 3672.962432 
0.000281 0.000298 0.000235 0.000140 0.000068 0.000034 0.000022 0.000019 0.000016 0.000013 0.000010 0.000009 0.000009 0.000009 0.000008 0.000007 0.000006 0.000006 0.000006 0.000006 0.000005 0.000003 0.000003 0.000004 0.000005 0.000005 0.000005 0.000005 0.000006 0.000006 
3739.719252 3738.483471 3736.893196 3735.245666 3735.763936 3737.273923 3737.165950 3737.890161 3738.859659 3739.035413 3740.651424 3742.609295 3742.049029 3740.526932 3739.684415 3739.562057 3738.196932 3734.668975 3733.042997 3734.469436 3737.048930 3738.585055 3742.325458 3746.241797 3747.471771 3747.097990 3743.922409 3740.023887 3737.938304 3737.529478 
0.000422 0.000448 0.000343 0.000185 0.000069 0.000029 0.000019 0.000017 0.000016 0.000013 0.000010 0.000009 0.000008 0.000007 0.000008 0.000009 0.000008 0.000007 0.000006 0.000006 0.000006 0.000006 0.000005 0.000005 0.000005 0.000005 0.000005 0.000005 0.000005 0.000004 
3786.354664 3787.089353 3787.579190 3786.982265 3782.609298 3777.638195 3780.612931 3781.899074 3781.172894 3780.042164 3779.880224 3782.198711 3784.357363 3783.839852 3781.888492 3780.603142 3780.786210 3781.976560 3781.561372 3777.925055 3776.173666 3777.178162 3779.139904 3780.793966 3781.997040 3783.397133 3783.564929 3782.795024 3782.179675 3780.964990 
0.000267 0.000280 0.000219 0.000133 0.000067 0.000032 0.000017 0.000013 0.000012 0.000011 0.000009 0.000007 0.000006 0.000005 0.000004 0.000004 0.000004 0.000003 0.000002 0.000002 0.000002 0.000002 0.000003 0.000004 0.000005 0.000005 0.000004 0.000003 0.000003 0.000004 
3814.928447 3814.189100 3813.419782 3813.414278 3814.946382 3817.992172 3819.233979 3818.182580 3817.184577 3817.026092 3817.736876 3818.827667 3818.020869 3815.539403 3814.829665 3816.427394 3817.712312 3818.166287 3816.792991 3814.755347 3815.936088 3819.155183 3819.545029 3817.253760 3816.080372 3815.741702 3815.720124 3815.576725 3815.846092 3816.810323 
0.000533 0.000557 0.000417 0.000218 0.000078 0.000034 0.000026 0.000024 0.000022 0.000019 0.000017 0.000015 0.000013 0.000012 0.000011 0.000011 0.000009 0.000008 0.000007 0.000006 0.000006 0.000006 0.000006 0.000005 0.000005 0.000006 0.000007 0.000008 0.000009 0.000009 
3864.725834 3865.245284 3865.614328 3865.408497 3864.783220 3867.412417 3867.330251 3867.456749 3867.245470 3865.397837 3862.064388 3858.587465 3857.601389 3858.806470 3858.391547 3856.613474 3855.077517 3855.803200 3861.528653 3869.538250 3873.633932 3874.577615 3872.914805 3865.410048 3858.211697 3857.562190 3861.991190 3867.036230 3871.976666 3874.734723 
0.000337 0.000354 0.000265 0.000137 0.000048 0.000021 0.000016 0.000015 0.000014 0.000013 0.000011 0.000010 0.000008 0.000007 0.000007 0.000006 0.000006 0.000006 0.000007 0.000007 0.000006 0.000006 0.000005 0.000005 0.000005 0.000005 0.000004 0.000003 0.000004 0.000004 
3947.329591 3947.686896 3947.868560 3947.439603 3944.497405 3942.510392 3944.240975 3944.031510 3944.360247 3944.977991 3945.497843 3945.729211 3945.918928 3945.514632 3944.082706 3942.924843 3943.637413 3945.899853 3947.909704 3947.287201 3944.775906 3941.396668 3937.804699 3936.664225 3938.879687 3941.594030 3943.168681 3941.268572 3939.600296 3939.968804 
0.000332 0.000338 0.000244 0.000121 0.000044 0.000024 0.000020 0.000019 0.000017 0.000015 0.000013 0.000013 0.000012 0.000011 0.000009 0.000008 0.000008 0.000008 0.000008 0.000007 0.000006 0.000006 0.000007 0.000008 0.000007 0.000006 0.000005 0.000006 0.000006 0.000007 
4011.980404 4012.472753 4013.430861 4015.530513 4017.707728 4014.167722 4013.163090 4012.508732 4011.326426 4011.010298 4012.534426 4012.883114 4010.944986 4009.124808 4009.112467 4011.095928 4015.297006 4019.357318 4020.596089 4018.991282 4016.372142 4017.908335 4020.169449 4019.461006 4017.412426 4013.261703 4005.634334 4001.584698 4000.789292 4001.463773 
0.000526 0.000575 0.000457 0.000260 0.000101 0.000031 0.000019 0.000017 0.000016 0.000013 0.000011 0.000010 0.000009 0.000009 0.000009 0.000007 0.000007 0.000009 0.000011 0.000010 0.000009 0.000008 0.000007 0.000007 0.000007 0.000007 0.000006 0.000005 0.000006 0.000007 
4091.027217 4090.493769 4089.763069 4088.614921 4086.531955 4085.561921 4088.979740 4088.430659 4088.332259 4088.853673 4089.083476 4088.818296 4087.488203 4085.721442 4086.103909 4090.662933 4098.707985 4101.306822 4098.778582 4094.166011 4088.696551 4087.644651 4090.695378 4091.104319 4086.685702 4082.047192 4080.232428 4080.642504 4080.092753 4079.930407 
0.000436 0.000443 0.000323 0.000170 0.000070 0.000032 0.000020 0.000018 0.000018 0.000017 0.000015 0.000012 0.000010 0.000010 0.000010 0.000009 0.000007 0.000006 0.000006 0.000005 0.000006 0.000007 0.000006 0.000006 0.000006 0.000006 0.000005 0.000004 0.000006 0.000008 
4147.258214 4147.526375 4147.844552 4147.782517 4148.262241 4149.223344 4147.289859 4147.419168 4149.628379 4149.926800 4148.530473 4146.002045 4145.162237 4148.594093 4150.296015 4148.030418 4144.682405 4145.959633 4148.993643 4148.952175 4146.810747 4146.453362 4148.408960 4153.665875 4156.482250 4156.373035 4153.945171 4145.741853 4144.007151 4147.864323 
0.000474 0.000475 0.000339 0.000168 0.000063 0.000032 0.000023 0.000021 0.000020 0.000017 0.000014 0.000011 0.000010 0.000010 0.000010 0.000009 0.000008 0.000008 0.000008 0.000008 0.000008 0.000009 0.000009 0.000009 0.000009 0.000008 0.000008 0.000008 0.000007 0.000007 
4217.025470 4217.956079 4218.880546 4219.067654 4215.649494 4209.461687 4207.190654 4205.748231 4206.869999 4208.785655 4209.846827 4209.979941 4211.132539 4210.481684 4208.454240 4207.842919 4208.501365 4207.999603 4208.135840 4210.976418 4214.682437 4214.786485 4211.779486 4209.081191 4206.775819 4202.663978 4199.562739 4200.303537 4205.855790 4211.835677 
0.000613 0.000661 0.000519 0.000292 0.000116 0.000045 0.000025 0.000021 0.000019 0.000016 0.000014 0.000012 0.000011 0.000010 0.000009 0.000008 0.000007 0.000007 0.000007 0.000007 0.000007 0.000006 0.000005 0.000005 0.000005 0.000006 0.000007 0.000007 0.000008 0.000008 
4285.162415 4285.776382 4286.878685 4288.802967 4291.537966 4291.122799 4291.349098 4290.350421 4290.214812 4290.409140 4291.342532 4290.390383 4287.501855 4286.966898 4289.604236 4290.105912 4286.051255 4283.651866 4284.966943 4284.325144 4280.928747 4279.703025 4281.861471 4281.857124 4278.249750 4277.330284 4281.467576 4286.006583 4287.189959 4285.844025 
0.000309 0.000321 0.000244 0.000132 0.000051 0.000022 0.000017 0.000016 0.000015 0.000013 0.000011 0.000010 0.000008 0.000007 0.000006 0.000007 0.000007 0.000007 0.000006 0.000006 0.000006 0.000007 0.000007 0.000006 0.000005 0.000003 0.000003 0.000003 0.000003 0.000004 
4350.335774 4350.110881 4349.625913 4348.842038 4347.881499 4345.745904 4345.039123 4346.161265 4347.445576 4347.591710 4347.422812 4348.115916 4348.904448 4349.033528 4347.068526 4343.224798 4342.543716 4345.553744 4348.435285 4348.867769 4348.961533 4348.940320 4348.374035 4348.325063 4348.374561 4348.524000 4347.989788 4344.305671 4340.633417 4341.092506 
0.000399 0.000416 0.000317 0.000175 0.000069 0.000029 0.000019 0.000017 0.000016 0.000014 0.000011 0.000009 0.000008 0.000008 0.000008 0.000007 0.000007 0.000007 0.000008 0.000008 0.000006 0.000005 0.000005 0.000006 0.000006 0.000005 0.000005 0.000005 0.000006 0.000007 
4396.611945 4397.304050 4398.159069 4398.351827 4396.947453 4392.435143 4394.762227 4396.181955 4396.696948 4396.632132 4396.409027 4397.563875 4401.101086 4404.435842 4405.264439 4404.003830 4401.333909 4398.995447 4396.807833 4393.978299 4391.434806 4388.505755 4384.895292 4385.043721 4388.047400 4391.175536 4393.382036 4393.131645 4392.461654 4392.366939 
0.000230 0.000233 0.000171 0.000089 0.000036 0.000019 0.000016 0.000013 0.000011 0.000009 0.000008 0.000007 0.000006 0.000006 0.000006 0.000005 0.000005 0.000006 0.000005 0.000004 0.000004 0.000004 0.000005 0.000005 0.000006 0.000007 0.000008 0.000007 0.000006 0.000005 
4452.034478 4451.801269 4451.299721 4450.294905 4450.065463 4451.842003 4451.543559 4450.893860 4450.664802 4450.460685 4450.084796 4450.314774 4451.078819 4450.945837 4451.270377 4452.725265 4452.485109 4450.884087 4450.536017 4451.155237 4451.727759 4452.948873 4452.639027 4449.945567 4446.531183 4445.525667 4446.444158 4449.214469 4452.437143 4454.649430 
0.000328 0.000328 0.000235 0.000117 0.000046 0.000025 0.000019 0.000018 0.000017 0.000014 0.000012 0.000011 0.000010 0.000009 0.000007 0.000007 0.000007 0.000007 0.000007 0.000007 0.000007 0.000007 0.000007 0.000007 0.000007 0.000006 0.000006 0.000005 0.000005 0.000005 
4511.873595 4511.647465 4511.374871 4511.262073 4513.592570 4514.398130 4513.133755 4512.632450 4512.635094 4512.700917 4511.007680 4508.445513 4508.588186 4510.293347 4512.337870 4514.485054 4515.838386 4516.289041 4516.277658 4516.929085 4517.964375 4517.369247 4514.001215 4511.394828 4511.930210 4512.757853 4511.547030 4512.053071 4513.040175 4512.311195 
0.000450 0.000501 0.000414 0.000253 0.000111 0.000038 0.000019 0.000016 0.000014 0.000012 0.000010 0.000008 0.000007 0.000007 0.000008 0.000008 0.000007 0.000006 0.000006 0.000006 0.000006 0.000005 0.000005 0.000006 0.000006 0.000006 0.000006 0.000005 0.000005 0.000006 
4592.942027 4593.758572 4594.582303 4595.159762 4595.030448 4593.311203 4592.249577 4591.886147 4592.669362 4592.598934 4591.907185 4591.343215 4592.595643 4595.994564 4597.402901 4594.905728 4590.766643 4588.897122 4590.482592 4592.177053 4591.026706 4590.196427 4593.661983 4597.625362 4599.995292 4599.750880 4598.437947 4598.895607 4601.764645 4602.793207 
0.000185 0.000208 0.000178 0.000116 0.000056 0.000021 0.000012 0.000010 0.000009 0.000008 0.000006 0.000006 0.000007 0.000007 0.000007 0.000006 0.000005 0.000005 0.000005 0.000004 0.000003 0.000003 0.000004 0.000005 0.000004 0.000004 0.000003 0.000003 0.000003 0.000003 
4647.284636 4647.278050 4647.173616 4646.922982 4646.327271 4644.594240 4644.726294 4646.513710 4646.933976 4647.175382 4646.985609 4645.946316 4645.763948 4646.451818 4646.568685 4645.496230 4644.152910 4643.653103 4643.352115 4643.215317 4644.066583 4645.337026 4644.410709 4643.386235 4643.746086 4645.361559 4647.329950 4649.188477 4650.954478 4651.424770 
0.000249 0.000270 0.000216 0.000126 0.000053 0.000023 0.000014 0.000012 0.000010 0.000008 0.000007 0.000006 0.000006 0.000006 0.000006 0.000006 0.000005 0.000004 0.000004 0.000004 0.000003 0.000003 0.000004 0.000004 0.000005 0.000005 0.000005 0.000004 0.000004 0.000003 
4705.382048 4705.244238 4704.864864 4704.095103 4702.798555 4701.844235 4702.341684 4703.143005 4703.592131 4703.917432 4704.830100 4704.798137 4702.326103 4700.390065 4701.283824 4701.950570 4701.212023 4700.059964 4699.615483 4700.153663 4702.612987 4704.488071 4703.277599 4701.006606 4701.047434 4701.867308 4702.222240 4702.280304 4702.669256 4703.881401 
0.000235 0.000231 0.000162 0.000081 0.000036 0.000020 0.000016 0.000015 0.000013 0.000011 0.000009 0.000009 0.000009 0.000007 0.000006 0.000006 0.000007 0.000008 0.000007 0.000006 0.000005 0.000005 0.000006 0.000006 0.000005 0.000004 0.000004 0.000004 0.000004 0.000004 
4755.725064 4755.685582 4755.900817 4756.890787 4757.260947 4754.927736 4754.043012 4755.820807 4757.177315 4757.083368 4756.066830 4755.692496 4755.238026 4754.382419 4753.291172 4751.865163 4751.597204 4751.578084 4750.999894 4750.696574 4750.873487 4752.062014 4753.488602 4756.022096 4758.250175 4758.420243 4756.954324 4756.051470 4757.523586 4759.120693 
0.000417 0.000426 0.000317 0.000174 0.000078 0.000035 0.000019 0.000016 0.000015 0.000014 0.000013 0.000012 0.000010 0.000009 0.000009 0.000008 0.000007 0.000007 0.000008 0.000009 0.000009 0.000007 0.000006 0.000006 0.000006 0.000006 0.000006 0.000005 0.000005 0.000005 
4805.298019 4805.560891 4806.335076 4808.768466 4813.325342 4813.642247 4806.024359 4801.992129 4800.395815 4800.128047 4801.602809 4802.542369 4800.792591 4799.498798 4801.740602 4804.691975 4805.029283 4805.020245 4808.291277 4810.238743 4809.647158 4807.025843 4802.253519 4800.281874 4800.574222 4800.450694 4798.740994 4796.739358 4796.603166 4798.786746 
0.000546 0.000591 0.000474 0.000284 0.000129 0.000052 0.000024 0.000019 0.000017 0.000014 0.000011 0.000010 0.000009 0.000009 0.000009 0.000008 0.000008 0.000007 0.000008 0.000009 0.000009 0.000007 0.000006 0.000005 0.000005 0.000004 0.000004 0.000005 0.000005 0.000006 
4861.508002 4863.230266 4865.389037 4867.848608 4868.791445 4864.277672 4862.676746 4860.556068 4858.470928 4857.539329 4857.593873 4857.782650 4858.161281 4858.830828 4858.572705 4858.209336 4859.971069 4862.811164 4862.782296 4862.468086 4864.234766 4866.203629 4864.349479 4860.242328 4860.729772 4863.429329 4864.987692 4863.455543 4858.451325 4854.101272 
0.000381 0.000418 0.000341 0.000202 0.000081 0.000022 0.000014 0.000014 0.000013 0.000012 0.000010 0.000008 0.000007 0.000008 0.000008 0.000008 0.000008 0.000007 0.000007 0.000006 0.000006 0.000006 0.000006 0.000006 0.000006 0.000006 0.000006 0.000007 0.000008 0.000008 
4921.995585 4921.760506 4921.370728 4920.793435 4919.925135 4919.094005 4920.206763 4920.491220 4919.641501 4918.457405 4918.488527 4920.357449 4922.140384 4922.370280 4921.010934 4918.726312 4917.563847 4918.155747 4918.678545 4919.988835 4923.259230 4926.804186 4926.100480 4921.528523 4918.585023 4918.943131 4923.810046 4927.775700 4928.403542 4928.272602 
0.000508 0.000563 0.000459 0.000269 0.000108 0.000037 0.000022 0.000019 0.000017 0.000014 0.000010 0.000008 0.000008 0.000009 0.000008 0.000007 0.000007 0.000007 0.000007 0.000007 0.000007 0.000007 0.000007 0.000007 0.000007 0.000006 0.000007 0.000008 0.000009 0.000008 
4982.344217 4982.787387 4983.272902 4983.848288 4984.495547 4983.184892 4978.416029 4977.911927 4979.829480 4982.374193 4983.338380 4981.507754 4979.640372 4978.432324 4977.092430 4976.696396 4978.163485 4979.680509 4979.492137 4979.130428 4981.816932 4986.118177 4989.245552 4990.086252 4989.506485 4988.072882 4984.267804 4981.155963 4980.424632 4979.870363 
0.000394 0.000431 0.000346 0.000198 0.000077 0.000026 0.000018 0.000015 0.000014 0.000013 0.000011 0.000010 0.000009 0.000008 0.000008 0.000008 0.000009 0.000008 0.000007 0.000006 0.000005 0.000005 0.000006 0.000007 0.000007 0.000006 0.000006 0.000006 0.000006 0.000006 
5051.122611 5051.190549 5051.379734 5051.773030 5051.666719 5047.348216 5047.069655 5049.467427 5050.709273 5050.970483 5049.543131 5047.210306 5046.600841 5048.503829 5051.609003 5052.086081 5049.235943 5046.151387 5044.705639 5046.141355 5046.978328 5049.201033 5051.254583 5050.756441 5047.726314 5046.020725 5047.610586 5050.063303 5050.918242 5051.691081 
0.000368 0.000423 0.000361 0.000224 0.000094 0.000031 0.000018 0.000016 0.000015 0.000012 0.000010 0.000009 0.000007 0.000007 0.000006 0.000005 0.000006 0.000006 0.000006 0.000006 0.000007 0.000007 0.000007 0.000008 0.000008 0.000007 0.000006 0.000005 0.000005 0.000004 
5110.711647 5111.201658 5111.462147 5111.196265 5109.274838 5107.065482 5111.660922 5115.599302 5116.617687 5115.742493 5114.475311 5112.386642 5109.098055 5107.969833 5109.058546 5107.822322 5104.889031 5104.365831 5109.053132 5118.423039 5122.458690 5121.128748 5115.977187 5112.321889 5111.442368 5112.795819 5115.545156 5118.579733 5118.414954 5115.719437 
0.000326 0.000354 0.000281 0.000158 0.000061 0.000024 0.000016 0.000016 0.000015 0.000012 0.000010 0.000010 0.000009 0.000009 0.000008 0.000005 0.000004 0.000003 0.000004 0.000004 0.000004 0.000005 0.000005 0.000006 0.000007 0.000006 0.000005 0.000004 0.000005 0.000006 
5173.070283 5172.091149 5170.704652 5168.741063 5166.856798 5171.953504 5172.665268 5173.673467 5173.782125 5172.235000 5169.468264 5166.591592 5165.163865 5166.418842 5168.810801 5170.938620 5173.715327 5174.610290 5171.046325 5169.388923 5170.037806 5171.799381 5174.858002 5176.382189 5175.566902 5173.195553 5171.098235 5173.463582 5175.433655 5175.381441 
0.000532 0.000559 0.000423 0.000224 0.000078 0.000031 0.000023 0.000021 0.000019 0.000015 0.000013 0.000012 0.000011 0.000011 0.000010 0.000009 0.000008 0.000007 0.000006 0.000006 0.000006 0.000006 0.000006 0.000006 0.000006 0.000006 0.000006 0.000006 0.000006 0.000006 
5236.476396 5237.104230 5237.920582 5238.783671 5238.790276 5233.895426 5231.830643 5230.736577 5231.625588 5232.302812 5229.793755 5227.425286 5228.796608 5232.450734 5235.946816 5238.252140 5238.246413 5238.533430 5243.091373 5249.108946 5250.940373 5249.797916 5246.795424 5242.733605 5237.958154 5235.580614 5237.513990 5239.534826 5237.696331 5232.602337 
0.000362 0.000398 0.000321 0.000187 0.000075 0.000024 0.000015 0.000013 0.000012 0.000010 0.000008 0.000008 0.000007 0.000007 0.000007 0.000007 0.000007 0.000007 0.000007 0.000007 0.000008 0.000008 0.000008 0.000006 0.000005 0.000006 0.000006 0.000006 0.000006 0.000006 
5308.012069 5308.607813 5309.357914 5310.287092 5311.100631 5307.703072 5306.137523 5306.846965 5307.495863 5307.641083 5306.949201 5306.042375 5306.365395 5307.234544 5308.503667 5311.259912 5313.515116 5311.952905 5304.168562 5299.564472 5301.757884 5305.900231 5308.052271 5307.926716 5307.593169 5307.602975 5307.174127 5305.790577 5302.381622 5299.386138 
0.000350 0.000393 0.000324 0.000192 0.000078 0.000024 0.000014 0.000013 0.000012 0.000010 0.000009 0.000008 0.000008 0.000007 0.000006 0.000007 0.000008 0.000008 0.000007 0.000006 0.000005 0.000006 0.000008 0.000009 0.000010 0.000009 0.000007 0.000006 0.000005 0.000005 
5369.303734 5369.094854 5368.677040 5367.830048 5365.822752 5362.780353 5366.111067 5367.523636 5369.071090 5370.879847 5372.104266 5372.521621 5372.967294 5372.179007 5369.176618 5369.917116 5373.803088 5375.254693 5373.192738 5370.879650 5371.158253 5370.472906 5367.086072 5363.401069 5359.557563 5357.332527 5358.895382 5364.529606 5368.861941 5368.384459 
0.000291 0.000324 0.000263 0.000152 0.000060 0.000023 0.000017 0.000014 0.000012 0.000011 0.000010 0.000008 0.000007 0.000007 0.000007 0.000007 0.000007 0.000006 0.000005 0.000006 0.000006 0.000007 0.000007 0.000006 0.000005 0.000005 0.000005 0.000004 0.000005 0.000006 
5435.601964 5436.005889 5436.624575 5437.720279 5438.820650 5433.729500 5430.983628 5432.745775 5434.540881 5436.457861 5437.338736 5436.020174 5435.591806 5439.557566 5443.211340 5443.484826 5441.421676 5439.648083 5437.491454 5434.429391 5434.284791 5436.919635 5440.423541 5441.017698 5438.460193 5437.156092 5436.223429 5436.061300 5437.326890 5437.274212 
0.000257 0.000291 0.000239 0.000139 0.000056 0.000026 0.000019 0.000015 0.000012 0.000011 0.000010 0.000008 0.000007 0.000007 0.000007 0.000007 0.000007 0.000006 0.000005 0.000006 0.000006 0.000007 0.000007 0.000007 0.000007 0.000007 0.000006 0.000005 0.000004 0.000004 
5728.107015 5727.529554 5726.869009 5726.023168 5724.654598 5722.685420 5723.208511 5725.135016 5728.691293 5730.991348 5729.743184 5725.332070 5720.851172 5719.883698 5721.860524 5725.631165 5728.812775 5729.212739 5726.309548 5723.475929 5722.231419 5720.827381 5720.176304 5721.875505 5725.801766 5727.670635 5726.660434 5725.781220 5726.154373 5725.248504 
0.000144 0.000159 0.000127 0.000071 0.000025 0.000012 0.000011 0.000011 0.000011 0.000010 0.000008 0.000005 0.000004 0.000003 0.000003 0.000003 0.000002 0.000002 0.000002 0.000002 0.000003 0.000004 0.000004 0.000004 0.000003 0.000003 0.000003 0.000002 0.000002 0.000002 
5796.454174 5796.471826 5796.453868 5796.221632 5794.794414 5796.010837 5797.363875 5798.781377 5797.855653 5797.012675 5796.657066 5796.794138 5796.898852 5795.772628 5795.040171 5794.508515 5793.710518 5794.077368 5795.905905 5794.981636 5793.518242 5793.674256 5794.390147 5795.267964 5797.070741 5798.799696 5800.513646 5801.195482 5800.446734 5797.369292 
0.000231 0.000261 0.000221 0.000143 0.000074 0.000033 0.000016 0.000012 0.000011 0.000010 0.000009 0.000008 0.000007 0.000007 0.000007 0.000007 0.000006 0.000006 0.000007 0.000007 0.000006 0.000005 0.000004 0.000003 0.000003 0.000004 0.000005 0.000006 0.000007 0.000007 
5855.048314 5854.460489 5853.544515 5852.208713 5850.847244 5850.353618 5853.575461 5856.467715 5856.791671 5855.783659 5853.888855 5852.666731 5852.933162 5854.356679 5855.162625 5854.429610 5852.201582 5850.878596 5851.385002 5852.489859 5854.002760 5855.845565 5856.340045 5856.319857 5856.194513 5855.959965 5854.444253 5852.164220 5850.165926 5849.518158 
0.000204 0.000215 0.000163 0.000089 0.000036 0.000018 0.000013 0.000012 0.000011 0.000009 0.000008 0.000008 0.000009 0.000009 0.000008 0.000006 0.000005 0.000005 0.000005 0.000005 0.000005 0.000005 0.000005 0.000004 0.000004 0.000004 0.000004 0.000003 0.000003 0.000003 
5903.895471 5904.026974 5904.351172 5905.153222 5906.218267 5904.594232 5904.364643 5906.060692 5906.818915 5906.213626 5904.107351 5900.664983 5900.250424 5902.076465 5904.400064 5906.070538 5905.241990 5903.034711 5901.750909 5901.051631 5901.012692 5901.622071 5902.969429 5906.198240 5907.339033 5904.546242 5900.214565 5898.148283 5902.223098 5907.068138 
0.000258 0.000277 0.000216 0.000119 0.000047 0.000022 0.000017 0.000016 0.000015 0.000012 0.000009 0.000007 0.000007 0.000007 0.000006 0.000005 0.000005 0.000005 0.000006 0.000007 0.000006 0.000005 0.000006 0.000006 0.000006 0.000005 0.000005 0.000006 0.000007 0.000008 
6006.370723 6006.338875 6006.359609 6006.438818 6006.171142 6003.108276 6001.033267 6000.320639 6000.155986 6000.144587 6001.315471 6005.761246 6009.173028 6008.096432 6004.234241 5999.865462 5998.316606 5998.982916 6000.407667 6001.337432 6001.548936 6001.602710 6004.077300 6006.513609 6007.071240 6002.995468 5998.917486 6000.129257 6002.601464 6005.370134 
0.000281 0.000293 0.000221 0.000117 0.000045 0.000023 0.000016 0.000014 0.000013 0.000011 0.000009 0.000008 0.000008 0.000008 0.000007 0.000006 0.000006 0.000006 0.000007 0.000007 0.000006 0.000005 0.000005 0.000007 0.000008 0.000007 0.000006 0.000005 0.000004 0.000005 
6069.492262 6068.756052 6067.635072 6065.882296 6065.089977 6070.652809 6072.288384 6071.270968 6070.415081 6070.458799 6071.051377 6073.620599 6077.640611 6079.618285 6079.089079 6075.764143 6069.720796 6066.651796 6067.694387 6070.238878 6073.577680 6075.640809 6075.609416 6075.484748 6076.023414 6076.145009 6075.224987 6072.912441 6067.999605 6063.471797 
0.000225 0.000227 0.000164 0.000082 0.000032 0.000017 0.000013 0.000012 0.000011 0.000010 0.000008 0.000007 0.000005 0.000005 0.000005 0.000005 0.000004 0.000004 0.000006 0.000008 0.000008 0.000008 0.000007 0.000006 0.000005 0.000004 0.000005 0.000006 0.000006 0.000004 
6107.489859 6107.676916 6107.957462 6108.348826 6107.920679 6105.869173 6104.737296 6104.571435 6105.124632 6105.852657 6106.147513 6105.015620 6103.626555 6105.613901 6108.839975 6109.694335 6110.007694 6110.336666 6108.230349 6105.603639 6104.927315 6105.669424 6105.485063 6103.406493 6102.581811 6105.354625 6108.207671 6107.304306 6106.677498 6106.417805 
0.000263 0.000269 0.000196 0.000099 0.000040 0.000023 0.000017 0.000014 0.000012 0.000011 0.000011 0.000011 0.000011 0.000010 0.000008 0.000007 0.000006 0.000006 0.000006 0.000005 0.000005 0.000006 0.000007 0.000007 0.000007 0.000007 0.000007 0.000006 0.000005 0.000004 
6152.963877 6153.185350 6153.368572 6153.142765 6149.350453 6148.003720 6149.680180 6152.396417 6152.508568 6150.189342 6148.078526 6147.531387 6148.261310 6151.016628 6155.118662 6156.634673 6155.076313 6152.638326 6151.610299 6153.364272 6155.318313 6154.421156 6152.074005 6148.846389 6146.729896 6148.043292 6151.227226 6153.690689 6154.073203 6154.628132 
0.000149 0.000165 0.000137 0.000085 0.000041 0.000019 0.000011 0.000009 0.000008 0.000008 0.000007 0.000005 0.000004 0.000003 0.000002 0.000002 0.000003 0.000004 0.000005 0.000005 0.000006 0.000005 0.000005 0.000004 0.000004 0.000004 0.000004 0.000003 0.000003 0.000004 
6224.400365 6224.481658 6224.641272 6225.032791 6226.069028 6226.639601 6225.769460 6224.707461 6225.218734 6225.674494 6225.932787 6225.810533 6225.700797 6225.924125 6225.455680 6224.281347 6222.991445 6222.108282 6222.039105 6222.244164 6222.173731 6221.900688 6221.807545 6222.680349 6224.494188 6225.703210 6225.978202 6225.788617 6225.045883 6224.458765 
0.000132 0.000147 0.000120 0.000071 0.000029 0.000012 0.000009 0.000009 0.000008 0.000006 0.000004 0.000003 0.000004 0.000004 0.000003 0.000003 0.000004 0.000004 0.000003 0.000003 0.000004 0.000004 0.000003 0.000002 0.000002 0.000002 0.000002 0.000001 0.000001 0.000001 
6279.574680 6279.596420 6279.655895 6279.828177 6280.317686 6279.881270 6278.669748 6278.233555 6278.241781 6278.703913 6279.808281 6280.924755 6279.790894 6279.165693 6279.310391 6279.684839 6279.644626 6279.279347 6278.400227 6278.492182 6279.361057 6280.029591 6280.852366 6281.127999 6280.145173 6279.132281 6278.708124 6277.734264 6276.686962 6278.367963 
0.000149 0.000176 0.000153 0.000095 0.000039 0.000013 0.000007 0.000007 0.000006 0.000005 0.000005 0.000006 0.000005 0.000004 0.000003 0.000003 0.000002 0.000002 0.000003 0.000004 0.000005 0.000004 0.000003 0.000004 0.000005 0.000005 0.000004 0.000003 0.000003 0.000002 
8610.577506 8610.555422 8610.597445 8610.824200 8611.906046 8612.530124 8610.859989 8608.976492 8609.511100 8610.890528 8610.890191 8609.828608 8608.830925 8607.924598 8608.179009 8608.431053 8607.753328 8608.653211 8610.471514 8610.602292 8610.405917 8609.977510 8611.073869 8613.088947 8613.289756 8612.906038 8612.967349 8613.429269 8612.791390 8612.894579 
0.000134 0.000147 0.000116 0.000064 0.000025 0.000014 0.000010 0.000009 0.000006 0.000004 0.000003 0.000003 0.000005 0.000006 0.000006 0.000007 0.000006 0.000005 0.000004 0.000004 0.000004 0.000004 0.000003 0.000004 0.000005 0.000005 0.000005 0.000005 0.000005 0.000004 
8745.154811 8745.182860 8745.281399 8745.681300 8747.573647 8748.126775 8747.150419 8746.119648 8745.651486 8745.163834 8745.794327 8746.519524 8746.203963 8745.738738 8745.594868 8745.974316 8746.838363 8748.381400 8749.180223 8748.322603 8747.450118 8747.992520 8748.574283 8747.524720 8747.507255 8747.792839 8747.115165 8745.480979 8744.439120 8744.920518 
