0.063946 9.976843
0.063946 9.540545
0.063946 9.418143
0.047959 12.537147
0.031973 15.234029
0.063946 9.737267
0.031973 5.540715
0.031973 7.942423
0.047959 12.740931
0.047959 18.934786
0.047959 26.813080
0.079932 20.838855
0.063946 16.885060
0.063946 19.099822
0.063946 19.094000
0.047959 17.342463
0.063946 20.217275
0.047959 23.547013
0.047959 23.936290
0.047959 24.897817
0.047959 22.472303
0.047959 20.650571
0.047959 20.646821
0.063946 24.202246
0.063946 25.619154
0.047959 23.509741
0.047959 22.027310
0.047959 18.733732
0.047959 23.355313
0.047959 24.817581
0.047959 17.984235
0.047959 21.723734
0.047959 21.120433
0.047959 21.724709
0.031973 17.341998
0.031973 17.925374
0.031973 17.313236
0.031973 17.090662
0.047959 15.976540
0.047959 19.348804
0.047959 17.692671
0.047959 19.850071
0.047959 20.923928
0.047959 20.659210
0.047959 20.592549
0.047959 22.010729
0.031973 19.435975
0.047959 19.627815
0.047959 20.757423
0.047959 18.651270
0.047959 20.326660
0.047959 18.922913
0.047959 20.601518
0.031973 19.136560
0.031973 18.825066
0.047959 20.445602
0.047959 19.510691
0.047959 19.790009
0.047959 18.701514
0.047959 16.521080
0.047959 18.848072
0.047959 19.634269
0.047959 17.191151
0.047959 17.999499
0.047959 20.742595
0.047959 20.367346
0.047959 21.671880
0.047959 20.548018
0.047959 20.402219
0.047959 20.973800
0.047959 19.443140
0.047959 22.599095
0.047959 21.335897
0.047959 21.546371
0.047959 21.431354
0.047959 17.519594
0.047959 18.124264
0.047959 19.813434
0.047959 21.021675
0.047959 20.041233
0.047959 18.300125
0.047959 21.224950
0.047959 20.472637
0.047959 21.167854
0.047959 21.748885
0.047959 21.018661
0.047959 21.289560
0.047959 20.292557
0.047959 15.898166
0.047959 17.660355
0.047959 19.535537
0.047959 18.710879
0.047959 20.151020
0.047959 18.288225
0.047959 19.490503
0.047959 16.856960
0.047959 18.490049
0.047959 16.057056
0.047959 16.137533
0.047959 15.411310
0.047959 14.673338
0.047959 18.373034
0.047959 17.202883
0.047959 18.528191
0.047959 18.636758
0.047959 18.467893
0.047959 19.617810
0.047959 19.340810
0.047959 18.773077
0.047959 17.731636
0.047959 18.835921
0.047959 19.118077
0.047959 15.925131
0.047959 17.598091
0.047959 18.292731
0.047959 15.330809
0.047959 18.357273
0.047959 17.953971
0.047959 19.842216
0.047959 19.533187
0.047959 21.267686
0.047959 18.632470
0.047959 18.354721
0.047959 20.804686
0.047959 18.292825
0.047959 19.100008
0.047959 15.980864
0.047959 18.903263
0.047959 19.822526
0.047959 17.865207
0.047959 18.270988
0.047959 18.766194
0.047959 17.210138
0.047959 16.221840
0.031973 17.294404
0.031973 15.981181
0.031973 15.554920
0.047959 16.973873
0.047959 16.260856
0.047959 17.013761
0.047959 15.456530
0.047959 17.367764
0.047959 17.125746
0.047959 15.776675
0.047959 16.463738
0.047959 16.737448
0.047959 14.786824
0.047959 17.477158
0.047959 16.161269
0.047959 16.553297
0.047959 15.904695
0.031973 17.001153
0.031973 16.957263
0.031973 15.522918
0.031973 15.554272
0.031973 15.517376
0.031973 16.143558
