30.000000 76.000000 0.015986
0.000447 0.001611 0.001408 0.001034 0.001391 0.001019 0.000806 0.001075 0.000624 0.000749 0.000492 0.000379 0.000467 0.000240 0.000254 0.000255 0.000156 0.000163 0.000073 0.000049 0.000086 0.000092 0.000078 0.000058 0.000041 0.000033 0.000026 0.000046 0.000100 0.000188 
13.140268 10.314042 9.387787 13.880545 9.421718 12.077284 12.609490 8.624010 13.641073 8.619009 11.701778 12.694755 7.799270 14.229810 10.467885 8.966790 13.134911 8.811493 9.558862 14.703823 10.724783 8.917019 10.507378 10.967105 9.642178 14.088670 13.880880 8.422015 10.304498 10.546253 
0.000618 0.002109 0.001808 0.001550 0.001479 0.001297 0.001154 0.001044 0.000932 0.000776 0.000585 0.000445 0.000402 0.000408 0.000386 0.000313 0.000229 0.000161 0.000132 0.000136 0.000183 0.000219 0.000219 0.000201 0.000182 0.000157 0.000114 0.000108 0.000157 0.000279 
46.269772 46.356907 46.292241 46.267651 46.281781 46.455060 46.694285 46.751803 46.703570 46.684638 46.606220 46.335437 46.032901 46.399367 47.268959 48.225409 48.525875 47.780730 47.396651 47.680781 48.733221 49.535322 50.608637 51.511225 51.419505 50.246215 48.095697 47.269205 46.974133 47.281989 
0.000885 0.002279 0.001918 0.001614 0.001477 0.001263 0.001096 0.001000 0.000909 0.000748 0.000566 0.000428 0.000356 0.000315 0.000282 0.000246 0.000198 0.000142 0.000102 0.000092 0.000107 0.000111 0.000090 0.000079 0.000098 0.000098 0.000073 0.000058 0.000092 0.000181 
71.018431 70.672969 70.403192 70.257347 70.310665 70.310852 70.309045 70.325732 70.225462 70.219846 70.222815 70.111407 70.071003 70.173235 70.091012 69.830570 69.301349 68.997506 70.154400 71.396620 70.558463 70.377963 71.893706 72.370445 70.008880 70.220625 72.488822 70.783378 67.628893 67.799374 
0.003322 0.003963 0.003531 0.002568 0.001894 0.001610 0.001406 0.001262 0.001195 0.001083 0.000854 0.000590 0.000441 0.000414 0.000393 0.000350 0.000295 0.000224 0.000146 0.000119 0.000141 0.000154 0.000148 0.000126 0.000089 0.000055 0.000063 0.000056 0.000072 0.000172 
94.130430 94.030370 93.690657 92.907310 92.305490 92.875353 93.454808 93.604535 93.496445 93.202122 92.871791 92.379932 91.990925 92.254155 92.731130 93.123774 93.242609 93.331240 93.753062 93.930239 93.692046 93.945352 94.178551 94.162357 94.014045 94.184520 93.693623 93.780725 94.716482 93.887436 
0.010898 0.012967 0.011008 0.006728 0.003325 0.002145 0.001816 0.001683 0.001512 0.001259 0.000989 0.000747 0.000583 0.000525 0.000502 0.000445 0.000336 0.000214 0.000153 0.000146 0.000140 0.000162 0.000173 0.000132 0.000125 0.000172 0.000164 0.000146 0.000218 0.000432 
110.288957 110.251666 110.090664 109.587748 108.470007 108.585448 109.085159 109.063309 108.895802 108.653184 108.453531 108.402531 108.462794 108.382492 108.184630 108.089269 108.271645 108.899063 109.479041 109.000680 108.222115 108.424365 109.320903 111.032530 111.801219 110.246297 109.724029 109.734904 109.737988 109.509240 
0.176107 0.652040 0.550066 0.464040 0.432073 0.369802 0.322732 0.294244 0.270956 0.230385 0.178894 0.136441 0.111740 0.099585 0.090230 0.075215 0.056614 0.039756 0.030535 0.027402 0.027852 0.027488 0.024736 0.020195 0.015266 0.012214 0.011095 0.011224 0.011036 0.009635 
143.887683 143.767042 143.836035 143.840417 143.564045 143.238799 143.517420 144.286787 145.216237 145.500014 145.090004 144.579066 144.779819 145.774990 146.919480 147.477509 147.426578 146.629082 146.261104 146.742969 147.916600 148.545897 148.521425 147.892258 146.620587 145.861577 146.047729 147.029349 147.765910 148.019548 
0.031175 0.054785 0.048797 0.043463 0.040719 0.032988 0.026065 0.023710 0.024598 0.024790 0.024951 0.025060 0.022753 0.018551 0.014738 0.011565 0.008704 0.007193 0.006819 0.006926 0.006867 0.006731 0.006288 0.005396 0.004449 0.003670 0.002978 0.002439 0.002132 0.001919 
180.220832 180.828679 181.275646 181.739941 182.252130 181.629306 180.102807 180.273565 181.563261 182.137494 182.724134 183.397413 183.176211 182.221835 181.806849 181.716497 180.827302 180.286213 180.753544 181.526852 181.827104 182.367258 182.756166 182.455550 182.028099 181.733999 181.267108 180.411208 179.767229 179.219410 
0.009559 0.039886 0.033732 0.028528 0.024127 0.020404 0.018527 0.015217 0.011196 0.009078 0.008621 0.009674 0.008312 0.005412 0.004092 0.003786 0.003704 0.003122 0.002393 0.001630 0.001397 0.001520 0.001541 0.001016 0.000679 0.000608 0.000700 0.000629 0.000577 0.000529 
196.975825 198.727830 201.449564 201.568796 199.339968 198.022603 197.713104 198.126120 199.758139 200.607922 200.034710 198.037381 198.092550 200.088845 200.356066 199.075117 198.016634 198.186499 198.697560 200.396384 200.441579 198.657726 197.392499 198.782847 200.360424 199.989258 197.896017 198.363218 198.742037 198.449201 
0.024647 0.052920 0.043375 0.041927 0.035515 0.029133 0.022518 0.017748 0.014932 0.013531 0.010888 0.007924 0.005825 0.004466 0.003230 0.002508 0.002011 0.001799 0.001474 0.001168 0.000918 0.000717 0.000517 0.000384 0.000313 0.000257 0.000182 0.000144 0.000148 0.000217 
227.833430 227.140245 225.879314 225.609181 226.864815 228.076003 227.577910 227.500974 227.980082 229.296375 229.410401 228.449051 227.635226 227.164495 227.079522 226.997156 227.838551 228.189721 228.346208 228.393468 228.190330 226.552992 225.636415 227.037241 227.040249 225.692979 227.028989 227.210407 222.981539 217.485340 
0.010275 0.013789 0.013416 0.011272 0.010218 0.010188 0.007742 0.005461 0.005739 0.006011 0.004898 0.003175 0.002282 0.001928 0.001412 0.000851 0.000609 0.000456 0.000265 0.000213 0.000217 0.000257 0.000195 0.000125 0.000084 0.000049 0.000044 0.000057 0.000083 0.000119 
242.054656 242.752096 244.510119 246.324720 246.216215 244.126669 243.301794 243.294936 242.846375 242.858961 243.738079 245.654257 246.072237 244.774716 244.225945 244.073315 242.029891 241.493156 243.970296 246.245754 246.003395 244.057019 244.906928 245.901212 244.413196 243.528592 244.163834 245.966501 245.740696 244.224461 
0.019112 0.073422 0.054858 0.040988 0.033773 0.020766 0.012039 0.008889 0.008593 0.007377 0.005673 0.003465 0.001873 0.001189 0.000874 0.000471 0.000416 0.000436 0.000387 0.000283 0.000208 0.000168 0.000151 0.000110 0.000074 0.000065 0.000069 0.000055 0.000051 0.000071 
267.851248 266.960939 265.748591 264.939916 264.387521 263.482422 264.194810 265.823869 267.456252 267.105127 266.663857 267.858470 267.154652 263.086763 261.699836 263.720608 266.345627 266.935086 265.690180 266.042745 267.427869 265.121732 261.120841 262.022199 266.272489 265.874248 263.162504 263.989412 265.508569 265.860979 
0.016323 0.020270 0.019190 0.013957 0.009114 0.007036 0.006581 0.004806 0.002289 0.001497 0.001274 0.001265 0.001042 0.000792 0.000491 0.000188 0.000117 0.000117 0.000143 0.000133 0.000109 0.000087 0.000065 0.000044 0.000027 0.000021 0.000025 0.000035 0.000043 0.000051 
295.265667 295.378048 295.597337 296.466607 297.794332 297.683070 295.775933 295.299807 297.757076 297.659823 295.460253 292.569048 292.018010 292.668822 293.978208 297.180547 297.401815 294.831943 292.430476 292.085570 292.167453 292.859939 294.102336 295.219829 294.804553 293.029368 293.532846 294.356157 294.877446 295.065672 
0.021573 0.025844 0.022402 0.015964 0.010924 0.007458 0.003478 0.000961 0.000616 0.000521 0.000664 0.000614 0.000379 0.000235 0.000227 0.000252 0.000239 0.000207 0.000172 0.000140 0.000113 0.000087 0.000057 0.000033 0.000028 0.000030 0.000025 0.000019 0.000019 0.000027 
314.039865 314.500657 315.414758 316.235574 316.060621 314.554433 314.363422 315.073823 311.816646 310.567502 312.696972 312.599082 311.524048 310.189228 311.187607 312.875931 314.185480 315.135157 315.548506 315.548677 315.161122 314.580536 314.035369 313.767844 314.105972 313.937027 313.363570 311.790247 311.435673 312.912873 
0.021785 0.029533 0.029517 0.022153 0.012854 0.007049 0.004538 0.003268 0.002287 0.001500 0.000923 0.000548 0.000333 0.000224 0.000191 0.000175 0.000163 0.000167 0.000167 0.000147 0.000114 0.000080 0.000053 0.000035 0.000026 0.000022 0.000026 0.000030 0.000033 0.000045 
338.635794 338.511280 338.418052 338.385609 338.557692 339.104443 338.907780 338.245861 337.707202 336.938347 336.297456 336.946225 340.073862 342.620801 341.615797 339.776592 338.718723 338.575646 338.510148 338.410597 338.499433 338.828736 339.766263 340.947198 340.660100 339.814816 339.179669 337.782972 336.383129 338.076005 
0.007609 0.009053 0.008013 0.005224 0.002589 0.001569 0.001069 0.000613 0.000483 0.000456 0.000345 0.000257 0.000204 0.000174 0.000155 0.000135 0.000115 0.000097 0.000076 0.000061 0.000064 0.000065 0.000063 0.000063 0.000064 0.000063 0.000065 0.000070 0.000074 0.000075 
353.241539 352.697069 352.524674 353.399038 357.843892 360.033072 358.238247 359.723501 357.695050 355.169862 355.113253 355.053628 354.834624 355.106973 355.919992 357.175365 357.864722 357.679111 358.296138 359.807195 359.006336 359.016593 359.694449 359.509291 359.552224 360.041271 359.721322 358.518909 357.207384 356.190100 
0.002311 0.004583 0.003570 0.002781 0.002583 0.001802 0.000925 0.000558 0.000462 0.000364 0.000279 0.000216 0.000182 0.000164 0.000145 0.000119 0.000088 0.000063 0.000051 0.000048 0.000049 0.000049 0.000045 0.000037 0.000032 0.000028 0.000026 0.000026 0.000023 0.000024 
371.030249 372.896048 375.878550 377.653384 377.430075 377.491249 378.597054 377.118351 376.154890 376.520112 376.567203 376.900672 377.300885 376.793493 376.038515 375.834731 376.054566 375.947070 375.352308 375.877104 376.420356 376.075743 375.558184 374.874997 373.675895 372.420055 371.741808 372.676662 377.129960 380.206944 
0.002609 0.006973 0.005301 0.005251 0.003994 0.002347 0.001241 0.000866 0.000610 0.000412 0.000312 0.000259 0.000217 0.000183 0.000155 0.000126 0.000094 0.000066 0.000051 0.000052 0.000055 0.000053 0.000047 0.000040 0.000034 0.000028 0.000025 0.000023 0.000026 0.000033 
415.883018 416.134272 415.515023 414.399346 413.161818 413.000781 415.884285 417.218361 413.696934 408.269794 408.641351 411.981674 412.237439 409.956416 408.622617 408.729356 408.814400 408.747950 409.402381 411.063024 411.273807 410.352405 409.887567 410.813313 412.553169 413.447548 412.424385 411.559354 412.638342 412.732904 
0.000850 0.002641 0.002169 0.001781 0.001605 0.001184 0.000913 0.000883 0.000862 0.000745 0.000593 0.000463 0.000356 0.000261 0.000177 0.000122 0.000095 0.000083 0.000076 0.000065 0.000047 0.000030 0.000022 0.000023 0.000027 0.000025 0.000019 0.000012 0.000011 0.000012 
430.799271 430.351912 429.687644 430.163901 431.731499 433.396292 433.295756 432.627034 432.791098 433.279317 433.236343 432.839577 432.944953 433.629088 434.327708 434.342965 434.372547 434.549595 434.237965 433.818100 433.425501 432.382715 431.214210 432.629830 433.136372 433.164903 433.614506 433.049001 430.166836 429.513403 
0.005749 0.014054 0.010619 0.009869 0.007471 0.005059 0.003417 0.002420 0.001644 0.000938 0.000437 0.000249 0.000252 0.000314 0.000325 0.000273 0.000193 0.000120 0.000093 0.000090 0.000095 0.000088 0.000072 0.000054 0.000038 0.000031 0.000030 0.000033 0.000037 0.000041 
458.602127 458.384151 457.833320 456.510583 453.894225 451.497759 451.419713 452.003241 450.232110 447.220764 447.260040 451.734637 450.901439 447.298800 445.311678 444.706172 444.676583 444.559026 444.770027 444.589467 444.772404 445.378127 445.688193 445.862926 447.070611 447.833726 446.315706 445.567673 446.496521 448.157752 
0.001951 0.002254 0.002058 0.001549 0.001025 0.000660 0.000401 0.000289 0.000238 0.000198 0.000142 0.000112 0.000096 0.000095 0.000104 0.000098 0.000072 0.000043 0.000030 0.000028 0.000031 0.000032 0.000029 0.000022 0.000019 0.000022 0.000025 0.000026 0.000027 0.000027 
482.060558 481.275912 480.917870 481.668610 484.999349 486.692308 484.752140 481.888808 483.537861 484.893944 485.327137 484.632129 483.657854 483.069440 483.011785 483.318509 484.056012 485.421482 485.453230 483.851075 482.819501 483.239693 484.376665 486.374610 486.555286 483.509068 481.580629 481.437149 483.039692 485.086349 
0.000641 0.002778 0.002160 0.001679 0.001305 0.001104 0.000771 0.000512 0.000357 0.000249 0.000168 0.000118 0.000096 0.000088 0.000082 0.000072 0.000055 0.000037 0.000025 0.000023 0.000025 0.000026 0.000026 0.000024 0.000020 0.000015 0.000012 0.000012 0.000016 0.000024 
494.908468 496.337813 499.549628 499.993162 498.923665 498.022311 497.681920 497.935607 498.011510 497.865881 497.861538 497.824367 497.695123 497.567517 497.471078 497.466051 497.536770 497.703512 497.790440 497.658255 497.656700 497.535088 497.249934 497.056615 497.216053 497.800292 498.142444 498.545156 498.667679 498.139746 
0.005931 0.012236 0.008847 0.007531 0.004895 0.002411 0.001084 0.000584 0.000399 0.000303 0.000227 0.000170 0.000145 0.000133 0.000116 0.000094 0.000070 0.000049 0.000038 0.000037 0.000038 0.000038 0.000037 0.000033 0.000027 0.000020 0.000019 0.000020 0.000021 0.000025 
542.565428 544.873437 547.649064 549.851986 551.462405 552.471226 552.686853 550.082610 544.694922 541.444853 540.980193 541.457009 541.116792 540.788614 540.781826 540.665903 540.572036 541.134428 541.916591 541.467556 540.979933 541.307076 542.155747 542.668579 542.514716 541.807668 540.579480 540.402059 540.418217 539.535828 
0.012441 0.037183 0.025508 0.023256 0.015816 0.008128 0.003539 0.001571 0.000755 0.000420 0.000260 0.000176 0.000141 0.000126 0.000117 0.000099 0.000078 0.000061 0.000054 0.000049 0.000046 0.000045 0.000044 0.000041 0.000038 0.000036 0.000039 0.000041 0.000040 0.000037 
585.990087 587.196195 587.907353 588.450168 589.015035 589.572240 589.572435 589.095039 588.716657 586.947160 586.019384 586.224122 586.544575 586.669135 587.032727 587.087203 587.003242 587.739813 589.638688 591.026180 591.452245 591.828529 592.579262 593.563344 594.934395 596.146752 596.191775 595.479362 594.065477 591.028349 
0.031961 0.075805 0.051766 0.043716 0.028440 0.014543 0.006415 0.002736 0.001191 0.000537 0.000326 0.000268 0.000241 0.000190 0.000158 0.000146 0.000134 0.000116 0.000092 0.000067 0.000054 0.000057 0.000064 0.000061 0.000052 0.000040 0.000028 0.000021 0.000019 0.000021 
633.089044 631.874824 631.191172 630.953208 631.054835 631.179154 631.033611 631.232323 632.234617 633.419456 634.441226 636.440027 636.558816 636.727619 638.096876 638.552758 636.771324 634.927797 634.454789 635.215852 636.265202 636.689902 635.939997 634.503995 633.376444 633.120852 633.675441 635.291137 636.084018 635.457767 
0.011442 0.021004 0.014807 0.012196 0.008027 0.004259 0.002029 0.000966 0.000508 0.000322 0.000218 0.000167 0.000140 0.000116 0.000099 0.000086 0.000071 0.000055 0.000043 0.000036 0.000032 0.000029 0.000026 0.000022 0.000019 0.000018 0.000017 0.000018 0.000018 0.000019 
677.440701 679.525159 681.278261 681.995560 681.656935 680.314118 679.571509 679.724486 678.751788 676.969434 676.101641 676.308870 675.779134 676.058872 678.275143 680.083031 680.805689 679.809307 676.426248 674.027701 674.867464 675.774451 675.626387 675.259984 675.476545 676.047075 675.360836 674.003674 673.964807 675.592570 
0.008068 0.016154 0.011475 0.008774 0.005031 0.002441 0.001110 0.000543 0.000350 0.000318 0.000292 0.000235 0.000177 0.000136 0.000109 0.000087 0.000064 0.000048 0.000043 0.000044 0.000042 0.000037 0.000033 0.000030 0.000031 0.000034 0.000037 0.000037 0.000036 0.000035 
729.356070 730.107469 730.992096 732.097251 733.390732 733.695782 733.392461 734.562684 733.387276 731.592391 731.627416 732.276505 733.400664 733.244258 731.253510 729.623319 729.020678 729.361486 729.739237 729.047714 728.073047 727.050246 726.069386 724.881582 723.666646 723.243499 723.341864 723.517148 724.222660 726.056369 
0.012088 0.025312 0.017592 0.013769 0.008361 0.004269 0.002116 0.001004 0.000460 0.000272 0.000193 0.000140 0.000115 0.000106 0.000096 0.000082 0.000066 0.000052 0.000044 0.000039 0.000034 0.000031 0.000028 0.000025 0.000021 0.000018 0.000017 0.000018 0.000019 0.000020 
804.748261 802.445177 800.175839 798.229017 797.874630 799.263856 800.070716 797.644050 794.855014 791.809020 789.599701 787.837136 786.804231 786.380803 786.581051 786.905024 786.801489 786.125456 784.594427 784.252421 785.925991 787.565148 787.399024 786.389020 786.427471 788.243732 788.905603 786.596731 783.477882 781.699528 
0.007673 0.008986 0.008164 0.005833 0.003443 0.001855 0.001008 0.000513 0.000285 0.000204 0.000148 0.000110 0.000092 0.000085 0.000077 0.000063 0.000048 0.000035 0.000026 0.000023 0.000023 0.000023 0.000021 0.000018 0.000016 0.000014 0.000012 0.000012 0.000014 0.000018 
874.415663 875.283500 876.109568 877.213938 878.489108 880.056582 879.935338 878.293751 875.801968 874.430113 873.953713 873.869094 873.900767 873.835625 873.927192 874.214832 874.726346 875.112782 874.351410 872.831706 872.380128 873.011969 874.336959 874.575828 872.411907 872.196469 875.373579 875.040310 870.725352 869.816082 
0.008367 0.010437 0.009916 0.007114 0.003712 0.001534 0.000752 0.000462 0.000284 0.000191 0.000146 0.000113 0.000090 0.000078 0.000070 0.000060 0.000047 0.000034 0.000027 0.000025 0.000025 0.000023 0.000020 0.000018 0.000016 0.000015 0.000014 0.000013 0.000013 0.000013 
923.900473 924.917946 925.485077 925.731438 925.614969 925.424876 924.916910 925.530009 923.578780 920.498826 919.930255 919.756863 918.708195 917.707679 917.843352 918.365036 917.960722 916.235770 915.828000 917.980138 918.804326 917.888214 916.282872 914.709907 913.321316 912.358756 911.839842 911.607502 912.474789 914.407580 
0.010236 0.013047 0.012692 0.009458 0.005166 0.002028 0.000768 0.000409 0.000221 0.000158 0.000124 0.000097 0.000077 0.000067 0.000061 0.000051 0.000041 0.000031 0.000028 0.000029 0.000028 0.000026 0.000025 0.000023 0.000023 0.000023 0.000024 0.000023 0.000021 0.000019 
970.773172 970.464606 969.525450 967.788889 965.785205 966.488654 972.237181 973.407778 968.163145 965.739335 966.395310 967.269109 967.122533 965.948962 965.496592 965.669158 965.677056 965.273693 964.805545 965.179089 965.065500 963.502348 962.332183 962.713321 962.978976 962.226578 961.266850 961.874632 962.942213 962.261563 
0.010714 0.012669 0.011540 0.008164 0.004600 0.001979 0.000709 0.000323 0.000208 0.000147 0.000110 0.000086 0.000073 0.000066 0.000059 0.000050 0.000038 0.000027 0.000021 0.000020 0.000021 0.000021 0.000020 0.000017 0.000014 0.000012 0.000012 0.000012 0.000012 0.000013 
1013.207948 1014.062537 1013.920663 1012.940692 1010.233952 1007.109932 1003.607477 1002.292086 1005.638294 1009.193254 1010.331826 1010.322747 1010.272409 1010.345315 1010.198156 1010.205698 1010.694641 1011.407327 1012.041658 1012.228764 1012.291900 1012.869024 1013.780419 1014.607311 1015.277354 1016.054843 1017.204619 1018.291704 1017.981058 1016.015861 
0.006368 0.007161 0.005883 0.003523 0.001534 0.000557 0.000218 0.000157 0.000141 0.000119 0.000091 0.000067 0.000055 0.000051 0.000048 0.000044 0.000038 0.000031 0.000027 0.000025 0.000025 0.000026 0.000025 0.000022 0.000020 0.000018 0.000019 0.000020 0.000019 0.000016 
1066.802999 1066.454683 1066.167347 1066.328659 1068.121089 1071.038491 1069.422075 1069.230358 1069.041711 1068.787827 1068.788681 1068.897034 1069.073702 1069.445910 1070.176390 1071.398815 1073.098991 1074.928969 1076.158529 1076.463383 1076.149841 1075.916171 1076.228091 1076.962633 1077.866434 1078.583090 1078.473483 1077.541283 1076.778683 1076.131002 
0.003353 0.003922 0.003418 0.002262 0.001174 0.000526 0.000240 0.000137 0.000097 0.000076 0.000057 0.000043 0.000036 0.000033 0.000029 0.000024 0.000019 0.000015 0.000012 0.000010 0.000010 0.000010 0.000010 0.000008 0.000005 0.000004 0.000004 0.000004 0.000006 0.000008 
1098.279150 1098.543320 1098.800756 1098.914191 1098.501862 1097.371420 1096.930561 1097.674176 1098.091528 1098.050326 1097.971706 1097.983009 1098.036768 1098.033364 1098.034127 1098.072894 1097.925575 1097.486158 1097.263353 1097.659618 1098.153927 1098.188880 1098.145710 1098.610365 1099.352183 1097.799509 1096.434898 1097.494526 1097.756233 1097.229879 
0.002663 0.003088 0.002659 0.001685 0.000755 0.000251 0.000139 0.000127 0.000115 0.000098 0.000076 0.000057 0.000046 0.000042 0.000038 0.000031 0.000024 0.000017 0.000013 0.000012 0.000012 0.000013 0.000012 0.000012 0.000010 0.000009 0.000009 0.000009 0.000008 0.000008 
1114.928773 1114.340026 1114.120505 1114.602756 1116.980648 1121.711135 1119.340714 1119.404654 1119.661441 1119.683643 1119.637885 1119.624649 1119.672137 1119.681848 1119.638523 1119.570163 1119.410278 1119.180006 1119.207248 1119.420985 1119.398090 1119.236917 1118.810919 1118.303605 1118.177214 1118.420483 1118.960234 1119.558215 1120.703238 1121.777201 
0.000792 0.000790 0.000699 0.000615 0.000510 0.000326 0.000168 0.000114 0.000102 0.000088 0.000070 0.000054 0.000045 0.000040 0.000036 0.000030 0.000023 0.000017 0.000014 0.000014 0.000015 0.000015 0.000015 0.000013 0.000012 0.000011 0.000011 0.000009 0.000008 0.000008 
1140.308648 1141.701314 1143.095602 1143.425447 1142.381849 1141.927590 1141.811379 1141.237434 1141.148531 1141.168159 1141.212168 1141.307102 1141.358761 1141.317000 1141.276418 1141.279312 1141.361845 1141.579486 1141.831728 1141.937519 1142.076509 1142.318398 1142.546093 1142.475628 1142.040470 1141.854729 1142.243147 1143.204052 1143.324137 1141.913347 
0.001747 0.002150 0.002132 0.001747 0.001179 0.000624 0.000275 0.000168 0.000138 0.000114 0.000088 0.000067 0.000055 0.000049 0.000044 0.000037 0.000030 0.000023 0.000020 0.000020 0.000020 0.000020 0.000018 0.000016 0.000014 0.000013 0.000013 0.000013 0.000013 0.000012 
1186.447684 1186.588544 1186.695435 1186.974990 1186.908712 1186.233641 1184.385626 1183.404708 1183.959235 1184.156554 1184.342987 1184.704985 1184.961353 1184.880020 1184.845379 1185.322666 1186.594895 1188.732984 1190.940258 1191.794810 1191.496332 1190.943479 1190.790413 1191.433804 1192.709635 1194.408503 1195.323019 1195.311127 1195.107957 1193.971633 
0.001934 0.002191 0.002030 0.001730 0.001396 0.000956 0.000549 0.000291 0.000186 0.000142 0.000108 0.000082 0.000068 0.000061 0.000055 0.000047 0.000036 0.000027 0.000023 0.000022 0.000022 0.000022 0.000021 0.000019 0.000016 0.000014 0.000013 0.000014 0.000014 0.000011 
1229.138738 1231.689033 1235.268557 1240.421083 1242.242113 1242.228467 1240.828968 1237.305565 1232.393669 1229.800738 1228.811078 1228.453770 1228.105902 1227.412411 1226.430332 1225.314394 1224.117520 1222.595581 1220.928705 1219.865318 1219.649144 1220.583348 1221.734866 1220.861214 1216.792750 1212.750591 1213.762989 1215.665148 1216.564666 1219.852397 
0.000671 0.001131 0.000874 0.000799 0.000557 0.000288 0.000132 0.000078 0.000068 0.000058 0.000046 0.000035 0.000029 0.000027 0.000025 0.000022 0.000018 0.000014 0.000012 0.000010 0.000010 0.000011 0.000012 0.000012 0.000012 0.000010 0.000009 0.000009 0.000010 0.000009 
1262.767585 1263.120470 1262.203528 1260.865471 1259.689347 1259.028512 1260.316032 1261.420425 1260.886124 1260.680866 1260.478244 1260.325697 1260.296281 1260.274626 1260.258166 1260.321977 1260.581243 1261.106449 1261.608059 1261.717243 1261.678131 1261.604690 1261.424773 1261.361495 1261.601759 1262.018006 1262.149189 1262.034451 1262.009781 1261.957620 
0.001637 0.001725 0.001337 0.000871 0.000571 0.000421 0.000266 0.000159 0.000103 0.000078 0.000058 0.000043 0.000035 0.000032 0.000028 0.000023 0.000018 0.000013 0.000011 0.000011 0.000010 0.000010 0.000009 0.000008 0.000007 0.000006 0.000005 0.000004 0.000004 0.000004 
1291.223514 1292.220312 1293.724761 1293.750973 1290.630057 1288.219764 1288.673701 1290.593291 1290.887813 1289.996610 1289.567613 1289.413943 1289.352822 1289.340504 1289.336110 1289.314124 1289.253283 1288.950664 1288.360438 1288.208075 1288.715406 1289.447117 1289.690851 1289.085181 1288.503092 1288.664814 1288.883517 1288.365764 1287.575089 1287.275684 
0.004946 0.006048 0.005392 0.003504 0.001649 0.000664 0.000324 0.000227 0.000186 0.000151 0.000117 0.000090 0.000074 0.000068 0.000063 0.000054 0.000042 0.000032 0.000027 0.000027 0.000027 0.000026 0.000024 0.000022 0.000021 0.000021 0.000021 0.000022 0.000024 0.000023 
1325.800206 1326.223988 1326.811393 1327.700834 1328.937132 1330.006638 1331.767066 1332.908269 1333.638376 1334.478459 1334.509551 1334.256652 1334.210228 1333.874349 1333.267224 1332.535359 1331.752988 1331.041995 1330.147187 1329.238177 1328.804399 1328.514994 1328.326759 1328.135604 1327.208706 1326.212392 1325.360609 1323.878461 1323.812132 1326.502508 
0.000460 0.001689 0.001313 0.001021 0.000866 0.000554 0.000271 0.000136 0.000107 0.000090 0.000070 0.000054 0.000044 0.000039 0.000035 0.000030 0.000025 0.000020 0.000018 0.000018 0.000018 0.000017 0.000017 0.000017 0.000016 0.000015 0.000014 0.000014 0.000015 0.000014 
1443.998522 1444.876608 1446.917245 1448.584826 1449.759544 1450.779847 1451.616174 1450.473281 1449.244850 1449.112405 1448.787751 1448.420192 1448.229977 1448.231004 1448.310913 1448.268312 1447.712724 1446.161654 1444.591843 1444.605226 1445.274982 1445.217764 1444.381690 1443.525363 1443.195941 1443.361703 1443.719230 1444.108779 1444.626803 1445.481636 
0.000378 0.001256 0.000971 0.000751 0.000602 0.000379 0.000197 0.000114 0.000090 0.000075 0.000059 0.000044 0.000036 0.000033 0.000030 0.000026 0.000020 0.000015 0.000012 0.000012 0.000013 0.000014 0.000013 0.000013 0.000012 0.000011 0.000010 0.000009 0.000008 0.000007 
1492.976317 1494.740273 1496.146881 1496.977319 1497.302774 1497.262563 1497.095428 1497.242143 1497.177847 1497.016348 1496.948310 1496.900357 1496.960929 1497.085022 1497.201783 1497.428971 1497.775414 1498.175563 1498.749245 1499.459033 1500.022237 1500.339081 1500.155060 1499.576587 1499.211062 1499.023541 1498.749270 1499.114616 1500.267455 1501.124971 
0.000640 0.000819 0.000816 0.000654 0.000425 0.000224 0.000109 0.000081 0.000074 0.000062 0.000048 0.000036 0.000030 0.000027 0.000024 0.000020 0.000015 0.000012 0.000010 0.000009 0.000008 0.000008 0.000007 0.000006 0.000005 0.000004 0.000004 0.000004 0.000004 0.000005 
1538.968847 1538.342604 1537.452492 1536.531806 1536.035590 1536.373340 1537.260799 1537.127934 1536.933236 1536.933377 1536.968681 1536.963888 1536.925444 1536.919962 1536.967118 1537.035522 1537.101759 1537.141989 1536.896612 1536.505463 1536.539963 1536.765852 1536.690827 1536.379668 1536.038714 1535.824252 1536.251429 1537.082163 1537.377806 1537.068201 
0.001427 0.001515 0.001156 0.000646 0.000305 0.000179 0.000125 0.000112 0.000104 0.000090 0.000072 0.000056 0.000047 0.000041 0.000038 0.000033 0.000028 0.000023 0.000020 0.000019 0.000019 0.000019 0.000018 0.000018 0.000018 0.000018 0.000017 0.000016 0.000016 0.000016 
1570.150523 1569.915622 1569.692838 1568.720246 1566.737923 1565.789499 1567.702682 1567.894547 1567.881691 1567.933369 1567.924342 1568.004930 1568.261130 1568.415425 1568.107334 1567.261245 1566.265610 1565.633332 1565.051723 1564.251097 1564.008391 1563.827743 1563.346959 1562.969303 1562.835619 1562.879482 1562.935235 1562.871390 1563.385578 1564.750271 
0.003860 0.004305 0.003439 0.001905 0.000667 0.000204 0.000136 0.000117 0.000106 0.000090 0.000070 0.000053 0.000044 0.000040 0.000036 0.000031 0.000024 0.000017 0.000013 0.000013 0.000013 0.000012 0.000011 0.000009 0.000008 0.000007 0.000008 0.000009 0.000009 0.000008 
1625.724657 1626.125392 1626.495549 1626.756926 1625.842406 1618.968865 1618.605826 1619.909397 1620.102372 1620.150294 1620.175566 1620.201460 1620.291233 1620.251485 1620.050863 1620.056223 1620.351435 1620.175680 1618.842404 1618.170258 1618.817828 1619.680667 1620.059682 1619.779310 1619.813756 1620.664626 1621.085643 1620.734643 1620.133077 1619.231289 
0.004737 0.005230 0.004113 0.002249 0.000932 0.000427 0.000209 0.000114 0.000098 0.000083 0.000065 0.000050 0.000041 0.000037 0.000033 0.000029 0.000024 0.000019 0.000016 0.000015 0.000014 0.000014 0.000013 0.000013 0.000014 0.000014 0.000014 0.000013 0.000011 0.000010 
1664.904394 1664.565907 1664.185760 1663.906878 1666.170670 1667.528981 1666.230203 1664.411491 1665.821934 1665.929068 1666.054209 1666.600932 1667.043644 1666.813461 1666.471517 1666.940966 1668.949976 1671.949092 1673.999953 1673.998097 1672.998664 1672.548089 1672.945238 1673.920014 1674.780586 1675.206282 1675.421685 1675.311945 1674.410006 1672.125183 
0.002401 0.002734 0.002370 0.001616 0.000950 0.000495 0.000250 0.000137 0.000094 0.000075 0.000057 0.000043 0.000035 0.000031 0.000027 0.000023 0.000017 0.000013 0.000010 0.000011 0.000011 0.000011 0.000010 0.000009 0.000007 0.000007 0.000006 0.000006 0.000006 0.000006 
1714.282487 1714.258305 1715.341384 1718.105827 1720.835298 1720.641617 1716.808133 1714.676013 1716.026977 1717.215125 1718.033217 1718.853995 1719.400755 1719.429872 1719.381331 1719.456858 1719.474992 1719.278651 1719.073479 1719.099173 1718.921294 1718.738044 1718.885893 1719.454315 1720.562490 1721.424614 1722.147213 1723.116556 1723.245467 1722.744042 
0.002706 0.003046 0.002573 0.001638 0.000782 0.000313 0.000157 0.000123 0.000109 0.000092 0.000072 0.000055 0.000045 0.000040 0.000036 0.000031 0.000024 0.000019 0.000016 0.000015 0.000016 0.000016 0.000015 0.000014 0.000012 0.000011 0.000011 0.000010 0.000010 0.000009 
1759.494504 1759.574665 1759.189706 1758.460894 1758.552254 1762.633024 1760.823036 1757.150902 1757.302032 1757.433524 1757.186815 1756.755261 1756.868561 1757.351146 1757.377642 1757.167709 1757.165303 1756.628614 1754.249259 1751.512312 1750.356882 1750.748497 1752.171748 1752.960022 1750.896392 1747.541208 1747.281292 1749.410165 1750.517568 1750.832327 
0.002023 0.002125 0.001616 0.000881 0.000361 0.000174 0.000127 0.000113 0.000104 0.000089 0.000071 0.000055 0.000047 0.000043 0.000039 0.000034 0.000029 0.000024 0.000020 0.000018 0.000017 0.000017 0.000017 0.000017 0.000018 0.000018 0.000018 0.000018 0.000017 0.000015 
1813.666192 1813.629912 1813.363327 1812.643866 1811.224674 1811.077351 1812.689366 1813.822875 1813.838221 1813.757211 1813.519547 1812.897194 1812.207449 1811.891737 1811.728701 1811.242507 1809.948930 1808.554556 1808.655316 1809.747346 1810.382087 1810.531539 1809.199791 1806.232668 1804.099867 1803.797784 1803.986248 1804.196845 1804.810987 1805.608669 
0.001718 0.001875 0.001519 0.000949 0.000487 0.000253 0.000151 0.000117 0.000102 0.000087 0.000068 0.000052 0.000042 0.000039 0.000035 0.000030 0.000023 0.000017 0.000015 0.000014 0.000013 0.000013 0.000013 0.000012 0.000011 0.000009 0.000009 0.000010 0.000011 0.000010 
1861.019396 1861.122695 1861.347685 1861.516672 1862.534492 1864.840602 1866.554628 1865.317996 1865.098063 1865.034905 1864.964766 1864.977276 1865.138367 1865.350774 1865.552223 1865.735218 1865.827932 1866.218279 1867.046336 1866.597466 1865.239510 1864.451448 1864.093434 1863.800539 1863.838612 1863.799376 1863.170620 1863.305896 1863.812343 1863.898522 
0.000757 0.000859 0.000741 0.000497 0.000269 0.000138 0.000095 0.000083 0.000075 0.000063 0.000049 0.000037 0.000031 0.000029 0.000026 0.000023 0.000019 0.000016 0.000014 0.000013 0.000013 0.000013 0.000012 0.000011 0.000010 0.000009 0.000009 0.000009 0.000009 0.000008 
1911.611335 1912.196216 1912.964255 1913.800507 1914.279748 1913.710432 1912.792341 1912.748340 1913.001361 1913.183245 1913.408434 1913.754720 1914.072829 1914.276667 1914.582052 1915.178097 1916.251601 1917.625470 1918.456613 1918.404952 1917.899223 1917.439648 1917.203233 1917.581327 1918.933703 1919.947416 1919.979738 1919.737233 1919.169408 1918.489982 
0.000621 0.000701 0.000599 0.000405 0.000236 0.000135 0.000087 0.000070 0.000063 0.000054 0.000042 0.000032 0.000026 0.000023 0.000021 0.000017 0.000014 0.000010 0.000008 0.000008 0.000009 0.000010 0.000010 0.000010 0.000009 0.000008 0.000006 0.000006 0.000005 0.000005 
1990.517761 1990.602343 1991.052712 1992.162497 1993.609980 1993.332049 1991.235538 1990.307572 1990.348855 1990.512291 1990.740425 1990.919784 1990.984134 1991.109506 1991.303834 1991.504943 1991.577627 1991.081395 1989.960840 1989.258871 1988.834033 1988.204698 1987.577555 1987.351940 1987.497947 1987.457060 1987.324232 1988.778318 1991.307296 1992.395700 
0.001308 0.001553 0.001376 0.000907 0.000447 0.000202 0.000132 0.000109 0.000098 0.000083 0.000065 0.000050 0.000042 0.000039 0.000035 0.000030 0.000025 0.000021 0.000019 0.000018 0.000017 0.000016 0.000015 0.000014 0.000014 0.000013 0.000013 0.000014 0.000013 0.000012 
2043.406294 2045.736567 2048.877915 2052.955999 2057.199561 2054.499233 2046.475919 2044.955050 2045.158175 2045.261755 2045.463104 2045.882258 2045.824052 2045.070457 2044.844348 2045.634581 2046.100108 2045.045451 2044.121100 2044.765601 2046.032833 2047.454300 2047.526518 2045.352964 2042.636827 2041.863349 2043.078058 2044.586163 2044.385668 2041.906897 
0.000813 0.000898 0.000723 0.000421 0.000188 0.000107 0.000084 0.000075 0.000069 0.000058 0.000045 0.000034 0.000028 0.000025 0.000023 0.000020 0.000015 0.000012 0.000010 0.000010 0.000010 0.000009 0.000008 0.000007 0.000006 0.000006 0.000006 0.000007 0.000007 0.000006 
2099.835169 2098.776658 2097.340040 2095.608032 2094.989100 2096.820166 2096.569177 2096.728076 2096.858650 2096.908393 2096.872807 2096.788957 2096.828700 2096.923666 2096.943995 2097.127517 2097.667175 2098.109011 2097.728262 2097.574579 2097.807116 2097.882382 2098.306798 2099.414587 2100.571639 2101.256554 2101.014743 2100.798724 2101.390641 2102.307657 
0.002088 0.002245 0.001730 0.000951 0.000401 0.000192 0.000115 0.000089 0.000080 0.000069 0.000054 0.000041 0.000034 0.000031 0.000028 0.000024 0.000018 0.000013 0.000011 0.000011 0.000011 0.000011 0.000010 0.000009 0.000010 0.000010 0.000010 0.000010 0.000011 0.000010 
2170.307157 2170.394420 2170.547967 2170.065430 2167.460961 2164.696384 2168.476283 2170.611290 2170.487218 2170.212480 2169.928857 2169.621529 2169.332723 2169.169024 2169.143592 2169.276886 2169.508272 2169.358111 2168.447373 2167.486741 2166.952827 2167.283906 2168.556820 2169.137492 2167.292503 2165.626113 2165.158495 2165.325006 2165.488041 2165.854651 
0.002129 0.002439 0.002040 0.001239 0.000561 0.000249 0.000139 0.000100 0.000087 0.000074 0.000058 0.000045 0.000037 0.000034 0.000031 0.000026 0.000020 0.000016 0.000015 0.000014 0.000013 0.000012 0.000011 0.000009 0.000008 0.000008 0.000008 0.000008 0.000008 0.000008 
2230.063519 2230.700369 2231.539284 2232.641562 2233.223854 2230.622086 2230.599013 2233.722742 2234.322731 2234.212018 2234.035422 2233.739956 2233.580433 2233.826519 2234.112450 2233.942362 2232.949316 2231.365929 2230.377771 2230.580046 2231.055788 2230.871169 2230.836920 2231.514012 2231.099902 2230.184337 2230.018470 2229.184813 2228.596929 2230.198173 
0.001177 0.001291 0.001034 0.000605 0.000276 0.000135 0.000096 0.000086 0.000079 0.000067 0.000053 0.000040 0.000033 0.000030 0.000028 0.000023 0.000018 0.000013 0.000010 0.000009 0.000009 0.000009 0.000010 0.000008 0.000007 0.000006 0.000007 0.000007 0.000006 0.000006 
2315.440795 2314.467100 2313.226003 2311.781845 2311.240088 2313.004711 2312.280687 2311.904487 2311.873471 2311.876694 2311.883497 2311.859069 2311.812032 2311.730439 2311.830423 2312.106183 2312.180982 2312.031445 2312.065356 2312.311373 2312.350725 2310.851073 2308.952220 2308.904526 2309.431477 2306.347802 2305.201854 2307.592588 2309.225175 2308.275077 
0.002102 0.002339 0.001898 0.001111 0.000465 0.000177 0.000105 0.000090 0.000083 0.000071 0.000055 0.000042 0.000035 0.000032 0.000029 0.000024 0.000019 0.000014 0.000011 0.000011 0.000012 0.000012 0.000011 0.000009 0.000007 0.000007 0.000008 0.000009 0.000010 0.000008 
2371.123352 2371.344541 2371.818971 2372.826813 2374.635231 2373.365647 2369.456074 2369.389513 2369.416103 2369.310332 2369.150227 2369.036447 2368.860248 2368.257783 2367.575858 2367.388419 2367.802241 2368.196811 2367.849007 2366.606706 2365.676627 2366.326838 2368.208576 2371.306327 2374.167197 2372.574977 2369.452354 2369.309147 2369.834011 2368.255459 
0.002306 0.002522 0.001974 0.001072 0.000375 0.000136 0.000099 0.000088 0.000081 0.000069 0.000055 0.000042 0.000034 0.000031 0.000028 0.000024 0.000019 0.000015 0.000012 0.000013 0.000013 0.000013 0.000012 0.000011 0.000011 0.000011 0.000010 0.000009 0.000009 0.000009 
2432.459050 2433.406069 2434.114269 2434.079467 2431.329984 2426.163227 2427.406661 2426.679638 2426.666057 2426.821366 2426.978476 2427.151739 2427.331295 2427.377007 2427.220604 2426.658423 2425.579854 2424.062548 2421.864435 2419.416591 2418.247486 2418.449756 2418.361734 2416.183553 2414.242484 2414.950530 2416.258434 2415.299513 2413.317972 2414.578240 
0.001221 0.001378 0.001110 0.000618 0.000225 0.000094 0.000076 0.000069 0.000064 0.000054 0.000043 0.000033 0.000027 0.000025 0.000022 0.000019 0.000016 0.000013 0.000010 0.000008 0.000007 0.000008 0.000009 0.000009 0.000009 0.000007 0.000006 0.000007 0.000008 0.000007 
2499.064645 2499.163203 2499.246476 2499.321719 2499.601148 2501.647267 2502.935081 2503.352385 2503.417226 2503.555271 2503.891414 2504.350480 2504.355242 2503.752579 2503.130181 2502.959543 2503.911300 2505.642905 2506.018180 2503.528114 2501.967201 2503.576264 2506.312172 2509.415333 2511.650884 2511.502176 2506.934912 2504.748081 2505.596644 2505.997849 
0.001285 0.001500 0.001264 0.000761 0.000322 0.000130 0.000088 0.000079 0.000073 0.000062 0.000048 0.000037 0.000031 0.000028 0.000026 0.000021 0.000017 0.000013 0.000011 0.000011 0.000011 0.000010 0.000010 0.000008 0.000007 0.000007 0.000007 0.000007 0.000007 0.000007 
2716.024200 2715.788183 2715.678120 2715.774376 2716.161407 2714.906733 2712.421376 2712.015903 2712.060509 2712.082793 2712.164832 2712.473522 2712.862610 2713.043146 2712.827953 2711.863693 2710.285320 2709.251833 2709.466621 2709.692259 2709.830489 2710.667415 2711.759281 2711.931503 2711.983992 2714.460274 2715.202107 2712.258113 2708.897162 2708.189346 
0.000662 0.000719 0.000559 0.000303 0.000116 0.000065 0.000057 0.000053 0.000048 0.000041 0.000033 0.000028 0.000025 0.000022 0.000019 0.000015 0.000011 0.000008 0.000007 0.000008 0.000008 0.000009 0.000009 0.000008 0.000007 0.000006 0.000007 0.000008 0.000007 0.000006 
2761.049658 2761.415028 2761.975605 2762.891705 2763.816762 2761.664983 2761.395320 2761.595647 2761.656657 2761.596857 2761.744842 2762.325061 2762.776305 2762.668017 2762.225981 2762.000306 2762.455796 2763.389155 2763.066419 2762.421416 2763.018695 2763.603512 2763.253391 2762.238430 2760.607207 2760.458658 2762.020651 2762.507388 2762.972922 2764.074566 
0.000820 0.000923 0.000767 0.000469 0.000212 0.000089 0.000063 0.000057 0.000053 0.000045 0.000035 0.000027 0.000022 0.000021 0.000019 0.000017 0.000014 0.000011 0.000009 0.000009 0.000009 0.000009 0.000009 0.000008 0.000007 0.000006 0.000006 0.000006 0.000006 0.000006 
2889.608910 2890.051756 2890.756538 2891.841166 2893.110965 2891.724728 2889.376372 2889.443061 2889.564170 2889.751355 2890.056196 2890.338542 2890.545412 2890.771301 2890.827398 2890.544399 2890.282207 2890.623052 2890.835671 2889.644667 2888.606059 2888.013797 2887.258686 2886.834718 2887.366420 2887.848167 2887.183706 2887.294852 2888.426186 2888.941965 
0.001127 0.001195 0.000905 0.000476 0.000179 0.000093 0.000074 0.000068 0.000063 0.000055 0.000043 0.000033 0.000027 0.000024 0.000023 0.000020 0.000017 0.000014 0.000011 0.000010 0.000009 0.000009 0.000009 0.000008 0.000006 0.000006 0.000006 0.000007 0.000007 0.000007 
2955.085086 2954.768397 2954.292414 2953.659349 2953.727770 2954.550453 2952.895264 2952.323177 2951.873884 2951.538232 2951.395897 2951.606907 2952.113713 2952.237607 2951.866778 2951.684430 2952.373765 2953.455061 2953.390875 2952.544096 2952.346113 2951.115905 2948.518094 2946.451693 2946.501016 2949.021567 2951.611725 2952.000532 2950.038376 2948.138254 
0.001668 0.001808 0.001402 0.000754 0.000273 0.000117 0.000089 0.000080 0.000073 0.000062 0.000049 0.000038 0.000033 0.000031 0.000028 0.000024 0.000019 0.000015 0.000013 0.000011 0.000011 0.000010 0.000010 0.000009 0.000010 0.000010 0.000010 0.000010 0.000010 0.000010 
3006.657603 3007.299881 3008.334513 3010.224168 3012.906503 3009.274279 3007.762564 3007.926328 3007.934018 3007.999665 3008.059910 3007.890953 3007.070369 3006.337671 3006.344252 3006.370305 3005.263867 3003.499822 3004.848522 3008.523675 3009.675331 3008.177468 3006.786494 3005.377845 3005.572721 3010.176051 3015.604341 3016.502926 3014.001173 3013.133897 
0.001577 0.001694 0.001305 0.000700 0.000256 0.000113 0.000089 0.000082 0.000076 0.000065 0.000050 0.000038 0.000032 0.000028 0.000026 0.000022 0.000018 0.000014 0.000012 0.000012 0.000013 0.000013 0.000013 0.000012 0.000011 0.000009 0.000008 0.000007 0.000007 0.000006 
3131.545254 3132.033130 3132.771931 3134.111551 3136.294981 3132.156322 3129.046605 3128.718325 3128.683185 3128.823527 3129.006695 3128.916950 3128.388351 3127.983002 3127.982122 3128.315909 3129.479760 3131.367510 3130.591308 3127.637226 3127.510026 3129.886000 3131.686084 3131.522199 3130.829235 3130.929969 3132.193705 3132.159207 3129.212953 3124.943192 
0.001804 0.001958 0.001519 0.000813 0.000282 0.000106 0.000077 0.000069 0.000064 0.000055 0.000044 0.000033 0.000028 0.000025 0.000023 0.000020 0.000016 0.000013 0.000011 0.000010 0.000010 0.000009 0.000008 0.000007 0.000006 0.000007 0.000008 0.000008 0.000007 0.000006 
3242.547420 3242.265600 3241.518769 3239.588424 3234.222201 3234.006810 3238.735749 3238.591588 3238.407599 3238.279431 3238.222339 3238.155186 3237.839877 3237.821673 3238.343573 3238.710288 3238.942992 3240.098402 3241.419522 3240.914323 3239.832733 3239.356628 3239.159818 3239.028906 3240.716301 3243.943033 3246.872854 3248.936124 3248.529596 3244.321337 
0.001262 0.001300 0.000948 0.000466 0.000158 0.000084 0.000069 0.000064 0.000058 0.000050 0.000040 0.000031 0.000026 0.000024 0.000022 0.000018 0.000014 0.000011 0.000010 0.000009 0.000009 0.000008 0.000008 0.000008 0.000009 0.000010 0.000010 0.000009 0.000008 0.000007 
3311.111120 3310.821706 3310.553502 3310.347353 3310.179661 3312.990803 3314.492525 3315.284984 3315.383290 3315.161258 3314.781548 3314.185644 3313.671560 3313.821295 3314.037667 3313.736160 3313.927371 3317.277781 3321.686125 3322.410099 3320.328646 3317.954147 3316.061517 3312.888028 3309.870122 3308.282510 3307.074282 3306.339430 3306.714806 3308.118889 
0.000994 0.001066 0.000829 0.000462 0.000187 0.000083 0.000060 0.000055 0.000051 0.000044 0.000036 0.000028 0.000023 0.000021 0.000019 0.000016 0.000013 0.000010 0.000009 0.000009 0.000010 0.000011 0.000010 0.000009 0.000007 0.000006 0.000006 0.000006 0.000007 0.000008 
3381.097954 3381.790513 3382.822599 3384.388554 3385.756655 3382.310595 3380.639917 3380.542188 3380.490772 3380.304046 3379.834091 3379.449040 3379.772514 3380.037484 3379.746489 3379.706171 3379.968354 3379.399713 3378.799517 3380.050990 3381.197836 3381.549418 3381.453000 3380.569853 3378.357382 3375.655331 3373.893703 3372.444633 3371.510043 3371.766679 
0.000874 0.000954 0.000759 0.000436 0.000183 0.000079 0.000055 0.000050 0.000046 0.000039 0.000031 0.000024 0.000019 0.000017 0.000016 0.000013 0.000010 0.000007 0.000006 0.000006 0.000007 0.000008 0.000007 0.000007 0.000007 0.000008 0.000007 0.000006 0.000006 0.000005 
3441.464201 3441.280978 3440.996519 3440.585371 3440.254142 3441.061385 3441.400851 3441.086444 3441.012907 3441.211232 3441.317435 3441.109122 3440.840984 3440.630660 3440.186382 3439.767120 3439.857143 3440.588582 3441.703283 3442.998971 3444.197090 3444.945995 3444.235630 3441.501009 3441.104062 3443.679865 3446.424003 3448.081576 3446.981640 3444.222984 
0.000768 0.000827 0.000646 0.000361 0.000148 0.000070 0.000053 0.000047 0.000043 0.000037 0.000029 0.000023 0.000020 0.000019 0.000019 0.000016 0.000012 0.000009 0.000008 0.000008 0.000008 0.000009 0.000008 0.000008 0.000008 0.000009 0.000010 0.000009 0.000007 0.000005 
3488.357249 3488.660944 3489.117612 3489.898772 3491.033379 3489.868492 3488.266893 3488.145715 3488.359409 3488.571107 3488.650516 3488.418315 3487.877251 3486.986642 3486.349606 3486.665857 3487.606080 3487.288205 3485.690027 3485.363612 3487.368908 3489.383290 3489.605125 3488.689769 3488.570358 3488.065552 3486.531012 3485.182650 3484.724353 3485.852179 
0.001229 0.001367 0.001096 0.000620 0.000236 0.000088 0.000066 0.000061 0.000057 0.000049 0.000039 0.000030 0.000025 0.000023 0.000021 0.000018 0.000014 0.000011 0.000009 0.000009 0.000008 0.000007 0.000007 0.000006 0.000005 0.000005 0.000006 0.000007 0.000007 0.000007 
3621.543635 3622.030081 3622.704820 3623.743617 3625.231237 3623.413143 3621.712074 3621.548047 3621.614608 3621.848842 3621.868195 3621.183241 3620.210992 3620.167261 3620.994824 3621.955036 3622.743829 3623.522417 3623.677371 3622.148449 3620.183746 3619.832895 3621.391794 3622.016858 3618.901495 3615.453784 3616.149947 3617.864367 3617.483386 3615.727954 
0.000776 0.000865 0.000700 0.000405 0.000167 0.000073 0.000054 0.000047 0.000043 0.000036 0.000029 0.000022 0.000018 0.000016 0.000015 0.000012 0.000010 0.000008 0.000007 0.000006 0.000006 0.000006 0.000007 0.000007 0.000006 0.000005 0.000006 0.000007 0.000008 0.000008 
3721.803846 3721.325399 3720.697669 3719.845663 3719.111422 3721.355596 3722.021886 3721.324094 3721.166392 3721.254212 3721.253124 3721.255545 3721.315235 3721.152286 3720.920640 3720.994582 3721.671299 3722.942200 3723.409629 3722.318538 3721.339577 3720.977331 3721.276125 3721.803593 3721.270904 3719.974459 3720.261054 3719.352287 3718.676018 3719.895241 
0.001008 0.001090 0.000847 0.000460 0.000169 0.000073 0.000059 0.000054 0.000050 0.000043 0.000035 0.000028 0.000023 0.000020 0.000018 0.000016 0.000014 0.000011 0.000008 0.000008 0.000008 0.000008 0.000007 0.000007 0.000006 0.000005 0.000005 0.000006 0.000006 0.000005 
3776.464590 3776.685229 3776.987462 3777.472362 3778.281373 3777.617740 3776.727648 3776.659727 3776.704806 3776.783878 3777.001392 3777.049676 3776.629348 3776.402036 3776.167750 3775.753800 3776.461995 3778.406464 3778.334151 3775.146102 3775.492841 3778.108582 3779.243559 3778.803626 3778.369465 3777.392187 3775.152289 3774.297573 3774.769488 3775.015864 
0.000716 0.000801 0.000649 0.000374 0.000149 0.000060 0.000047 0.000043 0.000040 0.000034 0.000027 0.000022 0.000019 0.000018 0.000016 0.000013 0.000010 0.000008 0.000007 0.000007 0.000007 0.000007 0.000006 0.000005 0.000006 0.000007 0.000008 0.000007 0.000005 0.000005 
3840.895662 3841.075926 3841.195594 3841.161152 3840.678798 3840.418388 3840.625246 3840.416054 3840.429818 3840.299763 3840.180052 3840.643561 3841.729560 3842.266285 3841.974686 3841.476828 3841.225289 3840.762699 3838.915051 3837.200824 3836.992935 3838.149853 3840.630938 3841.862032 3840.404966 3839.147534 3838.421438 3837.468238 3837.429223 3839.476667 
0.000659 0.000761 0.000639 0.000383 0.000157 0.000053 0.000036 0.000033 0.000031 0.000026 0.000020 0.000016 0.000014 0.000013 0.000012 0.000010 0.000008 0.000008 0.000008 0.000007 0.000006 0.000006 0.000006 0.000006 0.000007 0.000007 0.000007 0.000006 0.000006 0.000006 
5005.413538 5004.989349 5004.475994 5003.873429 5003.500423 5005.276165 5005.195389 5005.241922 5005.341585 5005.351108 5005.533384 5005.812394 5005.762310 5005.249641 5004.387261 5003.253018 5002.239332 5002.502810 5003.695344 5005.047270 5007.673271 5009.632402 5007.098438 5002.243753 4999.848797 4999.705182 5000.101577 5000.840936 5003.385168 5006.460326 
