1 11
12 17
23 26
30 36
40 43
44 49
53 60
63 73
77 86
87 93
102 108
111 114
118 126
129 136
137 140
148 162
163 175
176 183
186 198
199 205
209 212
220 224
230 236
237 245
250 258
264 271
276 283
289 301
305 309
313 316
324 329
330 334
335 340
344 357
360 379
380 384
389 397
400 405
406 418
419 427
428 439
440 443
451 461
466 478
479 484
485 497
498 520
521 536
549 552
561 568
570 575
577 581
583 596
599 603
607 611
612 624
625 629
633 640
641 657
658 662
663 674
683 697
703 710
712 727
728 732
736 740
743 748
756 760
765 781
786 797
821 828
831 849
856 868
911 922
924 938
939 946
955 971
977 981
989 997
999 1003
1004 1021
1024 1034
1045 1055
1063 1066
1071 1074
1075 1085
1098 1103
1121 1127
1129 1132
1193 1203
1208 1217
1223 1232
1236 1244
1245 1252
1256 1263
1283 1287
1289 1294
1296 1307
1319 1327
1335 1341
1342 1348
1398 1401
1406 1419
1456 1459
1461 1466
1472 1478
1482 1496
1505 1509
1510 1519
1522 1527
1533 1540
1541 1548
1557 1563
1576 1581
1584 1590
1686 1691
1738 1745
1751 1756
1883 1887
1891 1896
1899 1909
1928 1933
1934 1940
1941 1944
2011 2018
2054 2064
2164 2168
2189 2198
2208 2211
2221 2226
2313 2317
2402 2405
2446 2459
