0.047959 7.695154
0.000000 0.000000
0.031973 4.528669
0.031973 10.749600
0.031973 6.668573
0.031973 2.872216
0.031973 10.507246
0.031973 10.961521
0.031973 6.195823
0.031973 11.048856
0.031973 4.690688
0.031973 10.092304
0.047959 8.044116
0.031973 13.781121
0.031973 18.214730
0.031973 23.374677
0.031973 20.563509
0.047959 5.099189
0.031973 20.869503
0.031973 17.326336
0.031973 19.476914
0.031973 8.555758
0.031973 14.551853
0.031973 18.320910
0.031973 18.624081
0.063946 6.333622
0.015986 10.691185
0.015986 6.976874
0.015986 9.825837
0.047959 6.917530
0.063946 8.270193
0.047959 9.077439
0.015986 14.013581
0.031973 16.532691
0.031973 4.777427
0.031973 9.356642
0.031973 7.721074
0.031973 14.499506
0.031973 17.443976
0.031973 16.870704
0.063946 9.162433
0.031973 20.519575
0.031973 6.464868
0.031973 10.474080
0.031973 9.539620
0.031973 10.237090
0.031973 14.256244
0.031973 12.738924
0.031973 14.035669
0.031973 15.536114
0.031973 15.106607
0.031973 11.023720
0.031973 11.291438
0.015986 7.018756
0.031973 11.954208
0.015986 11.837179
0.031973 11.381497
0.031973 9.282357
0.015986 6.727457
0.031973 6.560061
0.015986 7.074424
0.031973 6.436948
0.031973 4.309646
0.031973 10.469337
0.031973 7.969049
0.015986 11.532519
0.031973 9.666623
0.031973 11.599539
0.031973 11.011148
0.031973 13.752848
0.031973 8.782297
0.015986 9.107064
0.031973 9.333641
0.031973 7.348070
0.031973 7.182991
0.047959 9.899399
0.031973 8.056494
0.015986 11.808392
0.031973 15.408049
0.031973 11.230740
0.015986 11.078900
0.047959 11.776074
0.031973 13.949501
0.031973 14.473798
0.031973 12.526354
0.031973 13.431687
0.031973 11.590708
0.031973 11.965529
0.031973 13.241984
0.031973 10.775986
0.031973 11.422803
0.015986 8.646098
0.015986 5.728926
0.031973 10.936202
0.031973 11.182679
0.015986 8.537045
0.015986 8.059520
0.031973 13.162531
0.031973 12.833069
0.031973 9.017011
0.031973 13.129736
0.031973 13.902096
0.031973 13.899171
0.031973 13.680688
0.031973 14.244756
0.047959 19.793212
0.031973 10.996874
0.031973 7.938336
0.047959 7.275517
0.031973 7.883431
0.031973 10.123112
0.031973 9.714300
0.031973 4.056748
0.031973 2.940933
0.047959 6.519448
0.111905 8.986301
0.047959 4.472362
0.095918 8.421404
0.079932 3.744958
0.047959 3.027997
0.143878 11.363260
0.047959 7.120025
0.031973 5.987323
0.095918 8.465739
0.031973 2.247550
0.095918 6.615274
0.095918 5.873187
0.031973 5.645137
0.015986 6.343021
0.031973 6.360079
0.111905 2.267105
0.031973 4.263896
0.127891 6.615312
0.015986 1.706125
0.015986 2.035337
0.031973 7.149705
0.031973 8.771570
0.031973 7.525770
0.063946 6.576279
0.015986 2.822129
0.047959 4.407205
0.239796 7.009976
0.143878 6.715268
0.047959 5.877067
0.159864 2.230119
0.063946 1.859049
0.239796 1.626951
0.031973 4.089960
0.079932 4.281616
0.079932 4.927148
0.047959 3.905924
0.031973 3.089111
0.031973 0.497567
0.047959 4.160211
0.127891 5.741649
0.031973 4.573110
0.095918 6.409986
0.239796 3.849284
0.031973 4.256789
0.159864 4.447713
0.031973 4.563932
0.079932 6.405138
0.031973 5.772927
0.031973 1.626165
0.063946 2.644131
0.031973 4.265698
0.031973 4.709876
0.031973 3.220880
0.127891 7.363451
0.031973 3.325247
0.127891 4.662234
0.127891 8.370781
0.095918 4.868111
0.079932 2.247972
0.143878 4.161562
0.031973 3.351453
0.223810 2.505353
0.063946 3.474087
0.095918 5.024717
0.095918 6.379729
0.127891 5.947824
0.127891 5.371377
0.063946 4.224104
0.063946 4.048998
0.047959 2.819940
0.079932 2.582331
0.095918 5.938662
0.047959 4.246138
0.031973 3.430281
0.127891 2.852968
0.223810 6.098701
0.047959 3.529422
0.159864 3.300018
0.047959 9.017767
0.047959 3.274273
0.143878 4.513514
0.095918 3.399296
0.031973 2.835497
0.111905 4.613385
0.031973 4.290290
0.127891 8.713668
0.031973 2.611697
0.047959 5.067516
0.159864 6.162593
0.063946 5.896811
0.063946 5.473449
0.047959 3.511471
0.063946 4.737963
0.063946 6.479757
0.111905 7.636120
0.047959 9.292905
0.063946 3.094348
0.079932 6.343443
0.031973 5.426307
0.287755 5.816058
0.095918 1.848833
0.031973 5.443775
0.127891 4.873263
0.031973 3.997864
0.111905 4.890552
0.111905 7.417081
0.127891 6.468218
0.031973 2.591673
0.095918 5.786311
0.159864 3.258752
0.095918 3.438536
0.063946 3.224383
0.063946 2.585702
0.079932 5.014625
0.047959 2.281108
0.143878 6.527331
0.063946 3.759964
0.047959 3.733507
0.095918 2.763762
0.111905 4.313255
0.127891 3.316921
0.047959 2.695619
0.159864 2.769509
0.063946 4.689809
0.159864 2.717942
0.031973 4.434841
0.143878 2.291700
0.031973 5.420529
0.031973 2.150609
0.047959 4.546009
0.079932 2.555660
0.047959 5.094352
0.047959 5.228982
0.063946 6.822545
0.063946 3.626545
0.095918 5.100185
0.127891 3.424444
0.047959 5.101010
0.031973 4.320335
0.047959 4.765841
0.047959 1.468365
0.047959 5.649613
0.047959 6.107903
0.079932 4.093401
0.127891 3.521439
0.127891 5.477712
0.287755 3.418306
0.127891 8.392291
0.031973 2.728078
0.047959 1.878154
0.047959 3.378441
0.287755 3.972763
0.127891 1.736678
0.063946 3.315593
0.175850 5.230277
0.127891 5.262483
0.079932 1.884907
0.175850 4.106874
0.111905 2.531808
0.127891 2.935834
0.111905 4.166281
0.095918 5.148594
0.063946 3.230510
0.431633 3.795250
0.000000 0.000000
0.047959 5.147033
0.047959 4.545725
0.031973 2.808338
0.143878 5.117922
0.159864 4.090883
0.047959 3.103734
0.095918 4.286500
0.079932 4.587478
0.000000 0.000000
0.223810 3.269020
0.111905 1.694266
0.351701 1.626695
0.143878 3.543061
0.063946 3.518525
0.143878 2.706133
0.095918 6.925252
0.000000 0.000000
0.095918 5.443035
0.143878 4.914826
0.111905 3.785468
0.127891 4.290217
0.111905 5.173056
0.111905 3.370319
0.047959 2.993919
0.047959 2.689870
0.031973 2.811183
0.111905 4.514656
0.047959 4.291886
0.047959 2.225578
0.063946 5.281764
0.095918 3.321662
0.047959 4.747800
0.047959 2.979872
0.351701 7.056295
0.255782 1.155291
0.000000 0.000000
0.047959 3.548517
0.047959 4.961627
0.079932 2.192879
0.031973 3.366483
0.079932 4.780533
0.000000 0.000000
