0.079932 12.754750
0.031973 4.708510
0.031973 2.516063
0.015986 6.005108
0.111905 3.865977
0.031973 6.091572
0.047959 8.097209
0.063946 8.753423
0.047959 2.869429
0.015986 10.428653
0.095918 6.167688
0.047959 7.605701
0.031973 8.050578
0.063946 15.492198
0.047959 13.046281
0.047959 10.072587
0.031973 17.040805
0.031973 13.089249
0.015986 5.742080
0.031973 17.106903
0.031973 16.902149
0.031973 17.825240
0.031973 7.539541
0.031973 13.671725
0.063946 6.327483
0.015986 5.702581
0.063946 6.274400
0.063946 13.264797
0.047959 18.389885
0.031973 14.923804
0.031973 3.701450
0.079932 5.152741
0.031973 7.645632
0.015986 8.417067
0.031973 9.491387
0.031973 14.208889
0.031973 14.504669
0.047959 8.372705
0.015986 15.671007
0.031973 19.962485
0.031973 18.882418
0.063946 7.141402
0.031973 14.870550
0.047959 12.075483
0.047959 9.243357
0.031973 6.766112
0.031973 15.750754
0.015986 11.796364
0.031973 17.184358
0.015986 8.065617
0.031973 15.713643
0.031973 13.398540
0.015986 6.324105
0.015986 13.786322
0.095918 6.144066
0.031973 15.931866
0.031973 10.034067
0.015986 13.809990
0.031973 18.035657
0.031973 18.018367
0.047959 11.735022
0.015986 19.868540
0.063946 13.004664
0.031973 17.535120
0.015986 12.403271
0.015986 12.240647
0.015986 8.874922
0.015986 12.778640
0.015986 13.380082
0.015986 12.493255
0.015986 11.298574
0.047959 9.770407
0.063946 14.361756
0.031973 13.661428
0.031973 13.452113
0.047959 13.179868
0.047959 9.789693
0.015986 16.293061
0.031973 16.666492
0.063946 16.172321
0.031973 16.793274
0.047959 9.240089
0.047959 11.886251
0.031973 11.240168
0.031973 13.857065
0.047959 16.953410
0.047959 8.947073
0.031973 17.533164
0.015986 17.980697
0.015986 15.692955
0.015986 12.369281
0.031973 18.187360
0.015986 15.056075
0.031973 13.604798
0.031973 9.409987
0.031973 6.889454
0.031973 10.374566
0.031973 12.796062
0.047959 14.583954
0.047959 16.314581
0.047959 11.633059
0.015986 9.818282
0.047959 22.902379
0.031973 19.515406
0.031973 10.387335
0.031973 11.170250
0.047959 16.679392
0.031973 13.925794
0.031973 12.484799
0.047959 11.613650
0.031973 17.248319
0.031973 12.071428
0.047959 12.984113
0.047959 19.122845
0.063946 14.673012
0.063946 13.991706
0.031973 14.244518
0.031973 15.511054
0.047959 20.280710
0.047959 18.616417
0.047959 19.995289
0.031973 19.294408
0.047959 22.290431
0.031973 15.317478
0.047959 15.632955
0.047959 15.797950
0.047959 13.314628
0.031973 10.337392
0.031973 11.047240
0.015986 9.703742
0.031973 11.855523
0.047959 12.879556
0.047959 13.359918
0.047959 9.617344
0.031973 10.695779
0.031973 12.348228
0.015986 11.849952
0.031973 13.090381
0.031973 14.172653
0.031973 13.088989
0.047959 13.724684
0.047959 12.285206
0.031973 11.990280
0.031973 11.904648
0.031973 9.030527
0.047959 9.394608
0.031973 10.283523
0.031973 10.669447
0.031973 12.349893
0.047959 14.648953
0.031973 9.105375
0.047959 10.707028
0.047959 17.685207
0.031973 15.388104
0.015986 10.740077
0.015986 14.700838
0.031973 13.867239
0.031973 15.475923
0.031973 16.299388
0.031973 17.825483
0.047959 20.587311
0.063946 18.426190
0.047959 21.375277
0.031973 14.617604
0.015986 10.727290
0.031973 9.802477
0.047959 6.595639
0.015986 8.305216
0.031973 16.045661
0.031973 19.224193
0.031973 13.762615
0.015986 13.654858
0.015986 11.129648
0.031973 11.041753
0.031973 11.350108
0.031973 13.304918
0.031973 11.316951
0.047959 12.739581
0.031973 12.174170
0.031973 9.720352
0.047959 7.517219
0.031973 9.275636
0.031973 10.134068
0.031973 12.734191
0.047959 4.999694
0.031973 7.468695
0.047959 12.093304
0.015986 6.766106
0.031973 14.260122
0.031973 12.679678
0.047959 13.281913
0.031973 8.907760
0.031973 2.877960
0.047959 8.214286
0.031973 10.813105
0.031973 9.108666
0.031973 11.090729
0.031973 9.278122
0.031973 8.545930
0.031973 12.331294
0.031973 11.506219
0.031973 9.927987
0.047959 13.487496
0.015986 8.004253
0.031973 13.857205
0.031973 10.687768
0.031973 12.947958
0.015986 11.470293
0.031973 13.189387
0.031973 10.057848
0.047959 7.997093
0.031973 11.102072
0.031973 11.525891
0.015986 6.523266
0.031973 9.007640
0.015986 8.460627
0.031973 12.858350
0.031973 11.922526
0.031973 13.719294
0.015986 8.707200
0.031973 11.973863
0.031973 10.093024
0.063946 9.090739
0.031973 12.310643
0.031973 8.088816
0.047959 10.502976
0.031973 5.876426
0.031973 5.704110
0.031973 6.469428
0.015986 5.084702
0.031973 3.951887
0.047959 5.120186
0.031973 8.555808
0.031973 9.943996
0.031973 11.664728
0.031973 15.472474
0.031973 12.623411
0.031973 11.547987
0.031973 8.774545
0.031973 10.811706
0.031973 9.998653
0.031973 9.538935
0.031973 6.903605
0.031973 5.211777
0.000000 0.000000
0.031973 3.474005
0.031973 7.028941
0.031973 8.190111
0.031973 5.105224
0.031973 6.352273
0.031973 9.987806
0.015986 6.347254
0.015986 8.107152
0.031973 11.126798
0.031973 9.517750
0.031973 7.661023
0.031973 10.997023
0.031973 9.089228
0.031973 6.593171
0.031973 10.749404
0.031973 5.593210
0.047959 2.601644
0.143878 3.330278
0.031973 3.838182
0.175850 3.243263
0.271769 7.563700
0.239796 0.596369
0.031973 2.884746
0.031973 2.271774
0.047959 5.716914
0.047959 3.186376
0.031973 2.459276
0.159864 1.979168
0.031973 7.821693
0.031973 6.360752
0.031973 5.971516
0.031973 8.477963
0.031973 6.073855
0.031973 3.217166
0.047959 3.825696
0.031973 2.939776
0.031973 8.675858
0.031973 8.918879
0.031973 10.498931
0.031973 4.370033
0.367687 1.305296
0.399660 0.351368
0.031973 3.799852
0.031973 7.655737
0.031973 6.614532
0.031973 1.974879
0.047959 2.364323
0.031973 8.792218
0.031973 13.623040
0.031973 12.722335
0.031973 8.808275
0.015986 7.646646
0.031973 4.840625
0.015986 1.947774
0.015986 4.190861
0.031973 3.743927
0.031973 5.313851
0.047959 3.984797
0.047959 2.595951
0.159864 3.447193
0.095918 0.627957
0.000000 0.000000
0.031973 4.756711
0.000000 0.000000
0.000000 0.000000
0.063946 4.689806
0.047959 2.320923
0.383673 3.818981
0.000000 0.000000
0.255782 2.699366
0.063946 0.186131
0.000000 0.000000
0.000000 0.000000
0.047959 3.093170
0.000000 0.000000
0.047959 1.803360
0.175850 5.113893
0.143878 2.456126
0.319728 3.123631
0.047959 3.601332
0.047959 5.458541
0.015986 2.022127
0.031973 6.730073
0.031973 7.008514
0.015986 4.528407
0.031973 5.807680
0.031973 7.583714
0.031973 10.802059
0.031973 7.475995
0.031973 6.798112
0.031973 5.987211
0.031973 5.635411
0.031973 3.721020
0.031973 4.372326
0.031973 7.732622
0.031973 7.728643
0.031973 11.290924
0.015986 5.479523
0.031973 2.986211
0.015986 5.088206
0.031973 5.501694
0.031973 6.194689
0.015986 5.225831
0.031973 5.364873
0.031973 4.927008
0.031973 2.578184
0.015986 2.784423
0.031973 3.159274
0.015986 1.815755
0.031973 4.348495
0.031973 6.813787
0.031973 5.632897
0.031973 5.866996
0.031973 2.977546
0.255782 1.647793
0.143878 4.519313
0.111905 1.536492
0.287755 3.197291
0.159864 4.241562
0.000000 0.000000
0.367687 1.891354
0.351701 0.912768
0.143878 3.166704
0.000000 0.000000
0.447619 4.996724
0.031973 3.140639
0.239796 4.811338
0.207823 2.073649
0.303741 3.079366
0.031973 3.792360
0.159864 4.832683
0.000000 0.000000
0.175850 4.793949
0.479592 0.502094
0.047959 2.409515
0.479592 2.206688
0.207823 2.125053
0.511565 2.940671
0.031973 2.647431
0.031973 0.250321
0.031973 3.965593
0.031973 2.537296
0.031973 4.457776
0.000000 0.000000
0.527551 3.237492
0.047959 5.742867
0.031973 4.555565
0.463605 5.456084
0.031973 3.390644
0.383673 0.868404
0.223810 4.450425
0.127891 4.656998
0.319728 3.291592
0.000000 0.000000
0.063946 1.984242
0.159864 2.524399
0.047959 2.216692
0.079932 2.267971
0.000000 0.000000
0.079932 3.768893
0.000000 0.000000
0.079932 2.479669
0.511565 3.316080
0.495578 2.201928
0.479592 2.245599
0.000000 0.000000
0.463605 2.464280
0.303741 2.003356
0.063946 0.599043
0.031973 4.301144
0.319728 2.650120
0.303741 7.433030
0.047959 0.233421
0.000000 0.000000
0.303741 4.478124
0.000000 0.000000
0.095918 2.839734
0.463605 4.556142
0.047959 3.355152
0.047959 3.536775
0.191837 2.016929
0.191837 3.664756
0.000000 0.000000
0.159864 1.580388
0.079932 2.848601
0.415646 3.450427
