1 12
18 24
32 36
43 47
50 54
60 72
75 78
79 83
86 96
97 106
107 116
119 122
127 140
149 160
161 175
176 180
184 190
191 198
201 229
231 235
236 244
251 255
256 262
263 273
282 294
309 316
317 329
340 347
348 353
354 359
368 375
376 389
391 399
400 405
408 415
416 423
424 440
443 448
454 461
467 470
471 475
477 496
498 501
502 507
509 525
529 532
533 538
542 550
554 564
565 578
579 583
590 598
599 602
603 612
622 640
641 652
661 672
677 681
682 686
688 702
703 711
714 717
721 736
739 755
756 766
767 779
780 789
790 801
802 806
808 814
817 829
832 835
841 852
857 865
866 874
875 879
880 883
887 892
895 898
906 919
927 939
944 960
962 966
967 974
981 989
994 1002
1003 1010
1016 1026
1035 1040
1045 1051
1061 1068
1069 1079
1080 1084
1090 1101
1108 1114
1127 1135
1143 1150
1155 1168
1170 1173
1174 1192
1196 1215
1216 1221
1223 1229
1232 1237
1239 1244
1248 1252
1255 1259
1261 1276
1278 1282
1291 1299
1307 1310
1311 1322
1330 1340
1342 1356
1357 1361
1365 1372
1376 1389
1393 1398
1407 1421
1430 1433
1441 1447
1448 1459
1462 1471
1477 1483
1484 1489
1491 1494
1495 1512
1517 1526
1527 1537
1538 1551
1552 1559
1560 1564
1565 1570
1578 1593
1617 1624
1628 1643
1644 1657
1658 1675
1678 1686
1690 1702
1711 1716
1717 1723
1736 1740
1765 1778
1783 1796
1811 1820
1840 1843
1854 1858
1859 1876
1877 1894
1897 1901
1912 1916
1919 1940
1981 1992
2000 2014
2019 2024
2025 2037
2038 2056
2063 2084
2102 2113
2114 2119
2139 2155
2173 2187
2210 2221
2237 2248
2268 2278
2339 2347
2364 2373
2380 2392
2393 2396
2400 2406
2512 2521
2534 2557
2586 2598
2605 2611
2691 2709
2763 2766
