0.079932 10.461283
1.135034 3.524176
1.710544 3.972252
1.774490 4.708711
0.031973 5.982122
0.543537 7.019749
1.726531 7.438952
0.031973 3.354577
0.031973 12.191607
0.111905 2.244788
0.031973 12.373466
0.015986 5.149635
0.031973 3.334033
0.031973 13.334912
0.031973 15.994199
0.015986 12.673469
0.015986 12.015490
0.015986 18.119545
0.031973 18.957450
0.031973 18.861236
0.015986 14.031580
0.063946 2.262595
0.015986 5.827027
0.031973 11.094200
0.015986 7.786789
0.047959 3.000356
0.191837 4.548339
0.063946 4.167719
0.127891 2.449808
0.047959 7.290292
0.031973 10.759675
0.031973 4.113763
0.015986 4.847941
0.031973 13.731409
0.015986 12.801943
0.015986 15.177209
0.031973 5.726211
0.031973 6.729617
0.015986 8.902245
0.031973 12.787077
0.047959 5.108445
0.031973 8.057345
0.063946 4.189514
0.015986 10.911356
0.015986 6.705385
0.015986 13.505398
0.015986 11.717622
0.031973 16.146296
0.015986 7.772560
0.031973 16.161377
0.015986 11.300400
0.015986 14.363425
0.015986 7.497870
0.095918 4.395193
0.015986 7.271027
0.031973 12.139017
0.031973 7.406685
0.047959 7.372099
0.031973 8.397001
0.047959 5.279946
0.031973 3.567018
0.031973 9.173860
0.015986 7.710047
0.015986 9.157484
0.015986 8.316958
0.031973 13.143311
0.063946 7.763551
0.015986 17.306595
0.047959 9.212161
0.015986 16.113936
0.031973 6.389801
0.047959 5.881236
0.031973 6.196659
0.015986 16.967268
0.015986 12.465194
0.031973 9.176553
0.031973 12.657445
0.015986 9.153092
0.015986 9.636874
0.015986 9.496015
0.015986 7.860953
0.015986 7.716684
0.031973 8.136949
0.479592 1.711680
0.047959 4.000220
0.031973 6.818361
0.031973 8.566470
0.015986 4.694982
0.031973 6.582022
0.031973 6.964069
0.015986 4.293009
0.031973 6.502588
0.031973 6.387896
0.031973 7.730729
0.015986 9.378706
0.015986 10.108201
0.015986 8.108091
0.031973 10.734477
0.031973 7.507739
0.015986 6.144798
0.031973 5.038106
0.047959 4.769103
0.063946 6.811726
0.031973 4.761075
0.031973 4.938286
0.047959 6.796088
0.095918 4.775419
0.079932 6.344609
0.063946 6.573661
0.031973 6.315728
0.031973 5.248815
0.031973 4.228419
0.031973 8.166456
