0.079932 13.203800
0.031973 7.230281
0.031973 4.842822
0.047959 4.924543
0.031973 7.860852
0.063946 8.741584
0.079932 4.352619
0.047959 12.803009
0.015986 12.221027
0.015986 4.704395
0.015986 8.076171
0.031973 22.170094
0.047959 14.980349
0.031973 14.344362
0.031973 11.966653
0.015986 18.480555
0.047959 8.552354
0.015986 14.549502
0.031973 15.610053
0.031973 10.148163
0.031973 17.684696
0.031973 20.864258
0.015986 17.107799
0.031973 8.896638
0.015986 14.829377
0.047959 21.336413
0.031973 10.394747
0.031973 18.613547
0.063946 11.601834
0.031973 16.844040
0.031973 13.721577
0.031973 11.221242
0.031973 16.330135
0.031973 15.225199
0.031973 11.238246
0.031973 18.709134
0.047959 16.429828
0.063946 16.850440
0.015986 11.527161
0.047959 23.879545
0.031973 12.763493
0.047959 11.016029
0.015986 21.704175
0.047959 14.634449
0.015986 19.525865
0.015986 14.533789
0.031973 13.624709
0.015986 8.880036
0.015986 10.451899
0.031973 15.923351
0.015986 16.772799
0.015986 11.418934
0.015986 11.235620
0.015986 12.806615
0.031973 11.022695
0.047959 12.952770
0.031973 11.273156
0.047959 12.834829
0.015986 16.052186
0.031973 20.154296
0.047959 13.716301
0.031973 16.573893
0.031973 13.097347
0.015986 13.887312
0.015986 14.212112
0.015986 13.490864
0.015986 9.676908
0.015986 9.329246
0.031973 9.293553
0.047959 10.208493
0.031973 11.049227
0.015986 11.242214
0.031973 18.019427
0.015986 16.172348
0.047959 17.567489
0.015986 19.521282
0.015986 18.430404
0.047959 14.209682
0.031973 16.459820
0.047959 15.947744
0.047959 20.862498
0.031973 18.224290
0.047959 18.475303
0.015986 18.723798
0.015986 14.118161
0.015986 15.834111
0.031973 17.085052
0.031973 17.593663
0.047959 18.670618
0.015986 13.150497
0.015986 8.581482
0.031973 7.191033
0.031973 13.856638
0.047959 14.328876
0.047959 12.764447
0.031973 12.109536
0.031973 11.766669
0.079932 15.964615
0.047959 13.753406
0.015986 13.787303
0.015986 11.908395
0.031973 13.020104
0.031973 12.324375
0.031973 13.142262
0.047959 9.172026
0.047959 9.205376
0.047959 8.422524
0.047959 12.167776
0.031973 9.599732
0.031973 18.413274
0.031973 14.523168
0.031973 17.002645
0.031973 16.168346
0.031973 19.581825
0.031973 15.886167
0.031973 13.460885
0.031973 17.404337
0.031973 16.724275
0.015986 14.603696
0.031973 13.148432
0.031973 14.882270
0.031973 15.244171
0.031973 13.897350
0.031973 13.810640
0.015986 9.923072
0.047959 8.296052
0.063946 7.486060
0.031973 9.663214
0.031973 11.720935
0.047959 10.088135
0.047959 9.719003
0.031973 10.879232
0.031973 17.544147
0.031973 18.276445
0.031973 10.708351
0.047959 12.023933
0.031973 13.079271
0.031973 9.883069
0.031973 14.886590
0.031973 15.423048
0.031973 12.007745
0.047959 19.370616
0.031973 19.545269
0.031973 17.630617
0.063946 14.349596
0.031973 10.302916
0.015986 9.518796
0.031973 9.401521
0.031973 7.735687
0.031973 12.090873
0.063946 12.046977
0.031973 12.672383
0.031973 14.261031
0.047959 19.591239
0.047959 7.432384
0.047959 10.804324
0.031973 11.924585
0.047959 8.110314
0.031973 15.680266
0.031973 19.171864
0.031973 18.499180
0.031973 14.764909
0.047959 14.301990
0.015986 8.334588
0.063946 7.667785
0.031973 10.800649
0.031973 15.501645
0.031973 12.740920
0.031973 15.229898
0.031973 12.805022
0.015986 11.540169
0.015986 9.672162
0.015986 12.215194
0.031973 11.464370
0.031973 14.744017
0.031973 16.251327
0.047959 10.320439
0.031973 14.757406
0.047959 8.084230
0.031973 15.672223
0.031973 14.425706
0.031973 7.369725
0.063946 3.458963
0.047959 8.317753
0.031973 9.065367
0.031973 11.091670
0.031973 6.863048
0.031973 5.326757
0.031973 13.333911
0.031973 13.933500
0.031973 10.574153
0.031973 8.194166
0.031973 10.601020
0.031973 8.109302
0.031973 8.927443
0.031973 8.790360
0.031973 10.811640
0.031973 10.572352
0.031973 9.185123
0.015986 7.970817
0.031973 8.638441
0.063946 3.074176
0.031973 6.609068
0.031973 8.042990
0.031973 7.210602
0.031973 11.526558
0.031973 8.990767
0.031973 8.238485
0.031973 10.186267
0.031973 10.327184
0.031973 7.546070
0.031973 8.757954
0.031973 11.759597
0.031973 10.629071
0.031973 11.894422
