1 10
13 17
33 37
44 49
52 58
59 66
71 75
80 84
85 92
97 104
109 112
113 129
132 141
142 145
146 150
151 157
158 162
163 167
172 182
191 196
197 200
201 204
205 216
217 220
221 236
240 247
248 252
264 279
283 287
293 296
300 306
308 317
330 333
337 351
352 361
368 372
375 380
381 397
407 417
418 436
443 457
461 476
482 488
489 493
498 513
522 531
532 535
539 548
568 575
576 580
581 587
591 606
607 611
612 618
619 626
632 635
637 656
661 666
682 689
690 695
698 701
702 709
711 714
717 726
729 734
735 739
740 743
744 747
748 753
761 772
778 782
786 795
801 804
811 816
817 826
829 844
851 862
867 876
877 884
888 892
893 900
903 917
920 932
934 938
949 958
961 968
971 977
979 982
985 998
1005 1020
1022 1028
1032 1043
1044 1047
1054 1067
1072 1084
1089 1099
1104 1113
1114 1117
1119 1125
1130 1144
1159 1165
1166 1169
1176 1190
1191 1205
1210 1235
1236 1253
1258 1271
1275 1281
1282 1296
1299 1306
1307 1312
1316 1323
1324 1329
1333 1342
1345 1356
1358 1372
1378 1383
1391 1399
1402 1413
1414 1425
1430 1450
1451 1456
1457 1465
1466 1469
1472 1484
1485 1488
1501 1513
1514 1524
1526 1535
1542 1549
1550 1565
1576 1581
1583 1604
1605 1608
1621 1628
1629 1633
1636 1648
1654 1664
1666 1674
1675 1683
1686 1701
1702 1709
1723 1739
1744 1752
1757 1771
1779 1805
1814 1823
1834 1844
1845 1858
1884 1891
1892 1897
1932 1936
1937 1940
1960 1969
1989 1995
2003 2006
2007 2023
2031 2043
2047 2051
2053 2060
2076 2088
2097 2101
2104 2118
2125 2129
2130 2148
2155 2166
2175 2185
2199 2219
2248 2258
2262 2273
2279 2282
2309 2322
2328 2333
2352 2356
2429 2452
2479 2485
2572 2577
2643 2649
2650 2655
2691 2696
3355 3362
3480 3493
