1 14
24 30
31 37
50 62
63 73
74 86
87 92
93 111
117 122
131 134
135 138
139 144
147 163
167 174
177 184
185 188
189 207
210 213
214 219
222 226
232 240
241 247
251 263
264 272
277 284
285 305
308 316
319 330
331 335
339 349
350 359
361 377
379 382
383 397
400 403
404 417
432 436
438 441
444 448
450 463
469 474
478 495
499 504
507 522
525 530
533 542
549 556
566 570
574 580
581 590
604 615
625 635
636 643
644 654
661 674
680 692
694 718
722 743
747 753
760 763
766 781
786 790
798 807
813 823
824 831
832 835
840 845
846 851
852 865
866 871
880 894
895 898
899 911
912 915
916 934
939 944
948 951
952 970
976 982
983 994
995 1008
1009 1020
1024 1036
1039 1044
1045 1057
1058 1062
1063 1069
1072 1075
1076 1083
1088 1091
1092 1103
1104 1111
1114 1135
1140 1144
1145 1154
1163 1171
1172 1180
1184 1199
1205 1220
1221 1225
1226 1230
1235 1246
1252 1267
1278 1290
1297 1305
1309 1322
1325 1331
1332 1350
1351 1359
1364 1380
1382 1393
1394 1397
1402 1405
1406 1418
1424 1429
1432 1444
1449 1468
1473 1478
1480 1484
1485 1491
1497 1503
1505 1512
1513 1517
1518 1523
1526 1535
1539 1543
1544 1548
1551 1560
1566 1569
1573 1576
1577 1587
1594 1597
1599 1623
1627 1636
1642 1648
1649 1652
1657 1668
1677 1690
1692 1705
1706 1709
1716 1720
1723 1743
1746 1758
1765 1771
1772 1778
1779 1784
1790 1796
1798 1811
1812 1815
1824 1844
1845 1853
1854 1861
1874 1877
1878 1888
1889 1892
1898 1903
1906 1909
1914 1919
1920 1923
1924 1931
1932 1950
1958 1962
1965 1969
1973 1980
1981 1986
1987 1998
2001 2021
2024 2033
2039 2061
2072 2084
2091 2096
2100 2103
2105 2123
2124 2129
2130 2148
2149 2168
2169 2176
2177 2185
2186 2189
2195 2207
2209 2212
2216 2219
2224 2228
2235 2241
2242 2252
2264 2273
2274 2277
2279 2284
2289 2301
2304 2325
2326 2345
2355 2365
2380 2389
2398 2413
2417 2427
2446 2458
2467 2477
2484 2497
2498 2501
2504 2509
2519 2524
2560 2563
2568 2579
2583 2599
2602 2619
2622 2660
2662 2682
2723 2729
2737 2747
2761 2770
2780 2784
2802 2822
2841 2854
2856 2866
3021 3026
