1 12
16 19
20 23
26 29
30 37
43 48
51 54
55 64
65 70
75 83
87 93
96 106
115 120
121 124
128 139
144 160
161 175
176 182
185 189
192 198
203 207
209 212
213 225
231 236
237 246
251 261
264 270
271 286
288 296
304 307
308 314
319 333
339 342
343 349
350 355
356 359
362 365
368 375
378 387
388 405
411 415
416 421
425 428
429 433
439 442
443 450
456 460
461 465
468 478
481 499
504 507
508 527
529 537
540 545
546 551
556 563
564 587
588 591
595 602
603 611
614 627
642 656
659 665
666 672
674 677
679 684
685 698
701 708
709 716
724 728
733 737
746 749
750 761
766 770
774 782
789 796
798 804
810 816
817 822
828 834
842 853
860 873
876 880
884 892
893 896
903 920
922 933
934 942
943 947
948 959
966 974
977 981
988 995
996 1003
1004 1007
1017 1021
1022 1026
1030 1039
1046 1055
1056 1062
1063 1069
1070 1073
1075 1082
1084 1089
1094 1102
1103 1114
1120 1131
1134 1145
1146 1149
1150 1157
1158 1172
1178 1194
1200 1203
1204 1212
1213 1218
1222 1234
1235 1243
1244 1247
1252 1264
1265 1271
1279 1285
1288 1292
1293 1296
1299 1304
1310 1316
1320 1325
1326 1331
1335 1342
1347 1358
1359 1365
1366 1380
1381 1390
1391 1394
1395 1402
1404 1411
1412 1420
1426 1437
1439 1455
1459 1466
1467 1475
1476 1490
1502 1505
1506 1510
1515 1518
1519 1527
1528 1531
1536 1544
1545 1551
1556 1564
1565 1573
1578 1583
1584 1592
1608 1620
1625 1628
1634 1643
1644 1649
1651 1655
1656 1661
1666 1672
1673 1680
1681 1684
1687 1691
1694 1697
1700 1713
1716 1719
1725 1734
1738 1746
1776 1782
1783 1791
1811 1815
1829 1833
1843 1846
1847 1850
1866 1876
1883 1893
1896 1901
1904 1907
1910 1914
1922 1927
1940 1947
1949 1955
2004 2018
2024 2032
2034 2038
2040 2050
2054 2061
2065 2074
2079 2085
2091 2095
2096 2103
2105 2115
2116 2120
2121 2126
2128 2134
2136 2142
2143 2159
2162 2170
2176 2190
2192 2195
2196 2202
2203 2208
2214 2224
2229 2234
2246 2249
2254 2266
2267 2270
2272 2278
2279 2288
2291 2296
2297 2305
2319 2325
2330 2335
2336 2339
2368 2371
2374 2377
2378 2383
2386 2395
2398 2402
2403 2407
2408 2420
2443 2448
2449 2455
2458 2464
2521 2529
2531 2536
2539 2546
2560 2564
2614 2621
2624 2629
2631 2635
2636 2643
2648 2653
2682 2685
2695 2699
2705 2708
2709 2712
2713 2717
2750 2756
2759 2766
2779 2784
2785 2800
2931 2938
2947 2953
2955 2961
3022 3026
3167 3171
3202 3209
3255 3258
3375 3380
3382 3387
3388 3393
3459 3462
3463 3467
