0.047959 7.214384
0.031973 8.887224
0.015986 4.014669
0.031973 7.931752
0.031973 10.660909
0.031973 8.220226
0.031973 6.570490
0.031973 9.412347
0.031973 7.501799
0.079932 3.069734
0.015986 3.227974
0.031973 7.613835
0.031973 6.245292
0.031973 6.019496
0.031973 8.627313
0.015986 7.668276
0.015986 5.299075
0.079932 5.130656
0.031973 10.906616
0.031973 9.202839
0.015986 13.434391
0.031973 8.981422
0.031973 9.309102
0.031973 12.365887
0.031973 8.937435
0.047959 8.837888
0.031973 17.978309
0.031973 19.786534
0.031973 16.646851
0.031973 13.095873
0.079932 3.726149
0.031973 9.917748
0.031973 5.958743
0.015986 6.956402
0.031973 11.206415
0.031973 11.489281
0.095918 10.734181
0.063946 7.133437
0.015986 7.358369
0.031973 4.432793
0.031973 11.918896
0.047959 11.955947
0.063946 8.581174
0.047959 5.864799
0.063946 5.124546
0.095918 6.841055
0.015986 7.630802
0.063946 7.202631
0.031973 10.151691
0.031973 14.539452
0.015986 13.549836
0.031973 10.451247
0.063946 8.632215
0.031973 12.737137
0.015986 10.810721
0.031973 9.768612
0.031973 4.277082
0.031973 8.426201
0.031973 10.059398
0.015986 5.423059
0.015986 10.868296
0.015986 10.106352
0.031973 6.937611
0.063946 5.695973
0.063946 6.815465
0.031973 6.283730
0.031973 9.175893
0.047959 10.887379
0.031973 6.233301
0.031973 9.179813
0.031973 10.634874
0.031973 9.943718
0.015986 10.990789
0.015986 9.439783
0.063946 7.518700
0.047959 7.736307
0.063946 8.191687
0.031973 12.754203
0.047959 12.276793
0.015986 11.369840
0.031973 11.864746
0.015986 12.502694
0.031973 9.642753
0.031973 9.464260
0.015986 8.320782
0.063946 11.312836
0.175850 10.255479
0.063946 4.743176
0.095918 4.074334
0.047959 4.867458
0.031973 4.164504
0.031973 6.560902
0.031973 6.304836
0.255782 10.513154
0.031973 4.881356
0.031973 6.126873
0.047959 6.271961
0.047959 6.595518
0.047959 2.755132
0.111905 4.619861
0.271769 5.290237
0.159864 4.611582
0.079932 4.163383
0.047959 2.914606
0.095918 3.302471
0.031973 3.043441
0.063946 4.641148
0.063946 8.338949
0.303741 9.330019
0.255782 10.194758
0.079932 4.565560
0.047959 2.089169
0.111905 5.284633
0.047959 2.434243
0.111905 4.005642
0.207823 7.766647
0.111905 6.952785
0.047959 6.428345
0.239796 9.430526
0.047959 5.730353
0.079932 5.553469
0.063946 6.564025
0.047959 4.818725
0.095918 6.114346
0.175850 3.938331
0.047959 2.027371
0.047959 2.176418
0.079932 5.179903
0.079932 7.261044
0.079932 3.900021
0.079932 2.977218
0.319728 7.347793
0.063946 4.922376
0.063946 4.596380
0.239796 9.944990
0.063946 8.550692
0.047959 8.704263
0.079932 7.557985
0.031973 9.027336
0.063946 6.620638
