0.047959 8.743712
0.031973 11.077209
0.015986 5.411352
0.031973 6.445646
0.031973 1.693416
0.015986 8.279756
0.031973 9.066866
0.047959 9.397468
0.031973 10.055176
0.031973 5.716860
0.031973 11.348597
0.031973 8.338619
0.015986 6.896166
0.031973 3.072644
0.031973 9.907900
0.047959 7.586031
0.031973 22.482329
0.031973 16.935244
0.031973 22.485206
0.031973 20.467795
0.047959 4.716826
0.031973 15.958720
0.031973 19.858431
0.031973 20.091297
0.031973 18.645280
0.031973 18.001250
0.031973 6.354335
0.031973 16.974767
0.031973 14.406238
0.031973 17.076536
0.031973 12.252742
0.079932 6.243109
0.031973 10.953585
0.031973 9.501684
0.015986 8.692365
0.047959 8.193707
0.063946 8.773412
0.047959 9.408003
0.031973 10.085829
0.031973 14.912154
0.095918 8.862961
0.047959 9.876862
0.031973 6.366580
0.015986 15.196089
0.031973 14.910226
0.031973 18.111131
0.063946 9.516686
0.015986 16.630503
0.031973 5.451980
0.031973 8.989765
0.031973 7.926805
0.015986 12.053644
0.031973 11.466357
0.015986 14.123239
0.031973 12.790479
0.031973 10.333727
0.015986 5.557007
0.031973 10.377584
0.031973 10.516794
0.031973 9.600088
0.015986 12.756910
0.031973 6.615277
0.031973 4.751392
0.015986 6.313854
0.015986 3.656355
0.031973 7.741466
0.015986 9.040428
0.015986 9.318263
0.015986 10.206919
0.015986 11.825812
0.015986 6.823297
0.015986 10.377088
0.047959 9.509818
0.031973 7.484293
0.031973 8.472308
0.015986 14.608987
0.015986 11.638019
0.031973 12.043546
0.031973 12.002542
0.031973 13.832620
0.015986 15.031163
0.031973 11.160068
0.015986 12.362726
0.015986 12.112677
0.015986 6.801573
0.015986 6.524296
0.015986 9.500913
0.015986 10.328373
0.015986 9.450566
0.031973 11.297720
0.047959 12.780882
0.015986 11.890408
0.015986 16.584841
0.015986 15.768287
0.015986 14.859726
0.047959 19.808456
0.031973 9.126035
0.047959 5.949258
0.047959 9.214699
0.031973 12.015516
0.015986 8.098933
0.031973 8.277095
0.111905 6.461711
0.111905 6.032142
0.047959 7.259732
0.047959 9.378486
0.063946 8.195920
0.031973 6.615271
0.063946 3.554659
0.031973 5.337346
0.063946 6.603788
0.079932 0.827137
0.047959 5.726670
0.047959 5.326665
0.031973 3.664848
0.079932 6.396223
0.063946 7.905689
0.031973 9.419696
0.031973 6.029507
0.031973 6.188519
0.047959 1.797572
0.159864 5.787593
0.031973 5.008485
0.127891 5.859943
0.159864 6.975909
0.063946 2.632201
0.191837 6.568532
0.239796 7.153267
0.031973 5.104431
0.063946 5.107196
0.079932 5.101343
0.031973 5.024739
0.031973 4.915464
0.031973 3.136741
0.303741 8.117485
0.111905 9.483356
0.127891 7.047343
0.175850 5.604440
0.063946 6.232214
0.031973 5.964197
0.031973 6.804402
0.031973 5.973076
0.047959 5.170593
0.031973 4.947719
0.047959 4.084696
0.095918 5.334773
0.031973 5.132882
0.031973 3.773193
0.047959 4.714737
0.031973 3.091309
0.031973 5.623498
0.207823 2.261740
0.079932 2.262530
0.063946 6.011096
0.079932 4.286789
0.079932 4.074928
0.175850 5.879126
0.031973 4.476585
0.047959 4.412638
0.159864 7.099808
0.031973 2.337702
0.063946 6.284286
0.079932 6.005241
0.127891 6.405959
0.031973 3.387759
0.159864 5.473544
0.111905 7.467221
0.207823 5.761753
0.079932 4.366754
0.095918 6.038489
0.063946 4.653263
0.047959 3.240953
0.111905 4.170115
0.031973 4.171703
0.175850 4.134714
0.079932 2.732240
0.127891 5.624981
0.095918 4.933478
0.063946 8.658109
0.095918 5.938724
0.143878 5.425053
0.127891 4.022535
0.031973 6.541336
0.127891 3.097781
0.031973 2.542680
0.063946 3.238232
0.319728 2.630570
0.095918 2.523681
0.143878 7.419318
0.031973 5.977043
0.159864 5.066644
0.095918 4.746557
0.031973 2.525402
0.031973 4.790658
0.031973 6.089377
0.159864 5.763001
0.239796 4.361770
0.063946 4.753548
0.031973 5.852884
0.111905 3.595114
0.031973 4.952204
0.111905 4.575858
0.031973 5.323076
0.031973 5.016689
0.031973 3.936339
0.063946 5.345004
0.079932 4.524132
0.047959 4.318396
0.111905 6.048817
0.143878 3.827216
0.063946 3.513978
0.079932 8.133556
0.047959 5.266064
0.111905 2.617462
0.095918 3.964570
0.079932 7.347889
0.111905 7.745454
