0.079932 10.508722
0.047959 8.210341
0.031973 7.519535
0.031973 5.583533
0.031973 6.595655
0.031973 5.761758
0.031973 10.263311
0.031973 9.329163
0.031973 8.103340
0.015986 8.534400
0.015986 7.097501
0.015986 4.304704
0.031973 11.121559
0.111905 2.085755
0.031973 10.631724
0.015986 5.885383
0.031973 2.558858
0.031973 15.685384
0.015986 13.705814
0.031973 15.033924
0.031973 12.912182
0.031973 19.559592
0.031973 20.232959
0.031973 19.344614
0.031973 18.006183
0.031973 17.395886
0.047959 2.106402
0.031973 13.102270
0.015986 6.713089
0.031973 2.739152
0.047959 2.500987
0.031973 7.536596
0.047959 8.051157
0.079932 3.197960
0.047959 4.355176
0.031973 11.118899
0.047959 9.842207
0.047959 7.825518
0.031973 3.522940
0.031973 13.937694
0.031973 13.648912
0.031973 15.506856
0.031973 5.046446
0.031973 4.942241
0.031973 12.270520
0.047959 2.649842
0.063946 7.172882
0.063946 3.434548
0.031973 7.234482
0.031973 13.331202
0.031973 13.474554
0.031973 15.399408
0.031973 10.157206
0.031973 14.855697
0.031973 13.169720
0.031973 6.932453
0.031973 12.324890
0.031973 3.044281
0.031973 6.595643
0.031973 11.750593
0.031973 8.819374
0.031973 6.976688
0.047959 6.338014
0.047959 4.501802
0.047959 5.961715
0.015986 5.299866
0.031973 1.493566
0.031973 5.532729
0.031973 6.072287
0.031973 6.027051
0.063946 8.050261
0.031973 12.880114
0.031973 11.004444
0.047959 8.972802
0.031973 10.238149
0.031973 6.087556
0.047959 5.833221
0.031973 5.404072
0.031973 11.966318
0.047959 8.947846
0.111905 6.106103
0.031973 4.497061
0.031973 5.334142
0.031973 1.614359
0.159864 2.492273
0.063946 5.752847
0.031973 1.765301
0.047959 3.494651
0.031973 1.403303
0.143878 4.914758
0.063946 3.045007
0.319728 1.882488
0.031973 4.167685
0.031973 2.955227
0.031973 4.402799
0.031973 0.907719
0.031973 5.281449
0.031973 2.175499
0.031973 5.102041
0.255782 3.251839
0.031973 5.471255
0.943197 2.058943
0.031973 1.528916
0.127891 1.041585
0.063946 2.234590
0.063946 2.941330
0.047959 5.217196
0.031973 4.930052
0.047959 4.711690
0.031973 5.356006
0.047959 3.641443
0.383673 5.350124
0.255782 7.676497
2.158163 1.783807
1.326871 6.968020
