0.095918 7.467097
0.095918 6.285455
0.143878 4.395317
0.863265 2.931493
0.079932 3.371570
0.031973 5.485408
0.015986 3.672908
0.111905 4.577125
0.031973 3.320308
0.047959 9.874700
0.015986 4.401159
0.079932 2.367834
0.031973 9.155530
0.079932 2.908453
0.127891 7.297831
0.111905 3.845575
0.047959 3.732994
0.015986 10.995574
0.031973 7.849268
0.031973 15.007090
0.031973 15.089189
0.015986 15.758172
0.031973 17.899024
0.015986 13.721044
0.031973 12.016772
0.015986 8.333718
0.015986 12.967276
0.095918 2.259753
0.031973 8.744577
0.015986 8.525844
0.015986 9.695263
0.079932 2.924192
0.031973 13.685486
0.079932 3.987160
0.031973 6.420319
0.127891 6.747813
0.079932 3.949545
0.063946 4.416096
0.031973 8.000651
0.031973 10.127682
0.047959 5.101063
0.079932 4.573944
0.063946 8.110363
0.031973 7.412670
0.047959 4.067004
0.031973 10.798487
0.047959 1.665485
0.063946 4.471731
0.047959 7.475586
0.015986 3.701973
0.031973 6.728051
0.031973 9.615201
0.063946 9.519941
0.063946 5.728697
0.047959 4.634341
0.111905 3.918361
0.063946 2.952459
0.015986 9.164950
0.047959 10.142447
0.047959 11.641954
0.047959 14.269659
0.063946 8.442597
0.031973 9.179638
0.031973 11.066293
0.031973 9.598465
0.015986 7.052246
0.047959 5.069524
0.047959 7.169842
0.031973 8.521082
0.031973 5.593096
0.111905 3.903958
0.031973 10.347600
0.015986 3.129785
0.047959 9.906542
0.031973 9.025606
0.063946 8.661080
0.079932 7.141383
0.047959 8.678381
0.047959 10.948088
0.031973 13.384666
0.031973 14.235315
0.063946 9.453907
0.063946 6.776747
0.015986 5.424024
0.031973 5.095477
0.031973 9.092083
0.031973 5.443270
0.031973 4.831939
0.079932 8.142046
0.031973 9.195111
0.015986 4.183975
0.031973 7.936781
0.047959 5.592060
0.063946 5.576546
0.031973 8.937290
0.031973 9.533399
0.047959 8.065596
0.047959 5.858245
0.063946 7.673225
0.047959 6.909377
0.031973 11.132210
0.015986 11.191582
0.063946 11.852123
0.031973 6.910196
0.063946 12.784565
0.047959 9.638079
0.031973 12.207849
0.063946 8.882272
0.047959 15.030099
0.047959 9.749276
0.047959 11.783381
0.047959 12.562175
0.031973 11.190660
0.079932 4.343342
0.063946 7.250821
0.079932 10.824961
0.127891 4.627226
0.047959 4.296298
0.063946 9.381280
0.031973 10.071219
0.031973 11.713374
0.031973 9.212719
0.063946 9.851657
0.015986 9.616716
0.047959 13.777465
0.047959 10.095574
0.047959 8.568813
0.031973 9.309604
0.031973 8.666433
0.031973 7.138611
0.047959 9.617585
0.047959 5.407857
0.047959 9.927519
0.047959 8.678535
0.047959 15.657838
0.047959 13.132563
0.047959 19.052159
0.047959 17.422265
0.047959 17.823124
0.031973 14.362787
0.079932 17.134535
0.063946 13.363601
0.063946 14.635089
0.015986 6.978042
0.047959 12.190534
0.047959 14.053541
0.047959 8.015367
0.031973 8.102038
0.047959 7.362666
0.031973 8.049014
0.063946 6.908433
0.031973 4.483612
0.095918 6.779423
0.031973 7.039041
0.031973 7.078054
0.063946 8.066104
0.047959 8.522881
0.063946 8.138892
0.047959 6.613803
0.047959 6.662017
0.031973 6.259834
0.063946 5.688461
0.047959 7.327357
0.031973 3.675232
0.047959 8.831164
0.031973 5.676435
0.031973 4.687710
0.047959 10.848197
0.031973 4.630621
0.031973 7.010205
0.079932 8.262203
0.047959 6.947392
0.063946 5.279667
0.047959 4.792742
0.031973 8.395252
0.063946 7.043296
0.063946 6.674653
0.031973 7.795595
0.031973 5.066595
0.047959 5.276320
0.031973 6.217448
0.031973 7.759667
