1 7
13 16
37 40
45 48
52 55
56 59
62 75
83 96
103 120
121 132
139 155
164 167
173 178
179 183
184 198
199 203
208 215
218 222
232 242
248 251
257 262
265 269
275 284
288 295
296 301
304 310
311 314
315 319
320 330
331 335
336 339
340 344
349 355
357 364
366 371
374 381
384 388
391 409
412 419
427 434
438 446
447 453
454 459
460 468
471 475
480 495
498 502
508 512
515 524
525 531
532 539
545 553
555 558
563 566
572 581
595 603
604 612
613 622
623 629
635 638
642 645
648 654
662 677
680 683
684 689
690 696
707 718
719 732
733 737
740 760
768 771
772 776
779 783
788 791
792 797
798 802
803 811
812 817
818 822
823 829
831 837
838 847
852 864
865 870
871 876
877 887
888 892
897 908
918 923
925 937
944 951
962 969
975 979
980 986
994 1009
1015 1029
1032 1037
1038 1045
1048 1056
1062 1065
1066 1076
1077 1087
1088 1101
1102 1114
1115 1128
1132 1141
1142 1152
1153 1160
1162 1166
1170 1177
1178 1188
1199 1204
1205 1208
1209 1213
1219 1226
1236 1241
1242 1247
1249 1256
1257 1260
1261 1268
1269 1272
1273 1284
1287 1291
1294 1297
1298 1308
1310 1316
1317 1322
1323 1329
1330 1340
1341 1361
1371 1378
1381 1388
1396 1404
1405 1413
1414 1420
1422 1440
1444 1460
1461 1465
1470 1487
1488 1501
1505 1517
1520 1533
1534 1537
1547 1550
1553 1557
1558 1564
1565 1572
1573 1576
1577 1581
1584 1587
1593 1596
1597 1603
1604 1616
1617 1622
1623 1632
1642 1645
1647 1655
1656 1660
1668 1675
1678 1685
1686 1693
1698 1721
1730 1733
1735 1741
1747 1754
1764 1772
1773 1790
1791 1796
1799 1804
1805 1810
1811 1817
1822 1830
1831 1839
1845 1853
1859 1870
1872 1875
1876 1882
1883 1887
1888 1892
1895 1910
1911 1914
1917 1926
1935 1945
1946 1949
1956 1960
1961 1972
1976 1979
1984 2003
2004 2009
2010 2016
2017 2022
2024 2037
2044 2052
2053 2056
2063 2068
2072 2075
2076 2083
2091 2100
2109 2133
2134 2140
2151 2168
2173 2178
2179 2194
2195 2200
2201 2207
2212 2225
2231 2235
2239 2250
2252 2259
2262 2275
2277 2280
2282 2286
2287 2297
2305 2308
2312 2327
2330 2336
2337 2351
2353 2363
2364 2371
2376 2387
2399 2416
2419 2422
2424 2431
2441 2447
2451 2455
2467 2476
2477 2486
2487 2493
2494 2497
2504 2516
2525 2539
2540 2546
2547 2568
2569 2573
2574 2580
2584 2596
2601 2610
2631 2640
2642 2657
2669 2676
2683 2696
2697 2704
2709 2715
2723 2731
2732 2738
2739 2743
2745 2761
2772 2781
2793 2806
2807 2810
2817 2833
2838 2843
2848 2851
2858 2873
2877 2884
2913 2917
2927 2943
2955 2963
2973 2978
2989 2993
3001 3006
3014 3022
3024 3054
3122 3127
3129 3156
3162 3166
3167 3173
3181 3196
3204 3212
3232 3235
3240 3252
3257 3261
3279 3282
3284 3298
3299 3304
3312 3320
3321 3328
3332 3336
3337 3346
3355 3360
3373 3377
3387 3392
3394 3404
3405 3411
3421 3430
3462 3467
3470 3480
3481 3486
3491 3497
3498 3503
3512 3526
3527 3532
3533 3540
3542 3548
3570 3575
3585 3588
3620 3626
3627 3632
3633 3645
3663 3673
3676 3692
3705 3709
3712 3719
3765 3768
3769 3772
3783 3799
3824 3842
3856 3863
3873 3876
3897 3901
3920 3923
3934 3938
3954 3959
3971 3976
3981 3985
3992 3997
4076 4082
