24.000000 177.000000 0.015986
0.003342 0.005061 0.005839 0.005895 0.005839 0.005524 0.004225 0.002573 0.001881 0.001779 0.002049 0.001946 0.001602 0.001186 0.000801 0.000495 0.000304 0.000231 0.000220 0.000251 0.000308 0.000367 0.000396 0.000369 
13.606971 13.687975 13.636867 11.890235 8.590983 6.005141 5.349087 6.609418 6.795492 5.700105 3.578231 2.756413 2.379914 2.289034 2.360417 2.315131 1.792496 1.595447 1.773366 1.894781 2.141683 2.597515 3.217050 4.125384 
0.000898 0.001022 0.000860 0.000583 0.000410 0.000327 0.000269 0.000240 0.000209 0.000163 0.000149 0.000164 0.000217 0.000269 0.000294 0.000275 0.000225 0.000181 0.000161 0.000176 0.000193 0.000196 0.000194 0.000174 
52.996934 53.165712 53.675691 54.882202 56.223826 56.794084 56.410810 55.610217 56.071419 56.323357 54.655538 52.814597 52.409479 52.654046 52.604373 52.083162 51.220382 50.816455 51.600606 53.827629 55.038341 56.120943 57.052724 57.152522 
0.000308 0.000391 0.000459 0.000508 0.000535 0.000541 0.000496 0.000396 0.000307 0.000269 0.000265 0.000252 0.000207 0.000138 0.000090 0.000078 0.000078 0.000118 0.000169 0.000171 0.000154 0.000172 0.000205 0.000202 
85.662070 85.430847 86.084923 87.207703 88.080608 88.773348 89.396975 89.969440 90.074740 90.203315 90.461404 90.183942 89.580438 89.587749 91.178706 91.796287 92.098412 90.517392 89.180079 89.040239 89.796684 90.381197 90.052160 89.827472 
0.000462 0.000546 0.000513 0.000396 0.000264 0.000185 0.000155 0.000120 0.000075 0.000059 0.000079 0.000106 0.000137 0.000180 0.000233 0.000280 0.000304 0.000307 0.000324 0.000354 0.000373 0.000357 0.000314 0.000248 
117.983490 117.815923 117.896612 118.384822 119.005471 118.419808 117.657515 118.237635 118.497302 116.628715 115.688195 115.172927 115.842183 117.559451 118.262245 118.087120 118.238916 119.151138 119.633923 119.337261 118.896229 118.862633 118.844884 118.487940 
0.000299 0.000265 0.000191 0.000158 0.000182 0.000212 0.000202 0.000146 0.000102 0.000085 0.000089 0.000069 0.000049 0.000047 0.000048 0.000053 0.000073 0.000084 0.000066 0.000047 0.000046 0.000068 0.000091 0.000090 
138.164311 139.127307 138.698443 136.942157 135.814353 137.249758 137.727246 136.225127 134.201849 134.411678 136.912728 135.948075 133.048760 132.929578 133.157335 135.231474 138.472102 138.554375 138.376521 139.355861 141.124746 140.663033 138.389661 136.825961 
0.001200 0.001708 0.002012 0.001982 0.001640 0.001240 0.001061 0.001013 0.001036 0.000995 0.000908 0.000784 0.000625 0.000459 0.000309 0.000229 0.000209 0.000232 0.000240 0.000228 0.000212 0.000193 0.000165 0.000134 
174.551645 176.421289 178.162778 179.087124 179.168027 178.891143 178.810300 178.698642 179.300552 180.675700 181.923562 182.173409 181.600815 180.649396 180.149799 179.488793 178.597280 177.445015 177.363673 178.154797 179.247772 179.733281 180.219904 181.506204 
0.000341 0.000422 0.000399 0.000341 0.000303 0.000300 0.000271 0.000224 0.000185 0.000150 0.000142 0.000137 0.000117 0.000095 0.000079 0.000070 0.000062 0.000061 0.000063 0.000060 0.000045 0.000035 0.000037 0.000055 
204.684911 204.029327 202.342189 200.947975 201.444907 204.221422 205.929243 206.381603 205.808195 204.002333 202.072116 203.101728 205.414608 206.215397 205.890589 205.268294 204.876039 204.819033 204.827841 204.180082 202.138251 200.625897 201.017132 203.150813 
0.000678 0.000809 0.000711 0.000483 0.000385 0.000449 0.000557 0.000583 0.000504 0.000379 0.000289 0.000231 0.000194 0.000159 0.000125 0.000100 0.000091 0.000086 0.000096 0.000092 0.000071 0.000052 0.000053 0.000070 
216.213376 216.389928 216.545906 215.642785 214.332103 213.400878 214.324873 215.229233 216.251253 217.550185 217.714836 216.625096 213.921324 212.898437 213.502984 216.671812 218.405756 218.238407 215.807024 214.863329 214.360909 213.368448 213.082426 214.296970 
0.000802 0.000957 0.000857 0.000579 0.000353 0.000272 0.000276 0.000296 0.000344 0.000347 0.000315 0.000303 0.000296 0.000252 0.000211 0.000205 0.000221 0.000232 0.000244 0.000262 0.000262 0.000247 0.000233 0.000214 
236.051213 235.692510 235.718478 235.992366 236.988268 240.232288 241.148654 239.681859 237.491311 237.666801 238.719101 239.112056 239.080162 239.813176 240.889335 241.025147 239.843973 239.825507 240.412430 241.195766 241.502372 240.741294 239.366143 238.310970 
0.000456 0.000575 0.000563 0.000435 0.000284 0.000196 0.000164 0.000134 0.000112 0.000094 0.000070 0.000055 0.000057 0.000064 0.000065 0.000058 0.000050 0.000045 0.000038 0.000031 0.000034 0.000041 0.000043 0.000042 
275.574436 276.240377 275.852324 274.685284 273.702944 273.884994 274.587329 273.993982 272.686294 271.593350 271.136510 270.003576 268.405239 269.006914 270.609737 271.128940 270.802074 271.707695 273.296798 272.053653 268.425487 268.103566 267.503531 266.130187 
0.000494 0.000577 0.000502 0.000368 0.000291 0.000269 0.000226 0.000159 0.000099 0.000064 0.000052 0.000044 0.000044 0.000056 0.000077 0.000092 0.000098 0.000095 0.000085 0.000075 0.000071 0.000072 0.000068 0.000055 
295.200435 294.385963 293.884987 295.132708 297.382028 297.512242 296.049011 295.759422 297.106927 298.250204 298.650088 299.644723 297.310613 296.193381 297.263717 299.146842 300.091645 299.755434 297.439231 295.208388 294.705696 295.141326 295.730153 296.743491 
0.000154 0.000133 0.000107 0.000092 0.000090 0.000089 0.000083 0.000075 0.000064 0.000057 0.000050 0.000041 0.000032 0.000027 0.000024 0.000022 0.000024 0.000024 0.000020 0.000016 0.000020 0.000027 0.000036 0.000042 
321.365887 321.234881 321.419599 321.898725 321.991851 321.955701 322.093158 322.144210 321.929048 321.665647 321.866880 322.488424 323.307334 323.488950 323.859370 323.756317 323.080510 322.658661 322.073545 318.946629 318.749263 320.347979 321.682753 322.272587 
0.000980 0.000982 0.000804 0.000640 0.000551 0.000509 0.000506 0.000518 0.000526 0.000529 0.000533 0.000546 0.000559 0.000569 0.000572 0.000569 0.000563 0.000562 0.000562 0.000563 0.000562 0.000551 0.000517 0.000448 
359.399255 357.904319 356.786370 357.494061 358.553825 358.994996 359.380955 359.917708 360.195064 360.122512 360.086953 360.137350 360.051318 359.901574 359.928986 360.056614 360.048824 360.056412 360.244506 360.476283 360.417606 360.254523 360.116025 360.045246 
0.005150 0.005197 0.003803 0.002311 0.001502 0.001112 0.000921 0.000906 0.000862 0.000804 0.000752 0.000707 0.000662 0.000613 0.000553 0.000488 0.000437 0.000404 0.000384 0.000377 0.000372 0.000348 0.000300 0.000240 
418.596297 418.278475 417.118300 415.042561 414.276495 414.431827 414.119056 414.255773 413.782667 413.542650 413.431833 413.409632 413.376113 413.395063 413.329908 413.199358 413.142136 413.263750 413.651988 413.790188 413.716350 413.900411 414.071168 414.106918 
0.017520 0.021295 0.021901 0.019813 0.015992 0.010858 0.006258 0.003334 0.001753 0.001013 0.000660 0.000438 0.000304 0.000217 0.000124 0.000089 0.000083 0.000067 0.000062 0.000064 0.000064 0.000055 0.000056 0.000082 
458.292969 460.227931 461.481906 461.555032 460.712717 460.494656 461.170529 461.509558 460.879001 460.229717 459.322271 458.511333 457.836185 456.997595 451.901046 448.117164 448.188897 447.660302 451.059388 452.635358 449.859743 450.096023 453.618582 457.026350 
0.015467 0.017546 0.014580 0.008905 0.003945 0.001245 0.000833 0.000965 0.000716 0.000524 0.000462 0.000414 0.000406 0.000428 0.000427 0.000408 0.000397 0.000396 0.000396 0.000388 0.000377 0.000367 0.000349 0.000304 
475.670055 475.005964 474.064931 472.870951 472.499631 476.428252 477.741316 475.523964 477.882395 479.332567 479.105669 479.676719 479.615370 478.917829 478.995234 479.386734 479.487101 479.354990 479.198792 479.231871 479.320759 479.207243 478.759901 478.148139 
0.016912 0.018417 0.014476 0.008036 0.003325 0.001664 0.001086 0.000629 0.000287 0.000176 0.000116 0.000073 0.000063 0.000054 0.000052 0.000051 0.000044 0.000039 0.000037 0.000031 0.000022 0.000031 0.000054 0.000088 
501.304942 501.770379 502.355551 503.064942 502.170660 501.352133 500.598959 500.471431 499.830930 500.864501 503.337189 502.352117 499.934745 501.086521 504.403064 503.102611 500.338987 500.637510 499.938209 498.265869 498.777416 505.838694 504.176079 499.402574 
0.016260 0.018305 0.014869 0.008583 0.003520 0.001607 0.001036 0.000865 0.000815 0.000720 0.000619 0.000542 0.000489 0.000439 0.000379 0.000320 0.000277 0.000252 0.000234 0.000209 0.000180 0.000156 0.000125 0.000095 
519.161220 518.869070 518.446364 517.965249 518.656021 519.014383 519.263357 520.221314 521.453801 521.143377 520.160267 520.155316 520.672929 520.802947 520.137242 519.476933 519.532032 520.103549 520.670421 520.445786 519.539558 518.968960 519.498659 522.835675 
0.060125 0.089028 0.103911 0.102827 0.092565 0.078349 0.063462 0.050574 0.040424 0.032457 0.025653 0.020187 0.016059 0.012883 0.010133 0.007941 0.006342 0.005157 0.004047 0.003050 0.002405 0.002010 0.001703 0.001277 
582.945298 583.360049 584.443148 585.682217 586.350510 586.506498 586.430897 586.397147 586.478638 586.679371 586.668264 586.617688 586.733926 586.963695 586.869949 586.722466 586.813218 587.237804 587.348558 586.921782 586.949408 587.588065 588.632343 588.760735 
0.004186 0.003143 0.001490 0.000941 0.000942 0.000670 0.000438 0.000312 0.000240 0.000186 0.000140 0.000113 0.000102 0.000091 0.000073 0.000052 0.000037 0.000033 0.000031 0.000031 0.000036 0.000042 0.000042 0.000035 
624.509733 624.798293 625.305079 624.786656 624.511788 624.096857 623.949981 624.764336 624.650615 624.410451 624.004301 623.836706 624.065608 624.346022 624.270144 623.721839 623.090133 623.893880 625.960457 627.828410 627.766795 626.698400 625.851116 625.144437 
0.008832 0.009643 0.007857 0.004769 0.002129 0.000763 0.000395 0.000304 0.000249 0.000204 0.000164 0.000131 0.000106 0.000088 0.000072 0.000059 0.000050 0.000048 0.000050 0.000052 0.000052 0.000055 0.000065 0.000071 
644.210443 644.572943 644.819258 644.905662 644.888725 644.985614 642.992954 641.563001 641.180488 640.740697 640.417148 640.360044 640.791232 641.174822 640.806488 639.552324 638.465403 638.238185 638.778137 639.155939 639.085437 639.723177 641.553941 643.352453 
0.004476 0.004773 0.003697 0.002075 0.000918 0.000406 0.000230 0.000160 0.000119 0.000093 0.000071 0.000052 0.000040 0.000033 0.000028 0.000025 0.000024 0.000027 0.000032 0.000035 0.000032 0.000026 0.000025 0.000030 
678.286964 678.712777 679.380041 680.463644 681.134023 679.905354 677.635738 677.243134 677.642420 677.746186 677.639873 677.467953 677.724931 678.214455 678.952886 679.736835 679.897755 678.522093 677.879991 677.995010 678.639087 679.901725 680.729798 680.182183 
0.003813 0.004248 0.003501 0.002232 0.001156 0.000566 0.000279 0.000171 0.000117 0.000095 0.000081 0.000068 0.000058 0.000050 0.000047 0.000046 0.000048 0.000047 0.000038 0.000025 0.000020 0.000024 0.000030 0.000045 
692.079009 691.512826 690.628425 690.123387 691.078175 695.432964 697.833241 695.201862 693.724219 693.889796 693.862468 694.186367 694.480626 694.537413 694.899548 695.813572 696.530235 696.006038 694.582512 693.668681 696.454668 695.894591 691.786861 693.272980 
0.002592 0.003096 0.002649 0.001662 0.000991 0.000672 0.000579 0.000544 0.000516 0.000482 0.000458 0.000456 0.000458 0.000454 0.000452 0.000455 0.000456 0.000444 0.000429 0.000428 0.000444 0.000462 0.000450 0.000388 
717.883735 719.071412 720.303908 721.304269 720.234395 719.081338 720.408841 720.693309 720.081873 719.874211 719.718566 719.891584 720.193294 720.392500 720.396849 720.287404 720.062609 720.052165 720.213180 720.275465 720.326792 720.440561 720.292001 719.880255 
0.003042 0.003373 0.002771 0.001680 0.000752 0.000320 0.000197 0.000165 0.000159 0.000138 0.000116 0.000111 0.000112 0.000097 0.000082 0.000081 0.000090 0.000093 0.000090 0.000080 0.000062 0.000042 0.000035 0.000037 
770.091241 770.702236 771.925940 773.801443 775.267543 774.322725 774.882557 777.378794 779.677832 780.016724 779.256340 778.638006 779.740201 781.257409 782.227904 781.976414 781.806037 782.382318 783.152588 783.774694 784.453154 784.117293 780.569465 776.374440 
0.001499 0.001479 0.001105 0.000766 0.000543 0.000419 0.000386 0.000399 0.000410 0.000408 0.000397 0.000380 0.000359 0.000345 0.000344 0.000352 0.000372 0.000391 0.000393 0.000380 0.000365 0.000356 0.000343 0.000306 
837.820932 836.422075 834.169148 834.024171 836.548194 838.944943 840.010380 840.427929 840.870532 841.101761 840.851056 840.454029 840.210102 839.890180 839.709678 839.958195 840.368722 840.484540 840.527926 840.543283 840.268056 839.935521 839.829994 839.865504 
0.004471 0.007731 0.010136 0.010766 0.009865 0.008326 0.006772 0.005468 0.004426 0.003592 0.002897 0.002310 0.001824 0.001421 0.001083 0.000804 0.000591 0.000442 0.000347 0.000283 0.000240 0.000221 0.000214 0.000214 
870.641336 871.088496 871.056410 870.758033 870.413026 870.263043 870.239223 870.239913 870.232116 870.182127 870.141742 870.084478 870.030824 870.012692 869.965293 870.040580 870.375259 870.794208 871.037816 871.007457 870.563371 870.125302 869.718728 867.254640 
0.001430 0.001437 0.001101 0.000673 0.000405 0.000233 0.000137 0.000087 0.000069 0.000063 0.000056 0.000054 0.000056 0.000053 0.000047 0.000040 0.000038 0.000043 0.000047 0.000042 0.000034 0.000030 0.000030 0.000034 
923.142996 923.973976 924.087776 922.348518 919.969705 920.441921 923.473900 922.386310 923.601647 922.473999 920.612326 918.702462 919.485509 921.700383 923.888376 923.678601 921.298641 921.274921 922.329419 923.800384 924.940620 923.642256 921.578671 921.039547 
0.000971 0.000960 0.000781 0.000563 0.000365 0.000247 0.000203 0.000156 0.000132 0.000106 0.000080 0.000058 0.000043 0.000042 0.000038 0.000022 0.000013 0.000016 0.000018 0.000019 0.000018 0.000016 0.000033 0.000054 
938.528111 937.564812 937.835293 939.808358 941.069187 940.956372 941.486574 942.615378 942.931848 943.471856 944.758891 944.499348 941.944831 941.312426 941.773160 941.301901 940.941863 941.697057 941.040349 939.586640 937.781550 939.483215 944.372320 944.136355 
0.001195 0.001310 0.001219 0.001035 0.000823 0.000627 0.000464 0.000372 0.000376 0.000393 0.000384 0.000358 0.000355 0.000357 0.000339 0.000329 0.000343 0.000351 0.000339 0.000333 0.000342 0.000336 0.000293 0.000221 
959.591551 960.481414 960.454217 959.823235 959.885065 960.082658 959.190902 959.003449 960.335994 960.455948 959.288496 959.127865 960.136849 960.447641 959.974802 959.686180 960.123771 960.353840 960.123795 959.965333 960.063012 959.889486 959.012860 957.661453 
0.007859 0.011368 0.012037 0.009833 0.006919 0.004689 0.003078 0.001906 0.001261 0.000892 0.000655 0.000516 0.000370 0.000250 0.000166 0.000099 0.000069 0.000061 0.000051 0.000066 0.000073 0.000064 0.000070 0.000089 
1000.340194 999.656283 998.870496 997.826684 997.014870 996.784948 997.315225 997.716504 997.850152 998.143910 997.687621 995.939659 995.722689 995.802558 993.796438 993.801141 996.309062 996.697473 995.041241 991.321295 991.341119 994.350990 995.504270 995.466853 
0.016868 0.021515 0.020278 0.014824 0.008868 0.004673 0.001985 0.000722 0.000357 0.000228 0.000153 0.000109 0.000089 0.000083 0.000069 0.000062 0.000055 0.000050 0.000055 0.000061 0.000059 0.000054 0.000055 0.000058 
1025.385201 1024.817321 1024.809253 1026.397603 1028.932636 1032.328312 1033.233479 1032.256209 1030.292507 1029.542376 1022.733119 1020.870443 1020.155696 1018.467165 1021.770652 1024.253987 1024.847170 1029.148134 1032.992457 1032.481341 1031.432151 1030.962852 1029.881219 1027.520861 
0.006173 0.007116 0.006677 0.005846 0.005079 0.004142 0.003186 0.002569 0.002135 0.001756 0.001394 0.001049 0.000779 0.000620 0.000525 0.000392 0.000276 0.000224 0.000215 0.000167 0.000121 0.000106 0.000111 0.000101 
1056.768231 1055.772317 1055.055623 1055.671765 1057.764277 1060.812887 1063.636100 1064.402720 1063.942448 1064.003659 1064.594319 1064.698316 1064.387556 1064.416003 1064.964101 1064.681594 1064.248929 1064.705756 1065.937874 1065.129143 1063.303472 1063.875376 1067.075942 1068.609125 
0.002458 0.002702 0.002266 0.001427 0.000648 0.000382 0.000525 0.000469 0.000263 0.000258 0.000383 0.000393 0.000313 0.000302 0.000348 0.000348 0.000311 0.000302 0.000324 0.000327 0.000310 0.000307 0.000312 0.000277 
1078.876625 1078.387784 1077.895277 1077.960079 1080.922382 1082.772937 1077.454879 1077.337716 1080.980552 1081.329277 1078.532194 1078.676834 1080.640095 1081.008979 1079.549224 1079.544584 1080.565428 1080.527213 1079.868517 1080.205855 1080.898480 1081.061009 1080.824403 1080.811054 
0.001787 0.001946 0.001564 0.000970 0.000553 0.000331 0.000243 0.000214 0.000245 0.000257 0.000229 0.000172 0.000130 0.000122 0.000131 0.000137 0.000131 0.000114 0.000109 0.000114 0.000130 0.000139 0.000126 0.000094 
1105.063795 1105.546265 1105.533241 1103.950639 1100.864697 1099.400750 1100.501961 1101.698399 1103.058964 1103.402063 1103.430724 1103.303208 1102.802170 1102.756448 1103.602687 1103.623046 1102.750509 1101.564716 1100.987685 1101.054759 1102.742259 1103.690184 1103.884312 1104.305509 
0.001566 0.001831 0.001514 0.000867 0.000333 0.000136 0.000091 0.000075 0.000071 0.000055 0.000045 0.000055 0.000058 0.000045 0.000027 0.000018 0.000021 0.000030 0.000036 0.000034 0.000030 0.000032 0.000049 0.000067 
1125.815679 1126.081049 1126.286688 1126.456635 1126.242969 1125.173053 1125.575213 1126.564583 1126.117805 1127.877163 1126.569356 1123.184174 1122.992748 1124.213786 1126.843016 1127.414188 1125.070288 1124.763865 1126.443970 1129.667827 1130.279800 1125.817170 1122.978003 1123.901145 
0.003163 0.004694 0.005442 0.005479 0.005152 0.004604 0.003949 0.003412 0.002984 0.002573 0.002181 0.001875 0.001643 0.001442 0.001247 0.001067 0.000918 0.000801 0.000704 0.000613 0.000534 0.000467 0.000403 0.000330 
1162.593376 1160.496150 1159.060839 1158.560074 1158.415225 1158.295450 1157.821120 1157.691523 1157.893122 1157.914607 1157.700556 1157.693772 1157.869918 1157.918317 1157.752918 1157.708200 1157.727954 1157.677765 1157.637560 1157.794379 1157.962545 1158.093189 1158.228877 1158.522017 
0.001509 0.001549 0.001131 0.000598 0.000335 0.000308 0.000293 0.000307 0.000292 0.000266 0.000258 0.000264 0.000273 0.000274 0.000268 0.000264 0.000264 0.000267 0.000267 0.000267 0.000262 0.000248 0.000230 0.000201 
1195.657146 1195.276465 1194.971440 1195.923061 1199.058475 1199.752604 1200.153527 1199.199848 1199.253584 1199.978582 1200.160479 1199.957159 1199.700810 1199.598945 1199.693239 1199.788736 1199.804985 1199.872977 1199.971184 1199.929781 1199.866766 1199.803576 1199.400843 1198.460541 
0.001386 0.001349 0.001174 0.000960 0.000689 0.000420 0.000304 0.000273 0.000253 0.000239 0.000222 0.000203 0.000177 0.000151 0.000129 0.000117 0.000117 0.000115 0.000104 0.000087 0.000071 0.000060 0.000068 0.000075 
1231.588441 1232.870855 1232.776733 1230.734689 1228.036269 1227.385013 1228.046694 1228.757357 1227.689679 1227.290853 1227.657258 1228.433788 1228.388590 1227.694334 1227.341651 1227.771946 1228.558595 1228.663634 1228.145121 1227.182351 1227.008640 1229.089150 1231.898445 1232.080342 
0.001895 0.001869 0.001320 0.000794 0.000519 0.000477 0.000432 0.000383 0.000292 0.000198 0.000137 0.000103 0.000078 0.000048 0.000038 0.000051 0.000085 0.000112 0.000122 0.000112 0.000096 0.000089 0.000082 0.000064 
1258.149890 1257.712730 1256.832967 1256.913585 1259.101539 1260.721938 1261.006967 1260.702409 1261.006093 1261.731280 1261.997115 1261.810705 1261.220683 1261.136391 1260.886401 1261.275402 1260.873953 1260.583964 1260.590677 1261.038409 1261.638102 1261.282236 1260.575556 1260.655750 
0.002453 0.002429 0.001693 0.000947 0.000591 0.000550 0.000498 0.000427 0.000361 0.000300 0.000253 0.000216 0.000177 0.000141 0.000121 0.000117 0.000127 0.000138 0.000139 0.000133 0.000130 0.000131 0.000134 0.000125 
1271.361466 1271.870584 1272.767339 1272.082746 1269.816429 1267.417984 1266.937764 1266.638009 1266.713985 1266.741996 1267.022182 1267.559653 1267.696745 1267.290808 1266.819927 1266.701940 1266.993217 1267.154130 1266.905493 1266.529141 1266.541605 1267.096250 1268.314278 1269.496909 
0.014772 0.021573 0.025321 0.024895 0.021158 0.016092 0.012626 0.010718 0.009041 0.006859 0.005355 0.004426 0.003582 0.002596 0.001885 0.001422 0.001133 0.000907 0.000868 0.000946 0.000998 0.000973 0.000885 0.000741 
1314.151516 1314.670805 1314.122042 1313.065533 1312.261648 1312.598442 1312.909811 1312.497800 1312.112916 1312.963836 1313.394094 1313.049602 1312.727996 1313.428789 1313.258253 1311.728419 1310.529020 1311.544758 1312.919900 1314.256888 1314.980217 1315.613723 1315.796624 1315.226610 
0.003298 0.003074 0.001914 0.000867 0.000414 0.000173 0.000083 0.000066 0.000068 0.000072 0.000051 0.000042 0.000025 0.000024 0.000020 0.000022 0.000021 0.000021 0.000020 0.000022 0.000017 0.000015 0.000021 0.000042 
1341.149043 1340.661244 1339.658547 1338.943514 1340.904421 1344.034075 1342.350458 1341.801587 1341.536197 1341.871564 1341.731482 1342.119132 1341.108409 1341.899855 1341.885401 1343.000997 1343.116496 1343.217974 1342.174075 1341.641466 1341.642177 1341.960381 1342.361718 1341.430334 
0.004907 0.004945 0.003527 0.001799 0.000668 0.000248 0.000148 0.000125 0.000087 0.000065 0.000063 0.000061 0.000043 0.000038 0.000046 0.000043 0.000031 0.000029 0.000039 0.000049 0.000050 0.000043 0.000032 0.000029 
1357.177064 1357.968147 1359.021966 1359.526839 1357.393127 1352.975508 1355.072190 1354.791845 1354.775512 1352.397108 1352.902517 1353.889927 1353.831952 1354.060273 1355.614484 1355.139048 1352.840207 1352.190777 1354.325634 1355.614873 1355.778139 1354.997201 1352.560703 1350.840033 
0.016277 0.020768 0.019656 0.014316 0.010110 0.008145 0.007589 0.006467 0.005112 0.004113 0.003524 0.003145 0.002804 0.002435 0.002028 0.001623 0.001307 0.001117 0.000998 0.000934 0.000847 0.000728 0.000590 0.000441 
1384.863269 1385.032721 1385.543559 1386.941516 1389.292012 1390.613178 1390.256075 1390.591293 1391.469742 1392.258183 1392.575103 1392.351227 1391.860257 1391.423481 1391.446865 1392.109849 1392.849966 1392.962752 1392.589956 1391.603931 1390.967218 1390.894326 1391.444690 1392.734206 
0.001699 0.001784 0.001320 0.000653 0.000232 0.000100 0.000092 0.000092 0.000043 0.000046 0.000046 0.000032 0.000042 0.000041 0.000023 0.000019 0.000030 0.000040 0.000029 0.000017 0.000025 0.000026 0.000020 0.000028 
1424.813441 1424.978031 1425.324718 1426.235534 1427.758394 1426.108753 1424.354828 1425.676277 1421.956692 1422.957603 1424.074445 1421.680679 1424.169232 1425.601740 1428.059052 1427.770732 1425.750106 1425.470802 1424.199298 1421.953722 1425.559580 1424.761953 1422.407154 1424.226113 
0.001619 0.001671 0.001195 0.000642 0.000426 0.000366 0.000304 0.000257 0.000243 0.000244 0.000244 0.000240 0.000233 0.000220 0.000203 0.000195 0.000199 0.000209 0.000214 0.000213 0.000208 0.000198 0.000183 0.000162 
1438.280186 1438.102840 1437.626183 1436.919765 1438.271036 1440.433267 1440.813388 1440.076136 1439.998072 1440.009413 1439.800562 1439.765302 1439.879045 1440.248830 1440.867973 1441.042924 1440.760898 1440.135040 1439.986478 1440.118380 1440.146329 1440.086265 1439.983160 1439.703270 
0.002808 0.002916 0.002136 0.001116 0.000558 0.000389 0.000345 0.000215 0.000141 0.000089 0.000064 0.000039 0.000037 0.000037 0.000051 0.000055 0.000048 0.000036 0.000028 0.000032 0.000043 0.000050 0.000049 0.000046 
1468.650526 1468.590980 1468.641133 1468.212680 1465.440969 1462.760190 1462.755973 1461.009983 1462.797857 1462.740490 1466.256404 1467.964340 1468.881708 1465.910363 1467.775959 1467.959394 1467.175781 1466.586249 1466.794927 1465.681951 1463.899422 1463.509893 1463.377390 1463.249746 
0.004707 0.004200 0.002589 0.001153 0.000650 0.000499 0.000325 0.000170 0.000106 0.000075 0.000060 0.000047 0.000040 0.000039 0.000041 0.000042 0.000041 0.000037 0.000034 0.000035 0.000039 0.000039 0.000040 0.000048 
1504.392941 1503.427464 1501.847800 1500.191215 1502.644282 1504.248453 1503.905416 1502.722342 1501.681111 1502.190894 1502.923569 1503.884708 1502.254972 1498.907768 1499.983030 1503.201159 1503.183301 1499.490908 1497.092653 1496.876061 1497.663798 1499.088205 1501.004709 1501.348863 
0.044968 0.063189 0.069446 0.062433 0.048295 0.033968 0.022713 0.014842 0.009906 0.006840 0.004904 0.003548 0.002492 0.001665 0.001040 0.000613 0.000373 0.000281 0.000253 0.000211 0.000139 0.000071 0.000056 0.000059 
1544.777044 1545.645125 1546.337352 1546.860869 1547.197075 1547.514764 1547.998538 1548.663162 1549.020739 1548.983514 1548.484190 1547.844800 1547.584203 1547.862786 1548.536041 1548.962512 1547.976953 1547.052747 1546.751529 1547.481906 1547.494732 1543.066168 1539.577648 1538.743781 
0.027141 0.032521 0.027924 0.016464 0.006574 0.002680 0.002562 0.002260 0.001685 0.001205 0.000744 0.000268 0.000090 0.000221 0.000320 0.000299 0.000197 0.000157 0.000155 0.000192 0.000183 0.000145 0.000115 0.000102 
1559.640358 1559.089313 1558.382203 1557.295575 1556.048695 1556.783134 1556.448359 1556.073497 1555.956442 1556.126146 1556.445956 1557.544682 1562.326659 1556.528642 1557.013079 1558.296253 1561.058275 1561.735873 1561.645998 1560.203359 1560.195600 1560.548280 1560.909165 1561.093495 
0.009002 0.009099 0.006586 0.003271 0.001065 0.000394 0.000231 0.000159 0.000118 0.000091 0.000069 0.000054 0.000045 0.000044 0.000047 0.000042 0.000029 0.000019 0.000020 0.000024 0.000030 0.000033 0.000036 0.000042 
1592.552830 1592.412474 1592.413334 1592.726408 1593.907928 1593.384291 1593.215655 1592.901277 1594.048443 1596.792670 1599.200669 1599.935540 1598.600278 1596.825869 1596.705008 1598.427656 1599.387494 1595.536108 1590.914612 1590.003073 1592.914794 1596.140639 1596.281303 1593.807426 
0.002376 0.001873 0.001040 0.000549 0.000365 0.000185 0.000111 0.000071 0.000070 0.000068 0.000052 0.000035 0.000023 0.000020 0.000026 0.000040 0.000051 0.000053 0.000049 0.000041 0.000031 0.000020 0.000016 0.000021 
1612.804124 1612.060436 1610.880833 1611.511325 1614.835176 1615.790251 1612.636763 1610.799518 1612.051353 1613.304418 1613.661470 1613.599580 1612.816595 1612.409661 1612.127229 1613.385139 1614.111232 1614.685862 1614.929500 1614.492974 1613.316965 1611.640083 1612.464030 1614.334662 
0.004436 0.004433 0.003285 0.001837 0.000858 0.000416 0.000206 0.000115 0.000080 0.000065 0.000053 0.000041 0.000032 0.000030 0.000033 0.000035 0.000036 0.000044 0.000050 0.000048 0.000039 0.000034 0.000037 0.000038 
1633.985957 1634.738002 1634.921634 1633.309289 1628.515659 1625.882519 1626.248282 1627.004677 1626.842679 1626.770677 1627.559471 1628.969900 1630.649741 1631.820890 1630.851578 1627.811262 1624.248267 1624.672373 1627.556305 1630.385290 1631.329365 1629.105547 1628.253819 1628.339840 
0.002869 0.002817 0.002002 0.001018 0.000408 0.000239 0.000195 0.000194 0.000179 0.000162 0.000156 0.000161 0.000163 0.000160 0.000158 0.000158 0.000165 0.000180 0.000193 0.000190 0.000177 0.000168 0.000163 0.000144 
1689.895074 1690.259548 1690.759005 1691.519736 1691.623962 1688.867258 1685.979159 1684.392503 1683.339324 1682.539538 1682.071890 1681.493122 1681.457801 1682.309072 1682.952545 1682.372002 1680.993985 1680.223905 1680.101597 1680.108130 1680.938903 1682.491177 1683.768197 1684.033920 
0.001041 0.001046 0.000784 0.000458 0.000240 0.000142 0.000107 0.000086 0.000062 0.000050 0.000049 0.000054 0.000058 0.000057 0.000051 0.000045 0.000044 0.000044 0.000046 0.000053 0.000059 0.000057 0.000050 0.000041 
1736.213300 1737.287486 1738.088815 1737.539199 1736.613225 1739.501048 1742.105794 1740.458701 1737.398464 1738.045266 1739.891694 1740.140368 1739.194993 1736.721723 1733.878498 1732.610244 1733.734591 1734.117287 1733.333674 1734.206318 1736.055913 1738.434954 1740.975547 1742.514630 
0.000598 0.000628 0.000478 0.000329 0.000281 0.000281 0.000241 0.000184 0.000136 0.000120 0.000118 0.000128 0.000127 0.000120 0.000116 0.000116 0.000122 0.000134 0.000142 0.000143 0.000135 0.000123 0.000110 0.000093 
1796.252858 1794.941357 1792.600942 1790.491586 1792.057962 1793.838950 1794.835212 1795.836935 1796.497630 1795.968192 1797.083155 1798.374352 1799.605489 1800.333051 1800.442924 1800.198042 1799.756669 1799.283880 1799.144437 1799.290168 1799.647151 1799.988857 1800.170330 1800.007853 
0.000369 0.000430 0.000447 0.000405 0.000273 0.000134 0.000065 0.000044 0.000050 0.000045 0.000027 0.000021 0.000026 0.000028 0.000031 0.000031 0.000028 0.000028 0.000031 0.000028 0.000020 0.000021 0.000028 0.000029 
1821.941032 1821.804562 1822.981173 1825.400405 1827.792197 1829.822086 1828.987293 1828.229656 1827.384903 1825.534495 1821.518745 1821.506423 1824.945028 1825.303996 1824.872811 1825.971856 1828.078313 1828.166109 1825.764924 1823.802968 1823.440729 1825.834914 1826.256591 1825.712864 
0.000399 0.000472 0.000529 0.000573 0.000539 0.000428 0.000300 0.000214 0.000161 0.000126 0.000098 0.000079 0.000069 0.000060 0.000047 0.000036 0.000032 0.000029 0.000025 0.000022 0.000024 0.000028 0.000034 0.000033 
1840.655075 1840.696211 1839.685203 1838.344508 1837.714457 1837.307293 1836.652993 1836.414247 1836.525896 1837.061147 1837.265164 1837.148705 1837.185072 1837.214679 1836.731468 1835.784696 1835.329286 1834.948943 1834.738594 1835.667434 1837.480269 1837.799717 1837.683418 1837.679466 
0.000935 0.000909 0.000662 0.000420 0.000302 0.000221 0.000137 0.000087 0.000064 0.000056 0.000056 0.000055 0.000054 0.000049 0.000040 0.000038 0.000038 0.000036 0.000034 0.000034 0.000035 0.000037 0.000041 0.000046 
1866.374440 1865.955574 1865.324321 1862.783273 1859.386444 1859.109955 1862.853655 1866.528176 1869.281013 1871.203961 1868.282860 1867.366042 1867.497021 1867.926141 1869.760965 1870.072815 1867.564146 1865.174238 1863.571136 1862.068181 1861.547595 1862.682791 1866.660940 1871.107824 
0.000759 0.000772 0.000605 0.000415 0.000276 0.000179 0.000107 0.000073 0.000054 0.000049 0.000047 0.000041 0.000042 0.000039 0.000029 0.000021 0.000025 0.000026 0.000026 0.000027 0.000025 0.000029 0.000031 0.000032 
1901.588137 1902.346823 1903.159423 1902.580835 1901.023489 1899.196682 1899.598673 1901.679642 1899.039764 1898.472358 1901.348680 1897.534966 1895.967204 1896.103824 1895.204793 1899.374058 1906.053169 1905.760949 1900.694027 1898.744595 1898.155306 1899.327840 1897.469369 1895.404251 
0.000399 0.000378 0.000268 0.000158 0.000113 0.000105 0.000111 0.000118 0.000118 0.000116 0.000115 0.000114 0.000109 0.000100 0.000092 0.000088 0.000089 0.000093 0.000094 0.000093 0.000092 0.000093 0.000090 0.000077 
1922.870807 1922.861285 1922.863683 1922.770427 1922.377717 1922.006969 1922.211016 1922.128085 1921.778749 1921.409572 1921.385432 1921.571908 1921.549451 1921.173628 1920.791164 1920.725377 1920.947833 1921.494791 1921.907390 1922.017257 1922.010063 1922.260528 1922.685697 1923.020226 
0.000652 0.000621 0.000433 0.000234 0.000137 0.000113 0.000103 0.000102 0.000113 0.000123 0.000115 0.000094 0.000077 0.000069 0.000063 0.000060 0.000059 0.000058 0.000053 0.000052 0.000054 0.000056 0.000058 0.000055 
1956.950719 1957.413945 1958.318844 1959.691134 1959.616210 1958.881185 1960.330822 1961.438190 1960.991222 1959.056619 1956.735480 1955.829622 1958.691781 1962.353662 1965.489965 1965.753992 1963.024941 1960.478651 1958.998478 1958.080915 1957.767906 1958.476934 1959.436416 1960.538526 
0.000498 0.000500 0.000367 0.000232 0.000137 0.000094 0.000108 0.000093 0.000093 0.000087 0.000082 0.000077 0.000058 0.000044 0.000041 0.000040 0.000038 0.000043 0.000048 0.000048 0.000049 0.000049 0.000046 0.000042 
2003.284708 2003.329478 2004.193102 2004.795214 2005.283378 2006.530756 2003.051393 2000.740783 2002.167488 2003.500345 2002.748717 2000.180835 1998.882929 2000.694962 2004.281959 2006.817766 2008.528211 2007.995098 2004.943522 2005.514449 2009.073495 2008.799485 2005.807225 2006.692321 
0.000364 0.000412 0.000391 0.000310 0.000212 0.000145 0.000116 0.000102 0.000095 0.000087 0.000089 0.000092 0.000091 0.000089 0.000082 0.000074 0.000076 0.000091 0.000107 0.000115 0.000121 0.000123 0.000116 0.000101 
2048.292277 2048.796155 2048.480849 2047.419950 2045.822558 2043.602080 2042.364492 2043.353562 2044.558192 2043.205961 2041.007385 2040.429391 2041.270302 2042.613698 2043.196408 2043.063620 2042.502910 2042.043694 2041.534406 2040.928350 2040.696244 2040.983806 2041.387171 2042.002589 
0.000894 0.001061 0.001074 0.001032 0.000946 0.000830 0.000674 0.000510 0.000381 0.000289 0.000218 0.000160 0.000126 0.000104 0.000082 0.000069 0.000064 0.000061 0.000058 0.000056 0.000054 0.000056 0.000055 0.000051 
2084.034207 2082.417609 2080.007390 2078.924353 2079.064691 2079.727091 2080.264122 2080.770353 2081.234245 2081.722900 2081.852617 2082.647458 2084.026044 2084.228898 2082.101911 2079.220516 2078.336393 2079.832114 2082.565063 2084.342672 2081.704935 2075.622254 2071.414751 2070.154250 
0.000965 0.000936 0.000646 0.000312 0.000127 0.000073 0.000062 0.000052 0.000050 0.000050 0.000049 0.000049 0.000050 0.000049 0.000044 0.000041 0.000041 0.000045 0.000050 0.000052 0.000050 0.000043 0.000033 0.000026 
2109.955363 2110.248753 2110.675868 2111.383761 2111.568401 2110.315119 2107.029471 2107.484065 2107.877955 2107.165048 2106.877287 2107.197062 2107.355884 2107.034444 2107.576680 2109.706904 2111.731909 2111.921645 2109.941768 2108.696980 2109.975173 2112.821389 2114.828344 2113.941193 
0.001229 0.001216 0.000855 0.000428 0.000215 0.000136 0.000090 0.000068 0.000057 0.000057 0.000066 0.000067 0.000054 0.000038 0.000037 0.000045 0.000045 0.000031 0.000018 0.000024 0.000040 0.000048 0.000044 0.000035 
2138.253271 2138.056810 2137.752054 2137.441391 2137.485407 2137.566849 2138.754313 2139.615938 2136.801938 2138.095260 2142.840223 2144.891964 2144.163004 2138.484544 2134.165976 2135.551668 2136.320372 2133.897469 2131.447964 2141.101233 2142.128757 2140.059134 2137.195425 2134.379549 
0.000732 0.000733 0.000543 0.000311 0.000175 0.000120 0.000099 0.000087 0.000079 0.000079 0.000087 0.000090 0.000082 0.000070 0.000071 0.000083 0.000094 0.000096 0.000092 0.000089 0.000090 0.000090 0.000084 0.000070 
2161.268426 2161.319805 2161.445491 2161.701058 2161.516272 2161.012609 2160.592544 2160.907894 2161.327410 2161.148554 2160.798789 2160.593768 2160.319728 2160.081778 2160.322941 2160.852598 2161.273293 2161.336712 2161.113001 2160.827362 2160.828722 2161.152412 2161.619321 2162.069415 
0.000740 0.000704 0.000472 0.000227 0.000129 0.000106 0.000089 0.000074 0.000056 0.000041 0.000041 0.000048 0.000049 0.000042 0.000034 0.000029 0.000025 0.000021 0.000020 0.000023 0.000022 0.000017 0.000021 0.000033 
2179.894281 2179.963800 2180.315308 2181.382097 2181.593081 2181.096740 2181.832215 2181.316405 2181.022512 2181.505532 2180.533899 2178.971664 2178.118735 2177.370903 2176.526335 2175.912833 2175.278193 2176.599220 2181.276166 2182.000583 2179.705641 2180.692865 2183.007836 2180.709127 
0.001502 0.001498 0.001049 0.000494 0.000182 0.000129 0.000109 0.000095 0.000081 0.000068 0.000058 0.000050 0.000046 0.000047 0.000057 0.000065 0.000064 0.000059 0.000060 0.000065 0.000070 0.000069 0.000056 0.000038 
2217.579558 2218.014233 2218.320935 2218.130959 2215.702383 2215.660886 2215.332981 2215.428188 2215.776886 2216.321155 2215.307026 2214.255778 2213.709687 2211.869973 2210.259748 2210.947722 2212.622570 2214.136266 2213.042602 2210.112968 2209.095247 2210.591175 2213.111582 2215.458123 
0.002165 0.002466 0.001993 0.001064 0.000202 0.000076 0.000092 0.000071 0.000083 0.000054 0.000034 0.000049 0.000047 0.000030 0.000026 0.000033 0.000036 0.000026 0.000018 0.000019 0.000020 0.000020 0.000020 0.000027 
2241.733398 2242.039855 2242.488440 2243.221491 2244.709457 2238.603065 2240.907406 2240.605063 2241.908748 2240.049114 2238.229071 2241.852506 2241.916127 2239.780677 2239.191282 2240.773279 2241.722294 2241.754112 2242.305491 2241.842385 2240.117109 2239.518986 2240.984835 2241.826742 
0.009915 0.014845 0.017882 0.018480 0.017168 0.015181 0.013422 0.011931 0.010300 0.008831 0.007541 0.006322 0.005286 0.004440 0.003724 0.003118 0.002607 0.002178 0.001820 0.001514 0.001261 0.001042 0.000835 0.000628 
2275.697083 2276.704985 2277.212774 2277.145917 2277.052592 2277.068801 2276.883683 2276.570965 2276.729839 2276.824212 2276.818170 2277.006233 2277.118756 2277.139179 2277.196304 2277.194532 2277.169022 2277.164432 2277.150509 2277.235057 2277.313183 2277.297086 2277.247587 2277.097274 
0.001460 0.002257 0.002509 0.002135 0.001509 0.000984 0.000585 0.000328 0.000202 0.000123 0.000075 0.000057 0.000050 0.000046 0.000041 0.000038 0.000038 0.000044 0.000046 0.000040 0.000031 0.000027 0.000029 0.000036 
2317.851842 2315.359954 2313.929854 2313.568907 2314.693046 2316.680620 2317.111210 2316.259234 2315.823690 2315.428621 2313.995217 2313.479420 2312.064016 2311.243849 2311.568406 2311.797807 2311.025560 2310.956978 2311.284997 2312.003276 2314.142992 2315.813788 2314.248671 2312.693307 
0.001492 0.002112 0.002183 0.001769 0.001249 0.000880 0.000571 0.000359 0.000255 0.000191 0.000138 0.000108 0.000088 0.000075 0.000072 0.000069 0.000058 0.000044 0.000034 0.000031 0.000028 0.000034 0.000046 0.000058 
2336.493676 2337.910799 2339.146277 2339.625031 2338.482139 2336.590987 2336.561450 2337.542346 2337.555359 2337.631166 2338.487407 2338.606658 2338.236633 2337.392854 2337.514657 2338.684513 2340.322904 2342.757336 2344.841074 2343.939810 2341.184291 2337.715210 2337.356412 2338.413182 
0.000930 0.001145 0.000970 0.000564 0.000231 0.000120 0.000116 0.000056 0.000036 0.000052 0.000053 0.000030 0.000021 0.000026 0.000029 0.000020 0.000018 0.000025 0.000025 0.000020 0.000016 0.000015 0.000018 0.000028 
2358.665221 2357.948600 2357.214226 2356.375716 2356.275817 2357.751918 2358.953825 2359.304774 2356.313346 2358.545762 2359.647774 2357.105164 2354.220267 2356.955162 2359.115808 2359.401532 2356.893478 2356.691314 2356.741885 2356.402923 2357.232548 2359.380411 2359.776105 2358.279461 
0.001179 0.001231 0.000908 0.000472 0.000212 0.000131 0.000117 0.000073 0.000040 0.000041 0.000046 0.000040 0.000035 0.000035 0.000030 0.000019 0.000014 0.000019 0.000027 0.000029 0.000025 0.000019 0.000017 0.000019 
2370.526076 2370.439952 2370.452941 2370.599697 2370.321469 2369.656793 2369.486621 2369.776437 2371.973828 2369.574830 2368.715593 2369.880237 2371.364851 2370.751733 2369.899735 2370.226364 2372.306028 2371.243206 2370.569480 2370.615896 2370.260250 2368.687900 2367.286194 2367.685986 
0.002632 0.002532 0.001704 0.000753 0.000265 0.000189 0.000136 0.000131 0.000104 0.000100 0.000096 0.000077 0.000063 0.000049 0.000040 0.000042 0.000046 0.000049 0.000050 0.000056 0.000069 0.000083 0.000093 0.000092 
2392.814656 2392.812319 2392.860743 2393.070659 2393.016147 2392.442850 2392.599831 2392.972847 2394.652251 2394.726742 2394.619207 2395.202856 2395.131529 2395.413307 2395.931393 2396.089247 2396.459860 2396.785814 2396.803744 2395.899336 2394.923027 2394.498215 2394.090610 2393.493452 
0.004139 0.003966 0.002618 0.001071 0.000245 0.000210 0.000159 0.000121 0.000102 0.000086 0.000070 0.000052 0.000037 0.000034 0.000043 0.000045 0.000036 0.000022 0.000020 0.000029 0.000032 0.000031 0.000032 0.000036 
2411.112588 2411.113978 2411.062031 2410.713191 2407.613285 2410.310279 2411.069798 2411.048835 2410.960287 2410.505486 2410.461644 2411.441443 2412.752459 2412.464484 2410.206187 2409.746577 2410.217207 2411.717891 2410.392409 2408.436435 2407.971664 2408.259060 2409.024620 2409.250097 
0.046601 0.065173 0.071426 0.064842 0.052249 0.039981 0.030156 0.022749 0.017196 0.013057 0.009928 0.007491 0.005612 0.004231 0.003212 0.002421 0.001792 0.001336 0.001015 0.000773 0.000576 0.000436 0.000338 0.000252 
2450.474933 2450.107396 2449.858422 2449.738159 2449.755134 2449.840781 2449.887011 2449.898756 2449.861739 2449.854658 2449.880813 2449.855035 2449.767833 2449.781268 2449.918429 2450.035787 2449.933572 2449.935511 2450.116749 2450.254559 2450.088107 2450.144923 2450.532009 2450.997067 
0.014694 0.019208 0.020499 0.018667 0.015179 0.011630 0.008764 0.006592 0.004907 0.003597 0.002595 0.001836 0.001273 0.000912 0.000689 0.000542 0.000411 0.000325 0.000272 0.000216 0.000143 0.000092 0.000073 0.000065 
2508.791247 2508.015313 2506.721583 2505.511844 2504.961026 2504.813933 2504.696000 2504.589061 2504.525324 2504.507911 2504.648183 2505.054695 2505.379236 2505.485323 2505.688120 2506.012478 2505.570078 2505.184883 2505.665587 2506.931063 2508.549740 2513.161802 2516.820771 2517.023611 
0.003476 0.003277 0.002156 0.000927 0.000308 0.000208 0.000156 0.000117 0.000095 0.000087 0.000086 0.000084 0.000074 0.000062 0.000053 0.000048 0.000050 0.000053 0.000056 0.000056 0.000056 0.000055 0.000052 0.000043 
2551.562152 2551.424815 2551.290818 2551.368618 2553.916229 2555.613337 2556.151294 2556.901735 2558.035458 2559.628520 2559.082101 2556.342078 2555.294774 2558.773814 2562.692315 2563.016769 2564.561509 2567.070199 2565.429638 2561.103988 2559.041357 2560.816570 2564.211136 2567.776871 
0.000855 0.000797 0.000595 0.000426 0.000361 0.000282 0.000173 0.000098 0.000079 0.000089 0.000091 0.000072 0.000054 0.000045 0.000037 0.000030 0.000022 0.000016 0.000015 0.000020 0.000025 0.000025 0.000023 0.000026 
2591.099157 2590.226916 2589.642130 2590.786384 2593.806090 2594.846556 2593.966342 2592.349402 2592.332965 2593.546386 2594.665317 2595.592956 2595.320079 2592.898098 2591.200855 2591.801985 2594.115721 2595.220026 2593.489028 2592.388389 2592.385045 2591.787343 2590.536563 2590.530788 
0.000951 0.000978 0.000809 0.000658 0.000600 0.000516 0.000384 0.000274 0.000223 0.000203 0.000174 0.000129 0.000079 0.000044 0.000036 0.000039 0.000039 0.000034 0.000030 0.000034 0.000043 0.000044 0.000038 0.000032 
2608.723556 2608.919091 2608.408577 2607.030367 2605.578953 2605.152511 2605.349212 2606.045014 2606.204854 2605.850451 2605.450776 2605.526982 2606.437971 2608.402196 2608.532804 2608.212210 2609.017931 2611.922090 2615.347190 2614.336092 2611.263018 2608.892478 2606.655251 2606.254420 
0.000441 0.000470 0.000362 0.000209 0.000121 0.000101 0.000087 0.000078 0.000077 0.000077 0.000075 0.000071 0.000067 0.000062 0.000056 0.000053 0.000054 0.000060 0.000069 0.000077 0.000080 0.000076 0.000065 0.000049 
2647.207845 2648.061080 2649.050650 2649.751983 2647.767201 2646.891374 2646.795195 2645.823427 2644.714685 2643.379555 2642.472719 2641.998644 2642.158648 2641.990268 2641.202840 2640.919338 2641.456887 2642.522338 2643.624597 2643.915617 2643.823471 2643.848765 2644.010424 2644.321036 
0.000376 0.000411 0.000325 0.000222 0.000165 0.000139 0.000130 0.000114 0.000090 0.000071 0.000066 0.000066 0.000061 0.000051 0.000051 0.000058 0.000056 0.000043 0.000025 0.000016 0.000018 0.000024 0.000029 0.000031 
2684.586518 2684.228972 2684.521467 2686.031111 2687.686172 2688.222552 2687.371802 2687.907631 2689.742133 2689.979303 2687.209037 2684.832142 2684.650869 2686.101396 2686.302193 2684.667356 2683.370874 2682.842094 2684.067979 2683.246970 2680.535983 2680.611998 2681.757043 2682.131930 
0.000491 0.000492 0.000365 0.000212 0.000133 0.000087 0.000058 0.000061 0.000056 0.000048 0.000038 0.000026 0.000026 0.000035 0.000048 0.000053 0.000050 0.000046 0.000046 0.000049 0.000053 0.000051 0.000041 0.000030 
2708.331060 2708.729968 2709.045854 2707.753919 2704.902442 2706.200018 2708.907126 2705.580967 2701.449967 2700.776853 2702.160023 2704.705017 2706.780092 2706.465976 2703.083698 2701.817548 2702.507104 2706.346045 2709.009068 2708.313149 2707.323987 2707.008573 2707.368861 2708.831593 
0.000978 0.000965 0.000678 0.000333 0.000151 0.000101 0.000078 0.000074 0.000078 0.000081 0.000078 0.000074 0.000072 0.000070 0.000067 0.000064 0.000061 0.000062 0.000064 0.000059 0.000048 0.000037 0.000030 0.000029 
2747.872546 2748.344176 2748.851929 2748.440564 2745.235711 2743.673980 2746.250066 2750.380463 2752.105040 2751.699311 2750.727925 2750.494975 2751.908846 2754.232040 2755.945511 2755.784669 2754.532572 2753.063235 2752.567824 2753.089223 2753.862400 2753.472987 2750.891880 2747.076216 
0.000735 0.000690 0.000456 0.000201 0.000082 0.000066 0.000054 0.000039 0.000033 0.000030 0.000022 0.000017 0.000020 0.000024 0.000026 0.000027 0.000028 0.000027 0.000027 0.000028 0.000029 0.000031 0.000029 0.000022 
2789.451118 2789.244135 2788.897386 2788.112253 2789.098188 2790.318739 2790.837175 2790.550096 2789.510348 2789.194559 2788.442284 2788.357105 2789.678714 2789.943073 2788.988361 2787.564918 2786.210363 2785.987377 2788.335214 2791.697089 2792.429158 2791.240345 2790.738959 2790.946380 
0.000831 0.000766 0.000503 0.000238 0.000112 0.000076 0.000062 0.000052 0.000041 0.000037 0.000040 0.000043 0.000040 0.000033 0.000026 0.000027 0.000033 0.000036 0.000033 0.000030 0.000033 0.000036 0.000034 0.000030 
2819.029601 2819.303355 2819.862919 2820.991366 2820.858791 2819.205295 2818.310723 2818.323093 2819.928888 2819.774077 2818.592517 2819.287650 2821.051959 2822.158126 2821.156770 2818.860968 2816.577266 2815.894937 2816.386249 2817.668366 2817.901689 2818.047158 2818.969173 2819.946502 
0.002624 0.002731 0.002190 0.001462 0.000974 0.000670 0.000450 0.000293 0.000197 0.000140 0.000090 0.000053 0.000039 0.000035 0.000027 0.000024 0.000024 0.000024 0.000024 0.000027 0.000029 0.000031 0.000030 0.000030 
2866.262454 2867.065114 2867.419577 2866.355043 2864.196881 2863.281845 2863.190863 2862.487289 2862.917170 2864.299111 2864.045497 2862.053463 2861.621601 2863.454540 2863.587984 2863.987819 2863.061657 2862.707840 2862.659089 2864.241280 2864.461556 2863.358687 2860.159121 2858.097580 
0.006333 0.006215 0.004078 0.001573 0.000602 0.000361 0.000195 0.000192 0.000136 0.000086 0.000080 0.000075 0.000057 0.000050 0.000051 0.000056 0.000066 0.000078 0.000086 0.000088 0.000085 0.000072 0.000057 0.000047 
2891.583668 2891.221047 2890.024596 2885.959822 2885.851773 2890.195467 2885.568360 2894.758501 2892.369788 2882.713794 2882.527800 2885.472781 2881.876529 2880.135359 2881.660629 2883.341077 2884.853146 2884.917576 2883.975470 2882.947456 2882.842168 2883.199069 2884.159516 2886.026231 
0.009057 0.011711 0.011731 0.009376 0.006075 0.003090 0.001232 0.000823 0.000801 0.001056 0.001004 0.000822 0.000598 0.000381 0.000202 0.000071 0.000022 0.000016 0.000025 0.000039 0.000040 0.000029 0.000024 0.000024 
2910.588265 2911.138948 2911.802689 2912.477664 2912.896164 2912.398117 2909.486491 2908.753445 2910.490928 2913.086329 2913.526943 2913.572767 2913.471894 2913.229475 2912.701547 2910.847591 2907.632697 2909.674072 2912.933797 2912.141741 2911.837245 2912.893069 2913.554646 2912.189367 
0.014743 0.020889 0.024212 0.023376 0.019254 0.014833 0.011275 0.008510 0.006423 0.004846 0.003619 0.002708 0.002020 0.001517 0.001141 0.000844 0.000619 0.000450 0.000326 0.000237 0.000177 0.000143 0.000127 0.000107 
2948.543682 2947.900171 2946.593898 2945.565292 2945.587983 2945.758662 2945.737690 2945.818224 2945.850500 2945.795057 2945.833764 2945.712721 2945.736826 2945.777300 2945.824243 2945.810848 2945.730417 2945.743369 2945.379018 2945.045330 2945.089106 2944.768233 2943.665652 2942.862303 
0.002310 0.002208 0.001472 0.000633 0.000183 0.000113 0.000087 0.000063 0.000058 0.000058 0.000049 0.000035 0.000030 0.000031 0.000030 0.000033 0.000034 0.000031 0.000029 0.000029 0.000026 0.000023 0.000027 0.000032 
2985.927040 2985.980481 2986.104726 2986.324749 2986.768213 2986.353801 2987.287862 2986.477050 2987.012140 2987.759017 2987.871764 2987.465396 2988.178403 2989.283842 2988.725141 2988.056807 2988.468579 2989.287057 2989.837689 2989.743791 2989.313056 2989.007288 2989.088036 2989.027452 
0.001149 0.001196 0.000948 0.000609 0.000358 0.000210 0.000130 0.000090 0.000080 0.000071 0.000061 0.000056 0.000057 0.000056 0.000048 0.000036 0.000028 0.000025 0.000028 0.000039 0.000053 0.000058 0.000053 0.000041 
3041.413737 3041.584903 3041.614717 3041.141637 3040.208092 3038.545133 3037.890365 3038.161619 3039.920658 3040.886245 3041.174979 3042.149802 3043.314304 3043.814334 3044.219495 3044.157806 3041.330750 3038.586849 3041.438885 3044.582168 3044.479313 3044.473032 3045.100376 3045.706750 
0.001039 0.001047 0.000789 0.000459 0.000214 0.000091 0.000056 0.000046 0.000043 0.000047 0.000047 0.000042 0.000036 0.000036 0.000041 0.000046 0.000043 0.000035 0.000030 0.000030 0.000030 0.000028 0.000022 0.000015 
3087.364131 3088.646716 3089.996136 3090.754178 3090.181588 3086.799571 3082.934977 3080.615192 3081.676393 3084.062991 3085.259106 3086.637224 3087.693672 3087.444899 3086.595257 3086.542414 3086.974067 3086.826325 3085.523816 3084.511986 3084.448002 3084.012018 3083.727787 3084.382570 
0.003070 0.004291 0.004480 0.003657 0.002549 0.001660 0.001050 0.000648 0.000403 0.000245 0.000155 0.000109 0.000075 0.000053 0.000049 0.000054 0.000057 0.000062 0.000068 0.000074 0.000073 0.000067 0.000064 0.000068 
3119.176933 3120.823588 3122.226172 3123.352967 3123.740322 3123.813696 3123.833780 3123.680901 3123.552380 3124.419713 3126.444870 3128.190024 3128.128628 3126.362159 3122.951597 3120.783327 3120.816197 3121.386413 3121.821486 3122.004941 3123.152935 3124.215793 3123.459525 3121.912279 
0.000739 0.000941 0.000832 0.000514 0.000264 0.000165 0.000121 0.000088 0.000062 0.000043 0.000030 0.000022 0.000016 0.000012 0.000013 0.000013 0.000013 0.000016 0.000022 0.000027 0.000025 0.000018 0.000013 0.000016 
3150.853120 3150.473793 3149.985746 3148.955093 3147.783055 3147.874106 3149.005598 3149.422998 3149.426385 3149.481101 3149.719263 3149.839389 3149.511402 3150.840146 3152.555569 3152.692072 3151.044552 3150.435853 3150.744100 3150.926879 3151.166575 3152.520214 3153.989301 3151.615440 
0.002858 0.004158 0.004531 0.003867 0.002724 0.001716 0.001035 0.000625 0.000386 0.000243 0.000159 0.000111 0.000083 0.000064 0.000050 0.000044 0.000051 0.000065 0.000069 0.000058 0.000047 0.000046 0.000053 0.000053 
3180.071685 3181.696428 3182.779217 3183.378018 3183.489002 3183.516085 3183.509243 3183.483032 3183.438341 3183.655823 3183.853681 3183.897479 3184.774567 3185.779219 3181.902752 3174.879293 3173.831326 3177.362027 3179.601670 3180.690063 3180.123723 3180.939462 3184.480714 3186.975887 
0.004300 0.005997 0.006347 0.005301 0.003663 0.002325 0.001450 0.000909 0.000574 0.000375 0.000256 0.000180 0.000130 0.000101 0.000085 0.000077 0.000070 0.000063 0.000064 0.000073 0.000078 0.000076 0.000073 0.000067 
3244.026210 3243.560074 3243.612999 3244.041174 3244.358545 3244.486240 3244.390868 3244.199210 3243.481763 3243.383738 3243.290202 3242.153941 3240.730243 3239.956058 3238.922060 3237.413108 3239.674510 3243.993067 3244.381196 3243.976937 3244.507592 3244.210108 3243.871315 3245.454808 
0.001236 0.001204 0.000834 0.000535 0.000411 0.000311 0.000184 0.000096 0.000057 0.000038 0.000030 0.000027 0.000023 0.000023 0.000024 0.000023 0.000025 0.000031 0.000037 0.000041 0.000041 0.000039 0.000035 0.000031 
3277.305077 3277.446702 3277.564062 3276.603165 3275.223609 3274.048560 3272.471730 3271.541206 3272.101164 3273.231373 3276.971550 3279.809663 3279.909031 3276.750230 3275.617846 3277.020908 3279.265987 3279.344697 3278.374380 3277.553281 3277.297989 3277.806400 3279.025805 3279.765302 
0.002270 0.002635 0.002254 0.001451 0.000767 0.000439 0.000265 0.000158 0.000083 0.000049 0.000037 0.000028 0.000025 0.000025 0.000024 0.000028 0.000033 0.000038 0.000036 0.000029 0.000023 0.000023 0.000030 0.000037 
3299.126230 3299.612308 3299.977967 3299.655272 3297.886624 3297.087630 3298.483985 3299.667508 3298.723063 3298.527984 3298.761155 3296.802674 3296.654182 3297.358779 3299.981219 3300.780056 3299.720448 3298.578012 3298.565382 3298.288506 3297.599280 3298.310572 3299.427791 3298.428080 
0.002815 0.003545 0.003222 0.002073 0.000868 0.000347 0.000197 0.000142 0.000138 0.000142 0.000126 0.000112 0.000090 0.000057 0.000029 0.000019 0.000018 0.000012 0.000011 0.000014 0.000018 0.000024 0.000034 0.000040 
3320.064484 3320.432650 3320.943650 3321.726321 3323.133222 3322.370145 3320.535096 3320.375315 3321.079436 3320.582959 3319.672475 3320.013067 3320.656585 3320.270975 3318.968816 3321.906476 3323.187823 3322.043201 3320.329533 3322.889848 3324.278195 3323.525861 3321.508911 3320.552994 
0.001534 0.002055 0.002115 0.001750 0.001247 0.000819 0.000518 0.000317 0.000187 0.000110 0.000077 0.000069 0.000065 0.000058 0.000051 0.000046 0.000036 0.000028 0.000026 0.000029 0.000027 0.000022 0.000020 0.000022 
3335.949022 3335.543877 3335.035075 3334.446726 3334.078679 3334.008948 3334.135110 3334.343317 3334.818263 3335.560327 3336.164239 3335.660774 3335.439307 3335.266259 3335.413091 3336.915069 3338.916425 3341.232213 3342.561286 3342.543389 3342.867450 3342.004207 3337.953865 3336.261109 
0.000106 0.000150 0.000148 0.000100 0.000064 0.000067 0.000084 0.000094 0.000095 0.000096 0.000099 0.000100 0.000095 0.000084 0.000071 0.000062 0.000061 0.000062 0.000060 0.000054 0.000047 0.000046 0.000047 0.000043 
3358.301117 3359.458699 3360.275613 3361.832344 3364.187015 3363.239578 3362.036523 3361.195959 3360.343012 3360.121184 3360.554828 3360.954955 3360.894932 3360.511702 3360.369502 3360.834027 3361.319303 3361.061871 3360.678422 3360.756678 3361.467679 3362.141648 3362.304641 3362.282894 
0.000121 0.000136 0.000116 0.000085 0.000068 0.000057 0.000040 0.000029 0.000031 0.000030 0.000024 0.000022 0.000022 0.000016 0.000015 0.000017 0.000021 0.000026 0.000030 0.000031 0.000027 0.000020 0.000016 0.000018 
3381.560856 3381.305481 3381.052736 3380.806221 3380.772637 3380.358165 3378.553765 3377.461340 3379.902286 3382.799507 3385.183306 3384.509196 3381.801551 3380.855290 3380.232479 3378.619860 3378.824570 3380.383047 3381.094247 3380.669999 3379.769503 3378.825419 3378.670369 3379.370029 
0.000493 0.000664 0.000670 0.000519 0.000320 0.000166 0.000086 0.000062 0.000057 0.000051 0.000043 0.000041 0.000040 0.000039 0.000043 0.000053 0.000061 0.000063 0.000063 0.000065 0.000065 0.000063 0.000061 0.000055 
3421.030697 3418.998499 3416.981503 3415.030125 3413.930700 3414.394959 3413.446243 3406.681079 3402.539512 3402.772269 3407.220504 3411.825033 3412.289355 3412.165431 3412.782215 3413.787181 3414.419118 3413.983118 3413.607150 3414.512244 3414.792063 3413.538117 3412.834236 3413.940339 
0.000392 0.000413 0.000346 0.000259 0.000194 0.000141 0.000096 0.000058 0.000037 0.000031 0.000026 0.000018 0.000016 0.000019 0.000024 0.000023 0.000019 0.000020 0.000031 0.000041 0.000042 0.000033 0.000022 0.000018 
3441.861473 3441.211252 3440.888419 3441.888198 3443.697910 3444.363664 3444.128640 3443.743530 3442.514491 3441.467924 3441.869174 3443.828423 3444.699679 3443.738031 3442.291385 3440.962752 3438.794582 3440.161884 3443.195041 3443.218474 3442.358296 3441.097095 3439.297686 3439.219727 
0.000806 0.000812 0.000587 0.000301 0.000142 0.000099 0.000089 0.000085 0.000076 0.000068 0.000063 0.000056 0.000046 0.000037 0.000034 0.000036 0.000038 0.000037 0.000037 0.000047 0.000057 0.000060 0.000056 0.000050 
3482.191614 3481.374562 3480.267457 3479.451618 3481.350278 3481.400608 3479.834162 3480.126685 3482.181853 3483.230978 3482.834745 3481.079939 3479.786877 3481.497832 3485.354689 3484.972163 3483.044550 3481.583241 3479.306978 3478.834687 3479.818871 3480.605009 3481.194300 3482.027355 
0.000520 0.000504 0.000390 0.000286 0.000208 0.000131 0.000088 0.000078 0.000072 0.000060 0.000050 0.000044 0.000039 0.000034 0.000027 0.000015 0.000012 0.000020 0.000029 0.000031 0.000029 0.000027 0.000026 0.000023 
3518.668492 3517.862649 3516.919369 3516.975222 3518.225891 3519.361481 3520.176401 3520.613734 3520.523173 3520.945372 3521.285494 3520.787756 3520.046144 3519.753812 3519.726448 3519.671520 3520.179487 3519.649818 3518.787019 3518.504299 3518.787394 3519.237987 3519.276859 3519.001661 
0.001043 0.001063 0.000807 0.000483 0.000274 0.000139 0.000084 0.000079 0.000086 0.000081 0.000064 0.000047 0.000036 0.000034 0.000046 0.000062 0.000065 0.000054 0.000038 0.000035 0.000040 0.000043 0.000038 0.000031 
3542.217630 3542.578922 3541.934455 3539.153223 3535.957704 3536.615963 3536.782035 3536.632577 3536.270458 3538.439356 3540.677599 3540.348867 3537.331871 3536.234905 3537.344682 3538.680956 3538.893953 3538.776980 3540.648044 3543.585416 3544.056294 3544.094348 3545.024038 3545.773713 
0.000765 0.000866 0.000851 0.000769 0.000614 0.000463 0.000379 0.000320 0.000259 0.000200 0.000151 0.000110 0.000083 0.000061 0.000042 0.000036 0.000042 0.000045 0.000037 0.000028 0.000031 0.000039 0.000041 0.000033 
3591.874508 3591.873392 3590.920955 3589.875962 3590.158153 3592.045853 3592.969762 3592.734042 3593.090186 3593.789328 3593.831437 3592.560663 3590.438660 3589.836755 3592.126221 3593.165459 3591.506339 3591.045903 3591.720753 3593.705554 3595.210962 3593.545696 3591.764157 3589.561934 
0.001185 0.001762 0.002043 0.001883 0.001420 0.000932 0.000558 0.000317 0.000194 0.000136 0.000105 0.000081 0.000064 0.000059 0.000058 0.000057 0.000055 0.000052 0.000049 0.000052 0.000053 0.000048 0.000044 0.000043 
3631.474463 3635.350923 3638.031681 3640.093680 3641.826510 3642.740748 3642.685337 3641.841259 3640.965716 3640.705056 3639.702475 3636.732203 3632.436267 3629.309958 3627.746787 3627.880745 3630.366605 3632.122523 3630.646275 3627.151140 3627.641418 3629.561376 3629.159984 3627.533903 
0.000573 0.000899 0.000994 0.000814 0.000547 0.000363 0.000247 0.000127 0.000065 0.000053 0.000060 0.000051 0.000033 0.000022 0.000019 0.000020 0.000020 0.000019 0.000020 0.000022 0.000023 0.000020 0.000019 0.000020 
3655.439508 3654.291469 3653.205969 3651.881931 3650.665376 3650.742610 3652.687848 3655.828960 3655.342854 3654.806939 3653.178813 3654.049862 3656.053605 3657.835214 3656.450738 3655.665483 3655.973476 3656.771154 3656.919858 3656.194544 3656.088764 3656.905649 3657.387084 3656.371934 
0.001040 0.001442 0.001499 0.001237 0.000873 0.000567 0.000338 0.000180 0.000116 0.000103 0.000106 0.000092 0.000070 0.000052 0.000041 0.000044 0.000052 0.000055 0.000051 0.000045 0.000041 0.000038 0.000032 0.000025 
3681.370243 3681.524039 3681.682800 3681.682137 3681.002855 3679.553451 3678.976647 3680.522198 3680.477526 3678.466894 3677.452787 3677.253070 3676.769901 3677.609425 3681.183359 3684.198584 3684.233640 3683.625399 3683.515468 3683.290881 3682.663307 3681.980166 3682.235635 3683.589754 
0.002286 0.002716 0.002442 0.001745 0.001069 0.000600 0.000334 0.000203 0.000125 0.000070 0.000045 0.000032 0.000035 0.000043 0.000046 0.000040 0.000037 0.000042 0.000048 0.000049 0.000050 0.000056 0.000059 0.000052 
3720.081950 3719.136876 3718.225585 3717.239853 3716.614864 3715.901532 3714.869334 3712.320036 3709.852066 3708.999992 3714.950039 3718.752669 3718.532692 3719.680108 3720.167496 3719.180692 3719.371895 3721.850658 3723.776140 3722.875264 3720.223866 3718.258750 3717.269354 3716.969791 
0.001319 0.001173 0.000699 0.000258 0.000140 0.000119 0.000076 0.000045 0.000037 0.000030 0.000027 0.000028 0.000034 0.000038 0.000035 0.000031 0.000027 0.000021 0.000020 0.000027 0.000032 0.000031 0.000027 0.000025 
3754.300391 3754.282484 3754.369556 3755.506487 3756.245364 3756.669797 3757.925218 3757.313002 3753.115420 3753.169855 3757.073915 3756.364114 3752.735946 3751.044804 3750.981501 3751.888166 3753.353378 3755.653474 3756.350537 3755.343406 3753.904405 3752.361881 3751.140965 3751.169285 
0.013152 0.016968 0.016638 0.012799 0.007966 0.004227 0.002111 0.001077 0.000582 0.000314 0.000179 0.000113 0.000081 0.000060 0.000048 0.000038 0.000035 0.000042 0.000050 0.000049 0.000042 0.000033 0.000032 0.000034 
3801.330491 3800.786881 3800.403446 3800.321741 3800.460039 3800.345950 3800.210128 3800.408931 3800.941478 3800.813313 3801.469741 3802.591892 3804.324979 3804.575477 3801.113922 3798.911135 3804.342306 3808.750477 3809.002187 3807.364851 3805.167397 3801.866500 3798.661661 3797.812968 
0.001684 0.001491 0.000880 0.000291 0.000093 0.000070 0.000006 0.000023 0.000011 0.000009 0.000011 0.000017 0.000022 0.000022 0.000023 0.000027 0.000033 0.000034 0.000028 0.000019 0.000016 0.000019 0.000018 0.000017 
3850.456921 3850.587183 3850.931670 3852.476162 3851.877323 3849.922658 3854.443359 3849.029678 3848.910825 3847.289946 3848.028607 3849.997997 3851.375007 3852.952574 3853.198348 3851.749588 3850.189777 3850.286134 3851.508037 3853.248160 3851.931352 3849.560969 3849.186244 3849.860453 
0.005161 0.006073 0.005264 0.003359 0.001556 0.000540 0.000166 0.000078 0.000050 0.000040 0.000035 0.000040 0.000045 0.000041 0.000031 0.000025 0.000022 0.000022 0.000020 0.000024 0.000031 0.000038 0.000041 0.000036 
3885.388140 3885.893047 3886.515217 3887.336369 3888.327948 3888.441425 3886.424621 3885.706011 3885.218348 3886.306063 3886.390215 3885.994824 3885.570190 3885.199334 3885.436269 3885.190642 3882.160180 3880.010621 3880.544242 3884.955387 3887.327021 3887.970788 3887.438511 3886.235065 
0.005396 0.006280 0.005361 0.003331 0.001457 0.000457 0.000136 0.000067 0.000043 0.000042 0.000050 0.000058 0.000058 0.000058 0.000060 0.000058 0.000049 0.000044 0.000051 0.000060 0.000065 0.000064 0.000059 0.000051 
3904.036207 3903.040789 3901.932613 3900.616417 3899.130514 3898.217188 3900.667493 3902.709755 3903.934484 3903.790572 3905.124015 3905.026814 3905.017262 3905.901235 3906.805473 3907.290994 3907.098517 3905.760495 3905.058015 3904.416976 3903.813982 3903.412971 3903.821662 3905.763146 
0.001554 0.001587 0.001175 0.000631 0.000286 0.000163 0.000114 0.000086 0.000068 0.000051 0.000040 0.000035 0.000034 0.000031 0.000031 0.000038 0.000043 0.000041 0.000038 0.000040 0.000044 0.000049 0.000048 0.000038 
3941.081308 3940.716988 3940.146595 3939.070889 3938.251055 3939.008442 3940.082644 3939.777290 3939.085456 3940.424224 3942.865755 3942.487700 3940.273031 3939.949276 3943.030877 3946.433967 3945.626211 3943.250838 3940.885661 3941.109139 3944.148793 3947.522620 3949.174000 3949.193136 
0.000713 0.000689 0.000504 0.000287 0.000162 0.000109 0.000075 0.000052 0.000046 0.000044 0.000040 0.000037 0.000034 0.000030 0.000030 0.000029 0.000024 0.000016 0.000014 0.000017 0.000022 0.000026 0.000031 0.000033 
3983.816531 3985.171922 3986.061319 3984.987454 3979.857771 3978.010899 3978.846351 3980.247576 3982.938296 3984.631864 3984.981566 3984.227179 3983.414442 3983.558628 3984.157865 3983.987301 3983.312948 3982.529075 3981.141803 3978.176320 3975.748612 3976.171828 3978.102328 3979.681540 
0.001286 0.001517 0.001309 0.000817 0.000354 0.000139 0.000075 0.000052 0.000043 0.000041 0.000036 0.000031 0.000032 0.000033 0.000031 0.000028 0.000025 0.000026 0.000029 0.000028 0.000025 0.000022 0.000023 0.000025 
3999.431063 3999.713418 4000.019261 4000.345741 4000.218119 3998.753309 3997.650297 3998.725263 3996.461671 3996.320394 3997.401805 3997.665154 3997.614559 3997.625965 3996.964691 3995.951118 3995.984097 3997.407444 3998.585134 3999.000665 3999.865468 4001.693125 4002.277766 4000.649432 
0.001145 0.001355 0.001155 0.000720 0.000372 0.000207 0.000132 0.000095 0.000072 0.000054 0.000037 0.000022 0.000012 0.000013 0.000015 0.000014 0.000010 0.000012 0.000020 0.000022 0.000020 0.000022 0.000025 0.000022 
4014.416245 4014.253884 4013.915255 4013.274699 4012.947034 4013.889281 4014.940447 4015.292028 4015.562670 4015.610305 4015.250162 4014.835957 4016.282954 4017.525797 4016.236287 4015.575084 4013.975900 4013.563487 4015.085192 4016.413762 4017.860372 4016.626893 4014.771035 4013.781537 
0.001918 0.002375 0.002149 0.001466 0.000846 0.000447 0.000217 0.000101 0.000064 0.000052 0.000052 0.000057 0.000061 0.000063 0.000063 0.000057 0.000049 0.000045 0.000050 0.000063 0.000070 0.000066 0.000057 0.000050 
4037.621522 4037.254761 4037.218185 4037.462785 4037.225271 4037.012504 4038.167716 4039.384587 4037.360991 4037.403360 4041.032037 4043.962279 4044.890367 4045.647603 4047.553152 4049.069707 4048.335290 4044.651189 4038.797733 4036.285449 4037.145845 4040.166737 4043.865098 4045.897912 
0.000487 0.000495 0.000373 0.000244 0.000199 0.000196 0.000174 0.000123 0.000077 0.000050 0.000041 0.000040 0.000043 0.000043 0.000042 0.000049 0.000057 0.000057 0.000047 0.000039 0.000038 0.000036 0.000031 0.000026 
4089.646667 4089.266472 4089.736216 4090.432327 4090.706916 4089.666667 4089.742928 4089.583948 4089.521182 4091.089868 4093.047080 4091.674451 4087.311537 4085.748672 4086.727361 4089.863954 4091.032234 4091.043434 4091.190434 4091.908401 4091.819264 4091.720594 4092.174150 4091.854707 
0.000481 0.000472 0.000351 0.000244 0.000194 0.000149 0.000097 0.000068 0.000054 0.000042 0.000034 0.000030 0.000027 0.000026 0.000028 0.000033 0.000036 0.000033 0.000028 0.000024 0.000020 0.000020 0.000023 0.000021 
4124.077765 4124.678686 4123.842566 4121.348369 4119.125213 4120.866491 4125.730531 4130.338480 4129.689847 4127.071303 4122.818997 4122.060622 4125.006579 4127.011859 4127.817689 4125.786886 4122.093576 4119.497726 4119.003700 4119.604573 4120.185997 4124.080082 4125.770526 4124.503776 
0.000601 0.000643 0.000508 0.000292 0.000147 0.000113 0.000109 0.000107 0.000086 0.000059 0.000046 0.000040 0.000036 0.000036 0.000042 0.000048 0.000055 0.000061 0.000058 0.000051 0.000044 0.000040 0.000043 0.000041 
4149.044701 4148.344317 4147.967474 4148.599445 4153.453312 4154.344111 4149.930367 4145.040402 4143.954487 4146.366722 4155.028478 4159.294137 4158.489214 4155.152919 4151.321819 4150.836901 4153.523436 4155.601937 4155.429824 4152.900257 4150.542849 4150.841855 4154.082031 4155.780630 
0.000264 0.000252 0.000191 0.000137 0.000114 0.000100 0.000092 0.000086 0.000078 0.000066 0.000050 0.000032 0.000024 0.000026 0.000029 0.000034 0.000040 0.000042 0.000040 0.000034 0.000033 0.000034 0.000034 0.000031 
4187.046097 4187.990671 4186.994256 4183.879119 4182.216774 4183.393304 4183.295183 4182.326960 4181.985371 4181.887979 4182.175207 4183.499686 4185.293155 4186.272344 4185.987583 4183.778281 4181.056281 4179.483450 4179.489043 4180.921659 4185.765201 4188.595016 4188.321561 4186.700358 
0.000292 0.000289 0.000209 0.000117 0.000071 0.000052 0.000039 0.000031 0.000026 0.000022 0.000020 0.000022 0.000025 0.000028 0.000029 0.000028 0.000026 0.000024 0.000025 0.000029 0.000031 0.000028 0.000024 0.000023 
4201.939934 4201.983914 4202.133230 4202.335477 4201.351885 4199.766889 4199.844430 4201.248777 4202.453650 4202.871327 4203.418967 4203.564322 4202.687651 4200.945140 4200.551951 4201.988314 4204.228319 4205.084453 4204.721229 4202.866606 4201.053875 4199.050456 4197.933976 4198.752361 
0.000361 0.000349 0.000237 0.000114 0.000064 0.000046 0.000038 0.000035 0.000031 0.000023 0.000019 0.000019 0.000019 0.000016 0.000014 0.000022 0.000035 0.000039 0.000034 0.000022 0.000014 0.000013 0.000017 0.000021 
4216.935949 4217.003252 4217.114509 4217.150648 4216.926564 4216.820265 4217.952868 4217.332405 4216.386316 4217.535547 4217.712843 4215.409240 4215.505925 4217.267639 4214.176388 4213.177305 4214.854259 4215.559782 4215.704486 4215.404533 4213.508776 4213.914902 4216.511445 4217.201651 
0.000616 0.000688 0.000564 0.000346 0.000211 0.000180 0.000180 0.000162 0.000123 0.000096 0.000088 0.000086 0.000076 0.000057 0.000044 0.000044 0.000047 0.000047 0.000047 0.000050 0.000055 0.000056 0.000053 0.000046 
4256.390082 4256.302013 4256.673784 4258.378733 4261.285956 4264.183118 4265.454441 4265.730129 4265.505970 4264.541708 4263.965664 4265.267106 4267.606970 4269.846349 4271.370577 4270.956494 4268.917992 4265.105285 4263.188820 4265.500991 4267.072176 4265.030952 4260.523780 4256.322623 
0.000147 0.000167 0.000140 0.000088 0.000049 0.000036 0.000035 0.000040 0.000044 0.000042 0.000037 0.000033 0.000036 0.000037 0.000037 0.000038 0.000038 0.000039 0.000039 0.000033 0.000026 0.000031 0.000036 0.000036 
4359.196866 4359.650345 4360.030586 4360.169878 4360.292516 4361.039427 4360.637890 4360.598865 4361.044673 4362.010292 4362.305208 4360.154176 4356.496374 4354.630330 4354.553133 4356.644785 4358.886092 4360.236100 4360.867655 4361.201454 4358.927561 4356.487715 4356.124594 4357.173175 
0.000403 0.000596 0.000694 0.000635 0.000451 0.000242 0.000101 0.000061 0.000050 0.000050 0.000050 0.000045 0.000040 0.000035 0.000036 0.000043 0.000047 0.000043 0.000039 0.000041 0.000046 0.000052 0.000058 0.000058 
4400.923209 4399.277976 4397.687427 4396.621588 4396.103379 4395.785362 4396.264568 4398.358618 4398.748936 4396.420777 4394.146080 4392.534153 4393.064161 4395.518931 4397.068527 4396.628129 4397.559902 4401.627597 4407.336107 4408.562850 4406.842886 4404.084768 4401.837435 4401.750524 
0.000242 0.000339 0.000376 0.000336 0.000241 0.000157 0.000120 0.000110 0.000106 0.000096 0.000077 0.000060 0.000051 0.000044 0.000038 0.000037 0.000041 0.000046 0.000050 0.000049 0.000042 0.000036 0.000037 0.000042 
4443.592986 4441.669371 4441.089626 4441.005205 4440.644215 4439.576560 4439.890379 4441.232468 4442.199552 4442.061515 4441.332470 4440.112393 4438.997574 4440.759597 4443.611956 4444.603908 4442.542006 4440.464770 4439.953759 4440.033226 4440.198486 4440.984311 4440.973826 4440.133565 
0.002022 0.002561 0.002444 0.001810 0.001119 0.000694 0.000490 0.000339 0.000195 0.000101 0.000073 0.000068 0.000065 0.000056 0.000047 0.000041 0.000036 0.000037 0.000041 0.000044 0.000045 0.000042 0.000038 0.000034 
4492.542613 4491.644783 4490.261849 4488.313184 4485.790415 4483.253960 4481.711424 4481.798725 4482.655139 4481.298509 4479.930292 4480.010192 4484.138395 4487.864377 4489.230481 4488.328920 4487.061973 4484.072456 4481.694750 4482.047311 4484.053098 4485.680144 4487.347325 4488.761418 
0.001813 0.002148 0.001850 0.001165 0.000570 0.000308 0.000209 0.000158 0.000126 0.000101 0.000076 0.000054 0.000050 0.000056 0.000052 0.000037 0.000026 0.000023 0.000030 0.000036 0.000038 0.000039 0.000042 0.000041 
4524.730813 4525.206072 4525.796241 4526.456366 4525.804373 4525.229710 4525.816105 4528.448175 4530.346494 4530.733302 4530.126550 4528.507154 4525.444692 4524.581707 4524.172927 4522.735175 4520.440426 4521.506503 4524.814170 4525.120554 4523.277332 4521.136613 4521.093870 4521.810184 
0.001478 0.001945 0.001871 0.001362 0.000821 0.000487 0.000298 0.000185 0.000123 0.000087 0.000064 0.000058 0.000055 0.000045 0.000033 0.000032 0.000045 0.000053 0.000050 0.000043 0.000047 0.000055 0.000059 0.000056 
4559.076917 4560.229826 4561.487250 4562.704546 4563.005457 4562.860234 4562.758540 4561.265760 4558.858352 4557.524614 4558.388482 4560.967263 4560.634306 4559.632524 4559.119231 4559.125173 4558.018565 4558.727588 4560.127289 4560.968077 4560.332516 4560.003061 4559.054224 4558.000080 
0.000119 0.000177 0.000204 0.000177 0.000124 0.000079 0.000051 0.000031 0.000022 0.000023 0.000030 0.000032 0.000034 0.000033 0.000029 0.000024 0.000025 0.000032 0.000037 0.000036 0.000034 0.000032 0.000030 0.000026 
4612.633149 4610.879141 4608.892522 4606.931508 4605.334404 4605.296788 4607.123321 4607.578444 4606.808955 4607.827839 4609.706494 4611.595406 4612.180363 4611.856556 4610.133277 4607.230840 4605.822429 4606.412342 4606.881162 4607.971032 4609.196276 4609.295410 4608.924599 4609.215469 
0.000156 0.000185 0.000166 0.000112 0.000065 0.000049 0.000049 0.000044 0.000034 0.000024 0.000021 0.000020 0.000026 0.000033 0.000033 0.000030 0.000030 0.000032 0.000030 0.000026 0.000025 0.000023 0.000020 0.000020 
4625.339639 4625.069118 4625.036105 4625.288978 4626.127449 4627.270917 4628.330064 4629.164556 4629.096189 4626.784815 4625.506453 4627.227368 4628.710449 4626.906820 4624.976558 4623.806141 4625.348477 4627.697461 4629.022104 4629.073521 4628.557687 4628.908205 4630.049065 4629.321529 
0.000085 0.000108 0.000114 0.000101 0.000075 0.000061 0.000058 0.000058 0.000052 0.000040 0.000025 0.000021 0.000026 0.000034 0.000035 0.000033 0.000030 0.000029 0.000030 0.000032 0.000033 0.000030 0.000027 0.000026 
4674.750224 4674.778624 4675.321580 4676.517814 4678.620948 4679.460378 4678.842943 4678.002307 4677.914956 4677.869657 4677.273782 4675.299152 4674.337577 4673.998960 4673.852106 4674.614171 4676.521663 4678.017142 4676.865160 4674.997909 4675.308485 4677.251672 4678.817786 4678.557630 
0.000199 0.000231 0.000206 0.000143 0.000080 0.000046 0.000041 0.000045 0.000051 0.000056 0.000058 0.000054 0.000046 0.000038 0.000035 0.000034 0.000030 0.000031 0.000044 0.000057 0.000057 0.000047 0.000038 0.000034 
4763.847954 4765.543927 4768.125452 4771.224053 4772.084954 4764.786137 4760.140674 4760.721659 4764.701953 4767.149672 4766.893880 4765.286068 4763.400849 4761.816769 4762.649577 4764.861582 4766.204360 4768.381317 4769.942316 4769.363820 4768.731208 4768.220120 4767.813132 4767.773139 
0.000177 0.000226 0.000216 0.000160 0.000110 0.000101 0.000106 0.000095 0.000070 0.000050 0.000043 0.000042 0.000041 0.000037 0.000039 0.000046 0.000057 0.000061 0.000055 0.000048 0.000051 0.000055 0.000051 0.000041 
4812.141297 4813.432795 4814.554472 4814.833707 4811.393360 4806.628221 4804.326028 4803.457307 4804.438060 4809.790260 4812.733062 4810.535193 4807.924903 4807.946660 4806.831369 4805.345533 4805.748303 4806.832228 4808.499600 4812.833113 4817.311899 4818.043348 4816.875777 4813.754637 
0.000130 0.000186 0.000209 0.000187 0.000132 0.000078 0.000056 0.000048 0.000047 0.000041 0.000035 0.000033 0.000036 0.000041 0.000039 0.000036 0.000040 0.000046 0.000045 0.000039 0.000033 0.000033 0.000034 0.000031 
4885.960836 4884.774226 4884.364510 4884.935492 4886.202918 4885.987878 4884.699883 4885.175287 4886.447094 4885.214240 4885.133935 4885.848528 4884.870557 4884.020797 4883.918903 4883.615021 4883.163482 4882.471226 4881.109830 4880.302175 4881.273682 4884.099136 4883.963167 4882.720548 
0.000089 0.000100 0.000088 0.000067 0.000053 0.000050 0.000051 0.000048 0.000038 0.000027 0.000023 0.000028 0.000032 0.000028 0.000017 0.000010 0.000017 0.000028 0.000033 0.000030 0.000026 0.000029 0.000033 0.000032 
4953.876611 4954.028807 4954.538814 4955.506608 4956.127782 4955.633597 4955.097770 4954.814452 4954.885231 4955.580216 4956.251720 4955.554291 4954.629992 4953.730408 4952.798990 4953.025409 4952.233965 4952.350348 4953.220235 4954.372591 4954.596902 4953.311910 4952.858142 4953.106412 
0.000141 0.000146 0.000119 0.000089 0.000074 0.000065 0.000056 0.000048 0.000039 0.000028 0.000024 0.000026 0.000028 0.000026 0.000020 0.000014 0.000013 0.000013 0.000011 0.000013 0.000016 0.000017 0.000015 0.000013 
4993.321775 4993.201828 4993.341401 4993.966322 4994.341133 4994.552889 4995.358741 4995.797106 4995.349949 4994.236021 4992.108086 4990.764240 4990.759736 4991.293120 4991.680244 4993.290061 4994.641854 4994.096170 4994.252221 4994.929735 4994.807383 4994.760664 4993.931430 4992.323617 
0.000517 0.000575 0.000495 0.000341 0.000194 0.000118 0.000091 0.000078 0.000063 0.000047 0.000036 0.000033 0.000041 0.000050 0.000056 0.000060 0.000067 0.000076 0.000076 0.000069 0.000064 0.000061 0.000053 0.000041 
5025.409180 5025.247463 5024.947997 5024.576583 5024.210012 5023.297692 5020.353256 5019.375249 5020.225703 5020.571921 5019.989704 5026.105314 5030.439882 5030.901267 5027.169947 5021.228811 5016.407134 5015.740257 5017.731110 5022.709785 5028.766667 5031.312417 5030.473303 5026.212248 
0.000513 0.000537 0.000429 0.000318 0.000237 0.000176 0.000116 0.000084 0.000065 0.000052 0.000049 0.000057 0.000061 0.000055 0.000047 0.000042 0.000041 0.000041 0.000041 0.000042 0.000042 0.000047 0.000053 0.000050 
5078.395050 5079.191662 5079.239809 5080.270003 5081.937140 5084.402295 5086.064729 5087.448153 5088.315508 5087.102400 5083.031134 5079.121255 5077.372151 5076.074161 5074.427887 5074.281586 5074.752085 5072.509692 5067.354891 5065.316501 5068.246501 5070.562263 5069.071615 5067.506533 
0.000238 0.000300 0.000304 0.000257 0.000189 0.000133 0.000098 0.000066 0.000034 0.000018 0.000021 0.000025 0.000022 0.000018 0.000017 0.000021 0.000029 0.000034 0.000036 0.000035 0.000033 0.000027 0.000021 0.000017 
5106.964243 5106.851490 5106.932124 5107.311457 5108.214739 5109.358284 5109.327899 5108.359404 5108.218108 5111.095979 5109.253845 5107.812608 5107.878758 5109.051266 5109.712754 5109.827809 5109.940636 5109.586418 5109.011076 5108.874396 5109.396015 5110.297070 5111.040170 5110.828448 
0.000176 0.000199 0.000186 0.000152 0.000109 0.000065 0.000033 0.000021 0.000019 0.000023 0.000031 0.000038 0.000040 0.000040 0.000037 0.000032 0.000027 0.000026 0.000028 0.000028 0.000023 0.000017 0.000014 0.000014 
5151.247529 5151.995518 5152.154204 5151.456717 5149.853064 5148.178221 5146.464665 5146.070357 5149.433954 5151.280393 5150.300151 5149.825334 5149.801046 5149.690754 5149.795625 5150.567700 5151.419739 5151.338272 5150.432995 5149.710130 5149.598357 5149.620863 5149.036934 5148.898127 
0.000613 0.000778 0.000726 0.000504 0.000269 0.000140 0.000105 0.000098 0.000086 0.000066 0.000056 0.000056 0.000052 0.000051 0.000054 0.000054 0.000050 0.000053 0.000057 0.000053 0.000048 0.000053 0.000060 0.000057 
5181.071473 5181.562058 5182.289934 5183.571778 5185.168761 5185.507734 5185.734629 5187.654823 5191.025538 5195.995266 5197.014071 5193.719601 5192.038036 5192.473749 5193.985769 5198.008782 5200.136556 5196.004733 5194.000170 5195.740994 5199.441099 5199.554911 5196.644489 5193.879073 
0.000184 0.000226 0.000206 0.000146 0.000089 0.000058 0.000051 0.000053 0.000051 0.000049 0.000051 0.000049 0.000038 0.000026 0.000020 0.000026 0.000035 0.000041 0.000039 0.000032 0.000029 0.000033 0.000036 0.000030 
5343.788970 5344.415541 5344.871364 5345.176369 5345.917860 5346.400301 5345.232928 5344.454914 5346.487331 5348.049050 5347.017944 5346.007924 5346.724140 5347.716490 5345.846834 5342.085471 5341.069187 5342.211790 5343.008284 5343.372309 5344.397245 5345.816839 5346.986762 5346.971742 
0.000344 0.000404 0.000358 0.000253 0.000152 0.000087 0.000055 0.000051 0.000051 0.000043 0.000033 0.000029 0.000032 0.000035 0.000039 0.000044 0.000045 0.000041 0.000036 0.000032 0.000031 0.000034 0.000041 0.000044 
5402.132652 5401.062744 5400.147476 5399.961890 5400.471960 5402.228656 5404.949941 5406.537660 5406.894369 5406.868577 5406.147046 5405.749830 5406.897049 5405.839744 5402.465629 5398.916618 5396.567034 5395.993625 5396.166484 5395.063027 5396.093877 5402.084265 5406.957665 5408.684963 
0.000150 0.000149 0.000110 0.000067 0.000046 0.000034 0.000023 0.000015 0.000013 0.000013 0.000016 0.000021 0.000024 0.000028 0.000028 0.000021 0.000017 0.000018 0.000021 0.000025 0.000025 0.000021 0.000017 0.000019 
5437.385945 5436.808109 5436.276515 5437.527847 5440.187713 5440.709584 5439.964703 5439.662201 5437.898550 5437.518942 5438.134760 5437.794824 5437.458685 5437.763583 5438.397599 5439.750499 5441.876544 5441.934694 5440.379704 5439.349830 5439.339604 5439.953320 5439.695515 5438.710294 
0.000215 0.000277 0.000271 0.000209 0.000141 0.000107 0.000092 0.000079 0.000063 0.000049 0.000045 0.000048 0.000049 0.000050 0.000053 0.000052 0.000045 0.000040 0.000037 0.000033 0.000031 0.000028 0.000030 0.000033 
5463.699283 5466.276777 5467.876836 5468.810275 5470.525747 5474.252485 5476.458524 5476.362901 5475.080568 5471.180322 5465.965056 5464.126855 5465.529690 5468.524801 5469.771992 5468.752492 5466.846200 5465.759853 5466.435395 5466.599634 5466.060169 5463.799618 5461.512027 5460.618238 
0.000345 0.000398 0.000341 0.000235 0.000163 0.000135 0.000111 0.000084 0.000066 0.000059 0.000057 0.000059 0.000057 0.000052 0.000046 0.000042 0.000040 0.000039 0.000038 0.000038 0.000040 0.000044 0.000045 0.000040 
5508.809646 5507.222601 5506.839124 5508.336508 5509.430103 5505.617579 5500.322301 5498.853231 5501.024549 5504.525192 5506.652269 5510.127627 5512.193067 5511.379511 5507.381106 5503.471926 5503.816546 5508.106309 5512.779618 5513.683200 5509.448457 5504.916000 5503.487050 5504.381389 
0.000319 0.000381 0.000344 0.000236 0.000127 0.000075 0.000061 0.000061 0.000059 0.000055 0.000049 0.000044 0.000049 0.000062 0.000073 0.000074 0.000065 0.000055 0.000051 0.000048 0.000044 0.000041 0.000043 0.000046 
5574.272137 5578.233195 5582.463701 5586.706643 5589.352555 5588.367339 5587.012861 5585.104330 5581.519441 5577.489157 5575.200522 5575.137691 5575.913509 5578.243823 5580.476343 5580.922382 5578.082641 5572.765571 5572.946732 5576.756887 5578.048759 5579.210981 5582.549338 5584.432097 
0.000210 0.000232 0.000185 0.000118 0.000077 0.000071 0.000067 0.000068 0.000066 0.000053 0.000040 0.000036 0.000037 0.000041 0.000049 0.000054 0.000054 0.000050 0.000046 0.000044 0.000038 0.000031 0.000026 0.000022 
5671.996920 5671.338770 5670.160217 5670.856200 5673.607788 5677.591778 5677.631085 5674.440166 5672.030868 5671.231447 5671.416095 5671.904575 5671.666177 5671.357322 5669.945677 5668.364048 5667.358667 5666.826746 5666.324426 5665.814599 5666.238258 5668.268178 5670.696442 5673.027911 
0.000143 0.000173 0.000164 0.000131 0.000100 0.000079 0.000058 0.000039 0.000026 0.000020 0.000020 0.000023 0.000034 0.000048 0.000057 0.000055 0.000048 0.000045 0.000043 0.000036 0.000024 0.000016 0.000014 0.000015 
5693.010918 5693.361776 5693.834422 5693.839829 5692.459133 5691.409224 5691.503504 5693.301353 5694.281980 5691.797002 5691.022175 5694.133222 5696.632658 5696.382676 5696.092979 5696.536245 5697.346502 5697.067045 5696.260064 5695.794985 5695.084256 5694.424558 5695.384183 5695.719073 
0.000264 0.000287 0.000230 0.000141 0.000084 0.000059 0.000048 0.000041 0.000038 0.000039 0.000044 0.000049 0.000052 0.000055 0.000056 0.000052 0.000049 0.000053 0.000054 0.000046 0.000039 0.000041 0.000043 0.000037 
5776.941196 5777.029785 5777.553973 5779.373554 5781.104966 5779.882924 5777.440899 5778.673748 5778.684728 5777.693805 5778.703508 5779.619219 5780.528498 5781.654932 5780.818401 5777.613277 5772.614106 5769.476110 5768.891004 5770.062310 5775.724315 5780.290304 5780.155668 5777.505562 
0.000242 0.000253 0.000191 0.000115 0.000075 0.000082 0.000093 0.000096 0.000089 0.000076 0.000061 0.000046 0.000034 0.000030 0.000033 0.000042 0.000048 0.000047 0.000048 0.000057 0.000063 0.000061 0.000051 0.000039 
5865.353657 5866.368941 5868.034748 5869.931511 5868.685713 5864.182465 5861.818787 5861.108039 5860.178709 5859.696271 5861.625935 5865.437674 5866.108676 5865.505317 5865.018813 5866.912744 5866.305890 5863.937135 5859.795118 5858.772900 5860.706521 5863.445685 5865.204508 5865.337815 
0.000155 0.000199 0.000187 0.000130 0.000076 0.000056 0.000054 0.000052 0.000047 0.000043 0.000044 0.000051 0.000052 0.000049 0.000047 0.000046 0.000042 0.000042 0.000046 0.000051 0.000047 0.000037 0.000031 0.000031 
5960.229624 5960.829618 5961.390561 5962.117653 5963.170318 5965.221325 5965.932606 5965.003210 5963.023635 5961.851719 5961.097948 5958.494463 5956.863589 5957.319020 5958.328177 5959.242608 5960.326598 5962.612510 5963.026116 5962.662668 5962.777820 5962.274253 5962.725902 5964.196908 
0.000219 0.000282 0.000279 0.000215 0.000130 0.000068 0.000051 0.000045 0.000044 0.000044 0.000042 0.000035 0.000030 0.000033 0.000039 0.000043 0.000047 0.000050 0.000049 0.000046 0.000044 0.000043 0.000042 0.000040 
6034.357975 6033.327070 6032.766650 6032.961108 6033.859181 6033.132642 6030.108987 6029.109211 6030.807690 6032.181370 6032.538424 6032.711779 6034.561121 6037.391562 6037.802319 6036.968111 6036.010568 6035.510035 6034.483049 6032.299585 6030.227429 6031.000300 6034.314954 6036.053129 
0.000210 0.000243 0.000215 0.000146 0.000078 0.000051 0.000046 0.000040 0.000031 0.000028 0.000032 0.000035 0.000033 0.000031 0.000034 0.000040 0.000043 0.000043 0.000039 0.000039 0.000042 0.000046 0.000045 0.000038 
6115.847692 6115.652281 6115.444557 6115.419669 6116.344471 6117.285814 6117.468126 6116.909219 6117.357117 6119.116746 6119.786108 6119.682218 6119.717189 6119.576614 6118.006071 6117.081601 6117.599800 6117.970477 6116.357164 6114.298264 6115.423790 6117.415728 6116.737342 6114.027618 
0.000164 0.000174 0.000138 0.000087 0.000058 0.000052 0.000052 0.000051 0.000048 0.000048 0.000050 0.000044 0.000033 0.000028 0.000032 0.000040 0.000046 0.000048 0.000050 0.000054 0.000056 0.000051 0.000042 0.000036 
6303.882692 6303.705595 6303.255901 6302.344189 6300.934417 6300.914675 6302.213399 6302.624163 6301.623006 6301.629593 6302.636770 6303.476506 6305.253176 6308.720656 6309.631581 6309.182405 6307.832599 6305.154102 6301.681484 6300.978674 6302.447380 6303.077139 6301.881146 6301.718674 
0.000190 0.000233 0.000211 0.000143 0.000086 0.000060 0.000053 0.000050 0.000056 0.000064 0.000062 0.000052 0.000045 0.000044 0.000044 0.000043 0.000040 0.000035 0.000032 0.000031 0.000030 0.000032 0.000036 0.000037 
6375.576786 6375.249492 6374.656759 6373.581461 6370.832613 6367.614925 6367.239049 6367.901102 6368.325638 6368.080915 6367.476204 6367.113734 6367.598068 6368.030107 6368.057586 6368.482691 6368.688258 6368.315159 6367.706840 6367.864547 6370.472710 6374.454808 6376.425166 6376.275217 
0.000522 0.000610 0.000513 0.000304 0.000131 0.000071 0.000061 0.000057 0.000053 0.000047 0.000043 0.000038 0.000034 0.000029 0.000027 0.000033 0.000045 0.000051 0.000055 0.000061 0.000062 0.000053 0.000043 0.000040 
6421.017910 6420.659685 6420.084587 6418.813902 6417.739850 6419.216785 6421.078970 6418.883206 6418.359621 6419.522277 6420.235218 6419.276216 6418.287649 6419.223633 6421.592948 6421.783642 6420.126678 6417.827566 6416.167639 6416.038532 6415.986776 6415.769743 6416.898125 6420.184420 
0.000261 0.000295 0.000249 0.000161 0.000092 0.000064 0.000055 0.000049 0.000041 0.000032 0.000027 0.000028 0.000028 0.000027 0.000028 0.000029 0.000027 0.000022 0.000019 0.000015 0.000012 0.000015 0.000022 0.000028 
6442.053520 6442.006197 6442.038357 6442.267735 6442.598793 6442.034284 6441.543235 6441.986524 6442.841065 6443.782072 6444.049546 6443.655271 6443.512244 6443.142642 6442.614807 6442.739711 6443.359977 6443.769292 6443.062696 6442.203334 6441.324508 6441.827544 6442.750075 6442.905504 
0.000182 0.000190 0.000146 0.000086 0.000042 0.000022 0.000021 0.000029 0.000037 0.000039 0.000035 0.000028 0.000025 0.000027 0.000033 0.000037 0.000039 0.000039 0.000037 0.000032 0.000031 0.000032 0.000028 0.000023 
6463.576380 6463.845572 6464.753291 6466.682431 6467.995996 6464.931094 6465.957615 6469.285652 6469.853401 6469.312109 6467.942910 6464.818165 6461.821172 6461.081454 6461.774267 6461.276270 6460.820073 6461.846073 6463.505049 6463.760416 6462.863634 6462.011924 6461.423317 6461.088515 
0.000135 0.000176 0.000170 0.000129 0.000090 0.000064 0.000044 0.000031 0.000029 0.000026 0.000020 0.000020 0.000029 0.000037 0.000044 0.000050 0.000051 0.000048 0.000041 0.000035 0.000035 0.000036 0.000031 0.000023 
6770.082306 6771.123863 6772.428860 6774.296024 6775.498176 6774.513837 6771.608205 6769.169377 6768.267647 6768.038047 6767.219121 6764.828911 6763.779682 6763.808348 6765.213323 6767.562041 6770.138291 6772.071132 6772.532531 6771.836315 6771.183416 6770.443642 6769.527725 6769.403223 
0.000370 0.000425 0.000359 0.000223 0.000114 0.000082 0.000082 0.000078 0.000067 0.000059 0.000057 0.000055 0.000052 0.000047 0.000041 0.000042 0.000049 0.000058 0.000063 0.000064 0.000062 0.000059 0.000052 0.000043 
6846.001339 6845.444627 6844.778500 6844.516351 6846.500186 6849.972191 6849.465093 6849.465363 6851.521585 6855.661275 6857.542665 6852.507859 6845.240448 6842.762433 6846.126620 6846.822221 6844.443195 6840.887891 6839.338888 6838.441470 6835.990063 6834.618022 6837.430113 6843.879845 
0.000206 0.000236 0.000199 0.000127 0.000075 0.000058 0.000049 0.000040 0.000036 0.000038 0.000044 0.000044 0.000036 0.000031 0.000033 0.000037 0.000039 0.000039 0.000035 0.000031 0.000033 0.000042 0.000049 0.000046 
6974.550246 6974.053006 6973.518883 6973.131056 6974.335893 6977.316781 6978.198200 6977.990899 6978.165175 6978.204218 6976.833512 6975.550886 6975.707082 6978.097701 6980.535456 6979.756929 6975.099752 6970.252139 6968.680915 6971.236638 6973.825038 6973.664631 6971.596193 6969.889968 
0.000109 0.000137 0.000131 0.000096 0.000055 0.000033 0.000031 0.000026 0.000020 0.000016 0.000016 0.000018 0.000020 0.000020 0.000020 0.000021 0.000021 0.000020 0.000024 0.000031 0.000035 0.000031 0.000023 0.000017 
7016.362517 7016.986536 7017.512534 7017.870907 7017.831912 7017.136923 7017.925622 7019.412162 7020.573640 7019.505186 7018.667189 7020.618672 7021.159358 7020.215720 7018.233153 7015.968365 7015.156384 7017.684924 7020.556452 7020.547776 7019.765773 7019.165438 7018.477080 7017.325456 
0.000284 0.000334 0.000289 0.000189 0.000112 0.000085 0.000076 0.000062 0.000046 0.000040 0.000045 0.000051 0.000057 0.000058 0.000057 0.000055 0.000053 0.000056 0.000064 0.000068 0.000060 0.000044 0.000030 0.000024 
7262.730685 7262.883643 7262.801388 7262.526591 7263.851211 7267.468658 7269.156448 7269.296059 7267.754056 7264.690393 7259.647792 7254.208246 7251.295748 7251.807683 7254.935446 7260.105321 7265.754717 7267.015192 7265.731107 7265.107082 7267.071504 7270.295281 7270.436266 7265.192583 
0.000084 0.000101 0.000096 0.000076 0.000054 0.000037 0.000026 0.000019 0.000018 0.000019 0.000017 0.000019 0.000022 0.000021 0.000018 0.000021 0.000029 0.000028 0.000018 0.000014 0.000016 0.000020 0.000024 0.000028 
7438.474950 7438.521746 7438.661173 7438.972233 7439.527092 7440.057299 7439.619564 7438.566997 7438.577050 7437.791717 7435.852171 7435.682746 7437.091433 7438.647441 7440.981833 7441.194044 7439.658091 7439.423242 7441.234976 7442.009070 7440.433904 7439.770408 7439.544008 7439.143143 
