0.047959 7.231255
0.063946 1.828095
0.031973 5.616593
0.015986 4.413031
0.031973 7.256084
0.015986 1.355603
0.015986 10.035882
0.015986 8.174259
0.047959 10.785684
0.031973 10.498959
0.031973 6.763042
0.031973 9.919357
0.031973 8.705637
0.031973 7.594069
0.031973 4.188053
0.031973 9.113964
0.063946 7.926788
0.031973 11.500327
0.031973 22.492578
0.031973 17.416712
0.031973 21.489624
0.031973 18.989407
0.047959 4.527153
0.031973 19.821235
0.031973 19.560986
0.031973 18.401824
0.031973 9.203608
0.031973 16.632044
0.031973 12.953982
0.031973 17.222575
0.031973 12.573570
0.079932 5.941916
0.047959 9.991388
0.031973 13.405265
0.015986 13.512790
0.015986 8.298848
0.015986 11.418428
0.047959 6.707916
0.047959 8.248485
0.047959 7.856759
0.031973 12.419784
0.031973 17.271832
0.015986 13.861449
0.095918 7.505479
0.015986 9.974228
0.031973 6.858561
0.015986 15.432874
0.015986 16.332112
0.031973 17.868370
0.063946 8.972501
0.015986 18.129335
0.095918 6.567288
0.015986 12.074335
0.031973 7.920029
0.031973 8.969187
0.031973 12.281434
0.031973 13.727698
0.031973 13.780041
0.015986 15.931589
0.031973 11.832975
0.031973 8.070449
0.031973 11.728923
0.015986 15.366366
0.015986 7.377883
0.015986 13.938239
0.031973 4.839673
0.047959 7.413273
0.047959 10.312001
0.031973 6.004804
0.015986 13.186384
0.015986 11.833608
0.015986 12.308844
0.015986 10.679309
0.015986 10.089877
0.031973 12.379834
0.015986 15.597731
0.015986 8.305035
0.015986 13.071590
0.015986 11.269181
0.015986 13.919070
0.031973 6.276711
0.031973 7.265538
0.015986 15.938997
0.015986 11.358046
0.015986 14.310865
0.031973 13.271572
0.047959 12.086630
0.047959 12.401048
0.015986 14.991205
0.031973 15.971313
0.031973 11.323019
0.015986 12.917852
0.015986 11.067004
0.015986 12.051163
0.015986 9.830058
0.015986 9.584654
0.015986 6.437966
0.015986 11.055885
0.015986 10.085165
0.015986 8.449456
0.015986 6.603724
0.015986 12.928325
0.031973 17.413425
0.047959 13.417121
0.047959 13.474599
0.015986 10.460087
0.015986 13.739534
0.015986 14.819348
0.015986 15.031613
0.031973 17.415932
0.047959 19.302225
0.047959 14.745224
0.015986 8.033237
0.047959 10.364892
0.079932 10.965733
0.031973 12.398549
0.047959 6.697288
0.015986 9.765488
0.031973 10.125763
0.015986 9.938498
0.143878 6.894189
0.191837 6.053125
0.031973 7.295274
0.047959 7.576764
0.047959 8.022698
0.031973 7.940545
0.047959 4.053940
0.047959 11.782161
0.079932 11.204686
0.079932 2.961845
0.047959 7.900752
0.031973 5.386688
0.175850 5.227618
0.079932 4.619594
0.047959 5.225005
0.079932 6.951762
0.031973 5.495723
0.031973 8.374823
0.063946 7.615754
0.031973 6.015636
0.031973 7.701994
0.031973 9.276507
0.159864 8.506518
0.111905 4.468999
0.095918 3.835848
0.015986 5.981524
0.111905 5.089228
0.031973 3.729280
0.015986 4.353074
0.031973 5.974332
0.031973 2.916559
0.079932 6.835634
0.031973 4.955541
0.143878 1.150622
0.047959 7.150648
0.031973 7.976544
0.079932 7.373389
0.079932 6.052165
0.127891 7.363965
0.175850 10.952969
0.079932 5.021769
0.063946 0.881599
0.127891 7.602269
0.047959 4.757680
0.031973 2.998469
0.031973 6.867399
0.031973 1.388364
0.047959 4.613120
0.111905 8.939297
0.159864 4.204770
0.063946 3.217260
0.031973 3.417218
0.127891 5.524396
0.095918 5.025013
0.063946 5.969751
0.127891 2.658742
0.031973 3.323812
0.127891 5.419154
0.047959 7.287507
0.079932 5.127886
0.047959 4.020754
0.031973 4.027017
0.063946 5.822199
0.079932 5.391041
0.079932 6.976633
0.111905 4.163230
0.031973 6.712531
0.031973 4.955693
0.159864 4.673991
0.063946 4.606881
0.063946 6.617730
0.047959 8.161174
0.111905 5.988700
0.127891 6.948343
0.127891 6.668842
0.079932 5.312029
0.031973 3.671611
0.079932 3.316255
0.015986 4.728045
0.191837 6.560547
0.031973 5.781689
0.031973 4.743507
0.031973 2.430517
0.303741 3.557291
0.031973 6.040145
0.159864 6.997632
0.047959 4.812976
0.047959 5.779643
0.031973 6.313392
0.031973 6.353594
0.031973 7.065886
0.047959 3.683725
0.031973 5.373383
0.207823 4.953658
0.063946 3.203443
0.127891 4.688468
0.079932 4.069139
0.255782 5.891676
0.303741 7.894325
0.047959 2.820593
0.127891 3.144513
0.031973 6.605686
0.127891 3.656868
0.111905 6.255537
0.031973 3.379032
0.095918 6.518244
0.079932 6.640188
0.191837 3.501190
0.079932 4.755032
0.111905 9.708404
0.047959 4.847313
0.143878 2.495417
0.095918 6.599414
0.047959 4.694253
0.127891 7.381019
0.063946 3.914041
0.095918 6.113754
0.031973 3.036995
0.143878 7.621698
0.031973 6.617949
0.031973 5.748040
0.127891 5.879570
0.047959 4.454513
0.143878 4.454905
0.063946 4.362879
0.143878 8.074298
0.111905 6.408816
0.079932 8.162071
0.111905 3.700713
0.063946 3.685458
0.127891 3.857377
0.127891 4.310901
0.095918 5.572476
