26.000000 172.000000 0.015986
0.003490 0.012402 0.010060 0.008161 0.006620 0.006036 0.004306 0.002735 0.002216 0.002319 0.002528 0.002274 0.001713 0.001073 0.000540 0.000286 0.000203 0.000220 0.000242 0.000233 0.000255 0.000316 0.000454 0.000559 0.000582 0.000517 
11.141834 12.006452 11.409026 9.739841 6.840548 5.308853 5.274621 6.732994 6.751383 4.985435 3.486556 3.144711 3.255603 3.898930 6.100735 7.469747 6.689513 5.077013 5.505408 7.950951 8.681120 7.504112 4.411073 3.383869 3.265704 3.789137 
0.000279 0.000211 0.000151 0.000154 0.000146 0.000115 0.000107 0.000144 0.000180 0.000175 0.000124 0.000048 0.000030 0.000030 0.000046 0.000104 0.000143 0.000140 0.000093 0.000060 0.000064 0.000110 0.000146 0.000134 0.000104 0.000090 
47.938189 48.894113 48.651200 47.118298 47.500699 48.606759 48.966298 49.144091 49.277231 49.026068 48.392734 45.533416 46.775917 46.610379 47.235666 48.795111 49.125358 49.050209 47.786325 45.785540 45.913910 48.334488 49.283242 49.937421 50.753369 50.621612 
0.000711 0.000718 0.000550 0.000340 0.000223 0.000263 0.000365 0.000401 0.000365 0.000349 0.000353 0.000341 0.000267 0.000242 0.000277 0.000363 0.000382 0.000364 0.000345 0.000346 0.000344 0.000358 0.000385 0.000397 0.000366 0.000285 
62.538562 63.155616 63.918307 63.198999 59.622786 58.307268 59.671364 59.129262 57.269447 57.341522 59.393137 61.229846 60.251516 59.380215 59.053935 59.769522 58.837190 58.166695 58.724828 60.051876 59.631030 58.494156 58.153314 58.657094 59.266433 59.624635 
0.001173 0.001291 0.001108 0.000974 0.000987 0.001044 0.000908 0.000684 0.000522 0.000457 0.000387 0.000358 0.000354 0.000340 0.000265 0.000193 0.000199 0.000232 0.000252 0.000231 0.000195 0.000179 0.000175 0.000168 0.000149 0.000132 
83.095677 83.469037 84.470688 85.328879 86.105498 86.198267 87.015926 87.798958 87.384066 86.036209 86.366387 86.222107 84.549289 82.481979 82.100741 83.447378 84.632145 82.981747 82.021315 82.812608 86.019033 88.387737 88.570739 88.116446 87.479647 85.605164 
0.000563 0.000976 0.000885 0.000803 0.000728 0.000660 0.000648 0.000438 0.000235 0.000213 0.000283 0.000349 0.000308 0.000191 0.000129 0.000120 0.000149 0.000130 0.000107 0.000115 0.000138 0.000140 0.000122 0.000092 0.000056 0.000041 
98.304651 97.978098 98.841301 99.271097 99.766216 98.534092 98.110320 98.449434 100.916630 101.123964 99.117177 98.400180 98.698245 99.199869 99.380131 99.478648 99.327549 100.075404 100.870453 100.643059 98.182454 96.437601 96.167065 96.694456 95.746476 97.911336 
0.000000 0.000000 0.000000 0.000000 0.000000 0.000000 0.000000 0.000000 0.000000 0.000000 0.000000 0.000000 0.000000 0.000000 0.000000 0.000000 0.000000 0.000000 0.000000 0.000000 0.000000 0.000000 0.000000 0.000000 0.000000 0.000000 
117.119162 117.992911 119.285883 119.617741 118.259096 116.943168 116.485879 117.337564 119.023107 120.293566 120.758900 120.453226 119.777484 119.343291 119.239080 119.592919 119.933170 119.644985 119.275232 118.870500 118.500626 118.548533 118.763684 118.873735 119.042498 119.357266 
0.000930 0.001240 0.001120 0.001006 0.000891 0.000861 0.000858 0.000793 0.000651 0.000509 0.000435 0.000386 0.000356 0.000332 0.000305 0.000256 0.000229 0.000221 0.000226 0.000243 0.000251 0.000228 0.000177 0.000127 0.000096 0.000079 
148.450981 146.653162 144.759127 143.723592 144.227935 145.031379 145.552801 145.523794 145.508400 144.722285 143.987413 144.332436 145.251456 145.277488 144.621469 143.733508 142.831411 142.897570 143.687964 144.773893 145.545879 145.431380 144.623301 143.906125 143.474839 144.905104 
0.001061 0.001079 0.000924 0.000825 0.000751 0.000599 0.000450 0.000401 0.000412 0.000405 0.000349 0.000254 0.000195 0.000175 0.000193 0.000174 0.000144 0.000134 0.000137 0.000131 0.000119 0.000121 0.000127 0.000124 0.000105 0.000082 
182.080209 182.620263 181.449264 179.844022 180.160640 180.768862 179.249357 178.463340 178.800861 180.897238 183.409812 182.849351 181.609578 183.437200 185.708262 184.937849 181.069212 177.778709 175.634029 175.275872 176.982069 178.554655 177.850017 177.042124 177.290303 177.131946 
0.001119 0.002628 0.002241 0.001911 0.001581 0.001180 0.001040 0.001125 0.001129 0.000947 0.000728 0.000576 0.000443 0.000316 0.000251 0.000222 0.000185 0.000158 0.000149 0.000137 0.000102 0.000081 0.000075 0.000074 0.000075 0.000065 
213.065950 216.248579 217.561757 216.768027 215.131612 214.740798 215.662205 217.534188 218.733241 218.632618 216.574977 213.969649 212.424682 211.937013 211.754564 212.264636 214.021191 215.978873 218.182084 219.771741 215.590345 208.665451 211.360914 220.081987 224.431397 222.605983 
0.000189 0.000926 0.000852 0.000784 0.000682 0.000465 0.000362 0.000358 0.000374 0.000312 0.000221 0.000175 0.000158 0.000157 0.000162 0.000174 0.000185 0.000196 0.000207 0.000218 0.000227 0.000237 0.000246 0.000251 0.000242 0.000213 
241.073233 240.018309 239.163518 238.981838 239.357271 240.483689 240.190805 238.957485 237.994199 238.537595 240.252671 240.775335 240.710316 240.765341 240.848083 240.539577 240.230963 239.801484 239.111170 238.607655 238.649961 238.973663 239.176728 239.303092 239.558686 239.921030 
0.000168 0.000546 0.000464 0.000432 0.000283 0.000126 0.000086 0.000077 0.000070 0.000070 0.000058 0.000030 0.000020 0.000028 0.000034 0.000030 0.000029 0.000035 0.000025 0.000017 0.000018 0.000028 0.000025 0.000021 0.000039 0.000070 
254.815444 252.685194 251.644533 250.956779 250.797898 252.947727 253.549028 252.756039 252.688055 251.901994 251.627217 254.489535 254.139542 249.655039 248.736084 248.303479 248.036389 249.071423 251.611970 254.545954 252.867197 249.209624 248.609616 248.153512 248.143270 249.348857 
0.002248 0.002793 0.002727 0.002193 0.001545 0.001010 0.000635 0.000427 0.000315 0.000231 0.000179 0.000147 0.000120 0.000097 0.000087 0.000082 0.000082 0.000080 0.000077 0.000067 0.000051 0.000042 0.000042 0.000044 0.000048 0.000061 
279.991282 278.538496 277.580146 277.188478 276.807040 276.442958 277.190657 279.152926 279.440512 278.460579 277.209816 276.505768 277.383922 278.901165 280.154601 282.194584 282.922112 280.988721 277.117931 275.183846 276.539090 281.193056 284.525134 287.528725 289.614953 288.452090 
0.002025 0.001752 0.001191 0.000824 0.000690 0.000623 0.000623 0.000615 0.000571 0.000540 0.000535 0.000541 0.000553 0.000570 0.000576 0.000569 0.000557 0.000548 0.000545 0.000552 0.000556 0.000545 0.000537 0.000537 0.000536 0.000504 
362.493324 362.867167 362.001776 358.926855 357.242256 357.264708 358.805976 359.765197 359.638443 359.236646 359.055373 358.964089 358.850421 358.766175 358.874968 359.023105 358.887542 358.750428 358.898510 359.033296 358.952930 358.836475 358.728715 358.735691 358.826116 358.782322 
0.060261 0.127001 0.099623 0.097123 0.084397 0.067933 0.051930 0.038703 0.028933 0.021854 0.016531 0.012339 0.009039 0.006490 0.004594 0.003245 0.002440 0.002047 0.001902 0.001763 0.001530 0.001280 0.001059 0.000859 0.000666 0.000505 
409.439228 410.320828 411.251833 412.099038 412.719280 413.113429 413.314666 413.353039 413.343359 413.274065 413.138281 413.007950 413.061454 413.361895 413.930545 414.512442 414.563382 414.162556 413.249091 412.397852 411.579038 410.758971 409.996337 408.982987 407.673179 406.301153 
0.003498 0.003407 0.003023 0.002484 0.001727 0.000912 0.000486 0.000373 0.000323 0.000248 0.000164 0.000110 0.000090 0.000066 0.000046 0.000035 0.000026 0.000028 0.000034 0.000035 0.000034 0.000034 0.000035 0.000033 0.000027 0.000023 
446.210928 448.220491 448.321098 446.305158 443.836812 442.078522 442.175756 443.489405 444.297599 445.200773 444.898525 443.976421 444.461921 444.040696 442.998273 443.998534 444.365983 443.271811 444.756309 447.258772 447.980691 447.413002 447.256012 446.653310 446.095650 445.308272 
0.006867 0.007813 0.006718 0.004448 0.002502 0.001443 0.000856 0.000605 0.000576 0.000505 0.000474 0.000465 0.000460 0.000467 0.000451 0.000444 0.000439 0.000421 0.000401 0.000405 0.000434 0.000447 0.000436 0.000422 0.000403 0.000357 
480.710130 479.798955 479.472151 480.382232 482.087225 480.374217 479.063007 478.143498 474.956058 476.134982 477.414955 477.740572 477.781911 477.570477 478.290067 478.786564 478.552051 478.302623 478.440063 478.271250 477.805031 477.896942 478.319343 478.406335 478.167038 477.823614 
0.047632 0.108815 0.076330 0.069568 0.053283 0.037112 0.025887 0.018200 0.011929 0.007101 0.004391 0.003045 0.002176 0.001295 0.000656 0.000420 0.000338 0.000262 0.000126 0.000088 0.000076 0.000110 0.000105 0.000075 0.000060 0.000081 
516.061336 517.455749 518.424551 519.026583 519.340988 519.457501 519.834175 520.346566 520.388620 519.645710 519.200646 519.822447 520.705890 520.377844 518.581171 518.329024 519.790688 520.795786 516.023690 512.531458 514.293726 520.406217 519.255241 514.976228 511.701945 507.281994 
0.020831 0.050648 0.038610 0.032821 0.018637 0.009275 0.007345 0.009007 0.007580 0.004305 0.002669 0.002050 0.001966 0.001501 0.000990 0.000722 0.000587 0.000502 0.000407 0.000336 0.000297 0.000266 0.000225 0.000180 0.000141 0.000105 
530.205703 530.602827 530.749801 530.906535 532.063640 535.185033 535.397076 531.863180 531.611778 533.659927 534.572327 533.798785 531.723060 531.790863 533.086390 533.271054 532.553562 531.806197 531.789233 532.006874 532.019245 531.932234 532.018152 532.583072 533.635980 534.530204 
0.005463 0.005367 0.003921 0.002431 0.001760 0.001283 0.000869 0.000621 0.000520 0.000510 0.000510 0.000477 0.000402 0.000334 0.000331 0.000367 0.000367 0.000302 0.000223 0.000199 0.000227 0.000240 0.000198 0.000129 0.000122 0.000157 
581.676949 582.652118 583.674349 582.659614 581.313291 581.360114 584.693384 585.935631 585.745508 586.085780 586.597870 586.568522 585.863718 584.855145 585.373236 586.375659 586.528260 585.834663 584.538548 584.885132 586.546518 587.125305 586.751335 584.523222 583.458552 582.950123 
0.003977 0.004392 0.003489 0.001958 0.001108 0.000825 0.000660 0.000337 0.000255 0.000275 0.000448 0.000503 0.000440 0.000384 0.000406 0.000507 0.000559 0.000510 0.000444 0.000430 0.000460 0.000485 0.000455 0.000397 0.000373 0.000363 
598.042986 598.334399 598.570732 598.754742 597.849746 597.060669 597.022544 598.674139 598.971955 598.596624 596.168026 596.416718 598.007791 599.414374 599.340102 597.833547 597.222569 597.908915 599.068270 599.196151 598.140932 597.197096 597.383166 598.445539 599.259703 599.526729 
0.002844 0.003260 0.002600 0.001430 0.000691 0.000414 0.000287 0.000174 0.000101 0.000076 0.000063 0.000050 0.000054 0.000062 0.000052 0.000034 0.000029 0.000032 0.000032 0.000034 0.000035 0.000029 0.000022 0.000020 0.000020 0.000031 
625.126255 625.167508 625.722290 627.284389 627.386218 624.007678 621.920209 622.796630 624.405411 624.539103 624.041657 623.719251 624.460885 624.674899 623.772280 621.454764 622.128885 625.294254 627.235349 627.174487 626.706920 627.351214 627.283326 624.086736 619.448306 618.417729 
0.007121 0.007745 0.006247 0.003710 0.001615 0.000566 0.000260 0.000140 0.000097 0.000102 0.000085 0.000085 0.000093 0.000092 0.000081 0.000065 0.000057 0.000060 0.000062 0.000061 0.000060 0.000061 0.000064 0.000066 0.000070 0.000073 
645.626974 644.589027 643.435588 642.270610 642.396372 643.995038 646.008251 640.883210 637.278496 643.842062 639.433248 636.410434 637.363153 638.370603 638.899626 638.355522 637.441367 638.346799 639.804657 641.409753 643.616528 646.308501 647.568794 646.958541 644.335756 642.340239 
0.004121 0.003612 0.002225 0.001026 0.000458 0.000272 0.000192 0.000141 0.000141 0.000095 0.000076 0.000050 0.000047 0.000036 0.000036 0.000038 0.000035 0.000028 0.000023 0.000025 0.000034 0.000041 0.000041 0.000036 0.000036 0.000048 
682.676179 683.514631 685.138352 686.163266 683.658367 681.167336 685.294959 689.769378 686.158285 685.224134 682.284467 683.164827 682.410111 682.680805 682.772050 682.252183 681.387586 681.249144 679.837138 677.683031 678.776382 680.643515 680.961852 679.182708 677.009647 677.364453 
0.005414 0.005322 0.003798 0.001938 0.000916 0.000613 0.000579 0.000541 0.000510 0.000485 0.000478 0.000472 0.000450 0.000434 0.000435 0.000443 0.000432 0.000414 0.000415 0.000435 0.000452 0.000453 0.000449 0.000446 0.000435 0.000399 
725.901247 726.812212 727.656725 728.110121 725.415839 723.175399 720.673693 718.804639 718.102151 718.160118 718.411667 718.244743 717.981474 717.959645 717.939336 717.934021 717.973476 717.936323 717.841942 717.769474 718.003529 718.404523 718.549360 718.397582 718.152613 718.232418 
0.021369 0.043642 0.033019 0.030658 0.025036 0.019019 0.014005 0.010169 0.007329 0.005275 0.003804 0.002738 0.001958 0.001396 0.000991 0.000708 0.000513 0.000381 0.000280 0.000210 0.000164 0.000133 0.000103 0.000074 0.000060 0.000064 
791.170572 790.349368 789.933675 789.785437 789.869163 789.968536 790.021106 790.036918 790.067451 790.114085 790.154512 790.143188 790.030533 790.000616 790.134801 790.135982 790.019463 790.060478 790.692004 791.057507 790.654006 789.726091 789.587362 791.168027 791.292750 790.467908 
0.004642 0.004118 0.002568 0.001044 0.000510 0.000403 0.000396 0.000392 0.000388 0.000398 0.000407 0.000401 0.000387 0.000378 0.000376 0.000375 0.000375 0.000375 0.000371 0.000365 0.000367 0.000378 0.000389 0.000391 0.000381 0.000349 
843.055517 843.539595 843.798028 843.405100 842.084261 841.829408 840.506324 839.158793 837.967357 837.636129 837.864374 837.919051 837.603053 837.243039 837.092214 837.271843 837.708427 838.032628 837.994504 837.651257 837.348820 837.173878 837.272985 837.405273 837.531591 837.799381 
0.008793 0.008869 0.006670 0.003887 0.001944 0.000828 0.000324 0.000224 0.000172 0.000164 0.000119 0.000128 0.000120 0.000078 0.000072 0.000084 0.000081 0.000088 0.000102 0.000084 0.000064 0.000056 0.000050 0.000042 0.000046 0.000062 
868.300368 867.879633 867.746670 869.112158 872.172188 872.817276 867.506167 870.467358 873.571994 871.518966 871.075528 873.454776 876.158909 871.615081 871.012957 871.986014 871.072293 871.432047 872.924496 870.086713 867.443181 867.343002 867.288180 867.287515 868.462947 870.068912 
0.005014 0.004982 0.003889 0.002889 0.002257 0.001797 0.001386 0.001134 0.000986 0.000854 0.000725 0.000612 0.000507 0.000411 0.000335 0.000283 0.000252 0.000236 0.000219 0.000189 0.000154 0.000129 0.000108 0.000082 0.000061 0.000057 
892.905565 893.386836 894.066383 893.629971 892.478351 891.575272 891.841796 892.271838 892.500181 892.619635 892.551094 892.258802 891.902234 891.650704 891.537339 891.587868 891.699978 891.755187 891.864125 891.990469 892.110519 892.480917 893.095817 892.895427 891.070719 890.205495 
0.028744 0.051992 0.042590 0.039397 0.033640 0.027767 0.022544 0.017865 0.013830 0.010609 0.008203 0.006407 0.005000 0.003815 0.002904 0.002334 0.001990 0.001751 0.001425 0.001042 0.000800 0.000721 0.000739 0.000688 0.000539 0.000356 
946.308032 946.148788 946.369691 946.668736 946.764630 946.783100 946.818397 946.805942 946.676556 946.504305 946.396627 946.333469 946.264712 945.957345 945.551372 945.626244 946.146362 947.102272 947.471146 946.960770 946.822631 947.784048 949.429247 950.552934 951.482808 952.601391 
0.014936 0.015960 0.013588 0.010315 0.007952 0.006353 0.004977 0.003719 0.002864 0.002306 0.001947 0.001658 0.001408 0.001179 0.000957 0.000744 0.000570 0.000455 0.000383 0.000334 0.000282 0.000227 0.000179 0.000144 0.000117 0.000101 
992.044251 992.082136 990.907522 989.238071 988.826854 989.464576 989.660702 989.260006 989.102087 989.277744 989.857522 990.214574 990.352926 990.326636 990.076237 989.633812 989.301639 989.359730 989.625393 990.067694 990.338005 990.167903 989.639223 989.166881 989.331806 989.806981 
0.004052 0.003819 0.002758 0.001827 0.001271 0.000926 0.000575 0.000254 0.000125 0.000112 0.000095 0.000076 0.000058 0.000037 0.000027 0.000033 0.000032 0.000030 0.000031 0.000037 0.000039 0.000036 0.000033 0.000031 0.000028 0.000031 
1046.705734 1046.544931 1044.787780 1042.050221 1041.776363 1044.023387 1045.573079 1046.194635 1044.341718 1042.705307 1043.762479 1044.990543 1043.584340 1041.303944 1042.355625 1040.486340 1039.756716 1041.021353 1042.342702 1042.076925 1041.578190 1042.707635 1045.472812 1047.002922 1046.157772 1043.068919 
0.004643 0.004409 0.003056 0.001550 0.000674 0.000403 0.000328 0.000297 0.000221 0.000192 0.000184 0.000167 0.000129 0.000091 0.000079 0.000079 0.000074 0.000058 0.000041 0.000038 0.000038 0.000033 0.000034 0.000035 0.000045 0.000069 
1062.098798 1062.081848 1061.943152 1061.190178 1058.686421 1058.301877 1059.671327 1060.896570 1061.879028 1063.531515 1064.177216 1063.694991 1063.106740 1063.195942 1064.166513 1064.638209 1064.221985 1062.845999 1060.776547 1061.315418 1063.579844 1064.818416 1063.213987 1059.970564 1059.941790 1062.125147 
0.007645 0.007236 0.004839 0.002159 0.000760 0.000491 0.000423 0.000369 0.000380 0.000436 0.000488 0.000455 0.000371 0.000318 0.000306 0.000336 0.000346 0.000323 0.000296 0.000285 0.000291 0.000297 0.000290 0.000283 0.000284 0.000282 
1078.779066 1079.234454 1080.097002 1081.702632 1078.664602 1075.087271 1075.983515 1077.311245 1077.933216 1078.143267 1076.450854 1075.736244 1076.491507 1077.128134 1077.136093 1076.309773 1076.073660 1076.498913 1076.935333 1076.951836 1076.678930 1076.504976 1076.580998 1076.886852 1077.173605 1077.329228 
0.005888 0.005519 0.003688 0.001998 0.001085 0.000623 0.000240 0.000183 0.000214 0.000161 0.000090 0.000067 0.000103 0.000099 0.000066 0.000028 0.000015 0.000017 0.000036 0.000031 0.000013 0.000017 0.000023 0.000019 0.000032 0.000065 
1094.965273 1094.461456 1093.270832 1092.517482 1093.593526 1096.147992 1094.207440 1094.514698 1097.351008 1095.059734 1093.187722 1096.498427 1099.511575 1099.862464 1098.936988 1093.883142 1096.279125 1097.213271 1098.860915 1099.375879 1094.615154 1092.758698 1094.756535 1095.655764 1098.426837 1096.199993 
0.005939 0.005666 0.004019 0.002468 0.001780 0.001496 0.001280 0.001116 0.000998 0.000887 0.000795 0.000739 0.000689 0.000619 0.000539 0.000468 0.000417 0.000373 0.000333 0.000294 0.000259 0.000235 0.000220 0.000201 0.000175 0.000140 
1111.295720 1111.152826 1111.082848 1110.394708 1110.094239 1109.645463 1110.190361 1110.379889 1110.187612 1110.288609 1110.533963 1110.499392 1110.102136 1109.729223 1109.807835 1110.257372 1110.667727 1110.590440 1110.318853 1110.249486 1110.422982 1110.744483 1111.053964 1110.975056 1110.943662 1111.817576 
0.003150 0.002670 0.001675 0.000844 0.000415 0.000199 0.000133 0.000109 0.000087 0.000071 0.000070 0.000080 0.000077 0.000061 0.000045 0.000042 0.000049 0.000052 0.000052 0.000051 0.000048 0.000046 0.000049 0.000053 0.000058 0.000068 
1139.661516 1139.326249 1140.213421 1143.083684 1145.134652 1141.726663 1143.481779 1143.211766 1142.263744 1140.985527 1140.066571 1140.010995 1140.022114 1140.626181 1140.462125 1140.190173 1138.896274 1138.405962 1139.118805 1140.459147 1142.070203 1144.555127 1144.776343 1142.744669 1141.066287 1140.073881 
0.005496 0.005048 0.003609 0.002066 0.000968 0.000436 0.000307 0.000213 0.000180 0.000154 0.000143 0.000141 0.000125 0.000120 0.000132 0.000146 0.000142 0.000130 0.000123 0.000123 0.000125 0.000135 0.000148 0.000152 0.000150 0.000146 
1179.570136 1179.667763 1180.167763 1181.482787 1180.837428 1176.337067 1180.494228 1181.626940 1182.514090 1183.367688 1186.252911 1188.663029 1190.053715 1190.322944 1189.380115 1188.037808 1187.010044 1186.611735 1187.250431 1187.456278 1187.078156 1186.675110 1187.450522 1188.331890 1188.333649 1186.881418 
0.004474 0.003370 0.002598 0.002445 0.001889 0.001102 0.000731 0.000549 0.000442 0.000364 0.000309 0.000282 0.000277 0.000282 0.000279 0.000270 0.000266 0.000268 0.000270 0.000267 0.000262 0.000256 0.000256 0.000259 0.000250 0.000213 
1201.125238 1202.708417 1202.959310 1201.855525 1201.672868 1202.522939 1202.238763 1200.764905 1199.089801 1198.007666 1197.265775 1197.049409 1197.223582 1197.542017 1197.499879 1197.266138 1197.237995 1197.427536 1197.547290 1197.515935 1197.355405 1197.139936 1197.149981 1197.511342 1197.962393 1198.308684 
0.047021 0.102135 0.069295 0.056518 0.038129 0.024103 0.015401 0.009864 0.006503 0.004250 0.002781 0.001800 0.001172 0.000770 0.000501 0.000316 0.000200 0.000140 0.000105 0.000075 0.000051 0.000049 0.000048 0.000048 0.000047 0.000054 
1228.956371 1229.868687 1230.531195 1230.930361 1231.613234 1232.296636 1232.572283 1232.451365 1232.392865 1232.122704 1232.300307 1232.387848 1232.425566 1232.464012 1232.303296 1232.363453 1232.355347 1232.490155 1232.819610 1233.140432 1229.714601 1229.159539 1231.632381 1235.575164 1234.871936 1230.693818 
0.016013 0.040278 0.030873 0.028818 0.021967 0.014958 0.009738 0.006084 0.003669 0.002105 0.001178 0.000732 0.000553 0.000508 0.000509 0.000495 0.000469 0.000438 0.000399 0.000348 0.000289 0.000237 0.000198 0.000173 0.000151 0.000119 
1264.910294 1262.517436 1261.198965 1260.681757 1260.632736 1260.592592 1260.431677 1260.338364 1260.042607 1259.625851 1258.955371 1258.766596 1259.119477 1260.029075 1260.841971 1261.260436 1261.536011 1261.731979 1262.014182 1262.607955 1263.289839 1263.559863 1263.270144 1262.374302 1261.267519 1260.233233 
0.012348 0.012526 0.008508 0.003245 0.000000 0.000560 0.000137 0.000270 0.000140 0.000058 0.000075 0.000050 0.000049 0.000054 0.000035 0.000025 0.000030 0.000029 0.000033 0.000047 0.000043 0.000026 0.000024 0.000018 0.000023 0.000037 
1277.645234 1277.044879 1276.056670 1273.675727 1278.533936 1278.710620 1282.731714 1277.145408 1278.790628 1283.480421 1279.268050 1282.650317 1280.398651 1277.067685 1277.245462 1281.012788 1281.054124 1283.063818 1283.159944 1279.428138 1278.491748 1279.581829 1279.031500 1281.029853 1280.532837 1278.828464 
0.020799 0.023062 0.018929 0.012588 0.009066 0.008279 0.007994 0.007224 0.006339 0.005459 0.004688 0.004022 0.003492 0.003077 0.002727 0.002361 0.001988 0.001643 0.001355 0.001132 0.000976 0.000850 0.000728 0.000623 0.000545 0.000484 
1306.578778 1307.303118 1308.785797 1311.905535 1314.969026 1314.763264 1313.798025 1313.231950 1313.055624 1313.172210 1313.531624 1313.804516 1313.827839 1313.674187 1313.411356 1313.350601 1313.498183 1313.674516 1313.672591 1313.431459 1313.070428 1312.882662 1313.025724 1313.237296 1313.446008 1313.822358 
0.005130 0.004333 0.002626 0.001386 0.000864 0.000552 0.000358 0.000260 0.000174 0.000075 0.000030 0.000011 0.000056 0.000072 0.000058 0.000040 0.000023 0.000018 0.000027 0.000030 0.000025 0.000019 0.000013 0.000013 0.000014 0.000017 
1351.256089 1351.925786 1353.012546 1353.451711 1352.265714 1351.595579 1351.249656 1350.385899 1349.066863 1347.431018 1353.900146 1353.900146 1350.988862 1349.937951 1349.379537 1349.714260 1349.979947 1349.666100 1350.189436 1350.155070 1350.484683 1351.139010 1350.367861 1348.450381 1346.872454 1346.800814 
0.073115 0.153174 0.115913 0.107423 0.085403 0.062497 0.046580 0.036711 0.028758 0.020235 0.012952 0.008993 0.006955 0.005583 0.003809 0.002336 0.001651 0.001341 0.001017 0.000660 0.000517 0.000501 0.000454 0.000350 0.000245 0.000190 
1386.334389 1386.169252 1386.119862 1386.086569 1385.737147 1385.231879 1385.089698 1385.824930 1386.754674 1387.025256 1385.918254 1385.362091 1386.295858 1388.014855 1387.602440 1385.578764 1385.954210 1388.513022 1388.620126 1386.541119 1387.313796 1390.187636 1389.446809 1388.026160 1387.586242 1389.580162 
0.004377 0.004254 0.003637 0.002936 0.002030 0.000864 0.000414 0.000384 0.000379 0.000388 0.000240 0.000233 0.000245 0.000232 0.000261 0.000241 0.000230 0.000229 0.000202 0.000203 0.000222 0.000219 0.000222 0.000221 0.000215 0.000207 
1432.903398 1434.552694 1433.983937 1430.953436 1428.085580 1428.546646 1434.557477 1433.440123 1431.554973 1429.537536 1435.520622 1436.546761 1435.685232 1435.933698 1433.584840 1435.383549 1435.914907 1434.431185 1435.630704 1435.808543 1435.206386 1435.932324 1435.601026 1435.567091 1435.635258 1434.812590 
0.002813 0.002903 0.002200 0.001256 0.000650 0.000414 0.000295 0.000220 0.000179 0.000148 0.000127 0.000110 0.000094 0.000081 0.000070 0.000063 0.000064 0.000074 0.000082 0.000077 0.000066 0.000064 0.000065 0.000059 0.000048 0.000041 
1481.532371 1481.813826 1481.555917 1479.915039 1476.624174 1475.308447 1475.118167 1475.198863 1475.098298 1476.699125 1479.843066 1482.209170 1481.973329 1480.905371 1482.514773 1486.259623 1485.875266 1482.349271 1480.897234 1481.236414 1482.187671 1482.698329 1483.130606 1484.352716 1485.618364 1484.617427 
0.002220 0.001994 0.001247 0.000665 0.000478 0.000425 0.000334 0.000258 0.000206 0.000161 0.000117 0.000092 0.000078 0.000066 0.000054 0.000051 0.000057 0.000059 0.000046 0.000040 0.000038 0.000035 0.000023 0.000018 0.000024 0.000033 
1532.721050 1532.669713 1532.265749 1533.631300 1536.112826 1537.440685 1536.912547 1536.262748 1537.178858 1538.753225 1538.230241 1534.279286 1532.187547 1533.705774 1533.982949 1530.316852 1530.859713 1532.657664 1530.019410 1529.622229 1531.911913 1537.244723 1537.000210 1532.041690 1530.224891 1533.910589 
0.001879 0.002048 0.001702 0.001060 0.000527 0.000316 0.000248 0.000193 0.000187 0.000210 0.000217 0.000190 0.000152 0.000132 0.000132 0.000138 0.000148 0.000159 0.000172 0.000186 0.000196 0.000197 0.000191 0.000179 0.000165 0.000142 
1555.446167 1555.822134 1556.488814 1557.710404 1559.595307 1559.118324 1556.734384 1555.473429 1554.694783 1554.265344 1554.620388 1554.730958 1554.814067 1555.339062 1556.107552 1556.342022 1555.949360 1555.376847 1555.247518 1555.442569 1555.479456 1555.376565 1555.374910 1555.524273 1555.713953 1555.846435 
0.001831 0.002076 0.001946 0.001468 0.000856 0.000546 0.000440 0.000423 0.000384 0.000339 0.000289 0.000235 0.000189 0.000156 0.000132 0.000115 0.000105 0.000093 0.000078 0.000063 0.000051 0.000046 0.000050 0.000054 0.000051 0.000040 
1584.220954 1584.064096 1582.772408 1580.903792 1579.295939 1578.258543 1577.954783 1578.172575 1577.757244 1576.956889 1576.311798 1575.982516 1576.167317 1576.841527 1577.187973 1576.774602 1576.532774 1576.332534 1575.728976 1575.720203 1576.252870 1576.968095 1578.821996 1580.566366 1581.354472 1582.293029 
0.001521 0.001334 0.000793 0.000287 0.000110 0.000098 0.000089 0.000079 0.000067 0.000050 0.000035 0.000030 0.000034 0.000036 0.000029 0.000024 0.000026 0.000022 0.000021 0.000031 0.000041 0.000040 0.000035 0.000029 0.000025 0.000023 
1607.988465 1607.928907 1607.900776 1608.052342 1607.928162 1607.651597 1607.741256 1607.529783 1607.829607 1608.370888 1608.639666 1608.069633 1607.908234 1607.665483 1606.608708 1606.197237 1608.045276 1610.398509 1611.722176 1610.153595 1609.550119 1609.838302 1609.837225 1608.480700 1606.737514 1606.386270 
0.002914 0.002645 0.001684 0.000759 0.000317 0.000247 0.000161 0.000132 0.000121 0.000094 0.000082 0.000060 0.000054 0.000049 0.000052 0.000058 0.000057 0.000050 0.000045 0.000051 0.000057 0.000054 0.000043 0.000038 0.000043 0.000061 
1643.085510 1643.144598 1643.035573 1644.569000 1647.704154 1649.855776 1644.915068 1644.565257 1645.976377 1643.851761 1644.909927 1642.738681 1644.317785 1643.551710 1644.657316 1645.245399 1645.534765 1648.080976 1650.684108 1651.607111 1653.039349 1653.116293 1652.996452 1649.894277 1644.986791 1642.556524 
0.001981 0.001893 0.001321 0.000704 0.000399 0.000320 0.000286 0.000284 0.000261 0.000221 0.000179 0.000147 0.000135 0.000136 0.000144 0.000154 0.000161 0.000161 0.000158 0.000157 0.000161 0.000162 0.000150 0.000129 0.000115 0.000105 
1676.617461 1676.402739 1675.766802 1674.041619 1671.653038 1671.229878 1671.855099 1672.702147 1673.851324 1674.852503 1676.060587 1676.192351 1675.771986 1675.083450 1674.386513 1674.283442 1674.830554 1675.481201 1675.773997 1675.556153 1674.954385 1674.575523 1674.367866 1674.500231 1675.137658 1675.876435 
0.000493 0.000409 0.000260 0.000157 0.000126 0.000110 0.000087 0.000075 0.000062 0.000058 0.000053 0.000046 0.000037 0.000029 0.000023 0.000020 0.000018 0.000016 0.000017 0.000019 0.000018 0.000016 0.000022 0.000032 0.000038 0.000036 
1715.417088 1715.224220 1715.505578 1716.417995 1716.370232 1715.870665 1715.282040 1715.502420 1715.135137 1715.066830 1714.971121 1714.864177 1714.791937 1715.144548 1715.611386 1715.680199 1716.139554 1717.709165 1718.239783 1717.526248 1717.883872 1719.286972 1718.098695 1716.462371 1715.937521 1716.112996 
0.001132 0.001157 0.000918 0.000606 0.000374 0.000264 0.000224 0.000168 0.000109 0.000072 0.000069 0.000069 0.000063 0.000053 0.000044 0.000040 0.000039 0.000038 0.000037 0.000038 0.000037 0.000033 0.000029 0.000028 0.000027 0.000033 
1737.350194 1738.582273 1739.270235 1738.286084 1735.384212 1733.780503 1733.848889 1733.935426 1734.798883 1735.833116 1735.426671 1734.876065 1734.196129 1733.131040 1732.540907 1734.511427 1736.937478 1736.548361 1734.060741 1732.391615 1732.469284 1733.509253 1735.163030 1736.019857 1734.366080 1731.722223 
0.001753 0.001790 0.001406 0.000924 0.000622 0.000411 0.000289 0.000235 0.000190 0.000142 0.000111 0.000094 0.000079 0.000066 0.000066 0.000072 0.000072 0.000065 0.000056 0.000054 0.000063 0.000059 0.000048 0.000044 0.000051 0.000052 
1766.011582 1765.044329 1765.806405 1769.761096 1774.666653 1774.276802 1773.156997 1773.753081 1772.575596 1769.463280 1767.935005 1768.158194 1767.679646 1768.317872 1772.689909 1777.020065 1780.214721 1781.668509 1778.790050 1773.038244 1771.068949 1768.947183 1767.589951 1771.701200 1775.383970 1775.019538 
0.001097 0.000990 0.000662 0.000375 0.000245 0.000183 0.000154 0.000132 0.000114 0.000096 0.000078 0.000064 0.000056 0.000049 0.000046 0.000045 0.000044 0.000046 0.000044 0.000045 0.000053 0.000050 0.000039 0.000036 0.000041 0.000058 
1814.691089 1815.610916 1816.651855 1816.030036 1813.639195 1813.344818 1812.873494 1813.219425 1813.598036 1813.601866 1813.448622 1813.782128 1814.356270 1814.827187 1814.907598 1815.457908 1815.719660 1814.852084 1814.885951 1813.841795 1810.595982 1810.191209 1812.805098 1813.372154 1810.022430 1807.979925 
0.001331 0.001239 0.000838 0.000434 0.000257 0.000202 0.000158 0.000130 0.000110 0.000099 0.000102 0.000101 0.000085 0.000062 0.000047 0.000040 0.000037 0.000039 0.000045 0.000049 0.000047 0.000040 0.000034 0.000038 0.000050 0.000060 
1833.808444 1833.445819 1833.127062 1833.664073 1835.612371 1834.988761 1834.135433 1834.335927 1834.423659 1833.889466 1834.255794 1834.943449 1834.848220 1833.684417 1832.392906 1832.297946 1833.851980 1836.829183 1838.153795 1838.041504 1837.755748 1837.822956 1835.332732 1830.825250 1830.212006 1831.210146 
0.001555 0.001428 0.000963 0.000509 0.000318 0.000274 0.000240 0.000204 0.000172 0.000147 0.000128 0.000114 0.000098 0.000081 0.000067 0.000056 0.000048 0.000045 0.000044 0.000041 0.000044 0.000056 0.000062 0.000056 0.000050 0.000060 
1869.769995 1870.506168 1871.626602 1872.606454 1870.968924 1869.445407 1868.169335 1867.395948 1867.848246 1869.166990 1869.621438 1868.943529 1868.246641 1868.027757 1868.597315 1870.291888 1873.140545 1875.090657 1874.944317 1874.165187 1872.619418 1870.594012 1869.331970 1868.298488 1867.129241 1867.732362 
0.001277 0.001098 0.000785 0.000635 0.000553 0.000456 0.000342 0.000244 0.000187 0.000169 0.000160 0.000150 0.000136 0.000122 0.000118 0.000130 0.000143 0.000145 0.000134 0.000117 0.000104 0.000103 0.000107 0.000114 0.000121 0.000125 
1914.235377 1913.863537 1911.383285 1909.043851 1910.024074 1911.622959 1912.026165 1910.980021 1910.441171 1911.509714 1912.441534 1912.686293 1912.424147 1912.102340 1912.188609 1912.652380 1913.176164 1913.592060 1913.968935 1914.235074 1913.837482 1913.132505 1913.032204 1913.690095 1913.790904 1912.978130 
0.002438 0.002086 0.001251 0.000598 0.000421 0.000367 0.000296 0.000228 0.000178 0.000147 0.000126 0.000110 0.000095 0.000080 0.000070 0.000065 0.000066 0.000065 0.000059 0.000047 0.000035 0.000030 0.000028 0.000025 0.000026 0.000035 
1936.807182 1936.366063 1935.378709 1934.745744 1935.709762 1935.221647 1934.486985 1934.766561 1935.313111 1935.599983 1935.416914 1935.287589 1935.615873 1936.188708 1936.676393 1936.910143 1937.200271 1937.571725 1938.085243 1938.836276 1939.113282 1938.030335 1936.085072 1932.773160 1933.348949 1937.206943 
0.011366 0.033071 0.028116 0.023903 0.020322 0.017277 0.015161 0.011292 0.007414 0.005542 0.004844 0.005188 0.005111 0.004394 0.003317 0.002354 0.001843 0.001656 0.001633 0.001518 0.001287 0.001004 0.000776 0.000643 0.000561 0.000497 
1972.996722 1973.232926 1974.095498 1975.026956 1975.494775 1975.717774 1975.520453 1974.884588 1973.718092 1972.909576 1972.726180 1973.781809 1974.213860 1974.026406 1973.097426 1971.698189 1971.142473 1971.581308 1972.654819 1973.093411 1972.949593 1972.188627 1971.399578 1971.214565 1971.334410 1971.901330 
0.003538 0.003479 0.002435 0.001234 0.000742 0.000597 0.000491 0.000433 0.000303 0.000327 0.000273 0.000215 0.000232 0.000179 0.000173 0.000161 0.000127 0.000133 0.000125 0.000116 0.000113 0.000101 0.000098 0.000102 0.000111 0.000131 
2034.497011 2034.313634 2034.188435 2034.611413 2034.257142 2033.874352 2034.661088 2032.875643 2034.698793 2034.225270 2032.947653 2034.555331 2033.771413 2033.471971 2034.056052 2033.674809 2033.849087 2033.879139 2033.688096 2033.702570 2033.799738 2034.166125 2034.800234 2035.562501 2036.094579 2035.881374 
0.006240 0.005674 0.003570 0.001563 0.000781 0.000669 0.000640 0.000432 0.000411 0.000381 0.000268 0.000263 0.000224 0.000157 0.000153 0.000122 0.000090 0.000090 0.000075 0.000065 0.000058 0.000038 0.000036 0.000047 0.000083 0.000152 
2045.250114 2045.178328 2045.094271 2044.906010 2045.230252 2044.942019 2044.191074 2045.204899 2044.506700 2044.171963 2045.489269 2044.482559 2044.300637 2045.100468 2044.112479 2044.391546 2045.293154 2044.296065 2044.316387 2044.256759 2044.098935 2045.680246 2045.139365 2041.070131 2041.284976 2043.247789 
0.107930 0.203169 0.175212 0.173435 0.156528 0.134295 0.112661 0.094282 0.079746 0.068185 0.058412 0.049285 0.040714 0.033243 0.027349 0.022884 0.019399 0.016401 0.013631 0.011131 0.009047 0.007431 0.006218 0.005278 0.004457 0.003626 
2081.875631 2081.860810 2081.858014 2081.823554 2081.775929 2081.812416 2081.924843 2082.064134 2082.104962 2082.004542 2081.820248 2081.754664 2081.873584 2082.083296 2082.189154 2082.129178 2081.944343 2081.786197 2081.788656 2081.937812 2082.103896 2082.158902 2082.066035 2081.916484 2081.759330 2081.721978 
0.005167 0.004098 0.002239 0.001154 0.001032 0.000884 0.000725 0.000598 0.000506 0.000430 0.000370 0.000315 0.000261 0.000213 0.000175 0.000145 0.000123 0.000106 0.000092 0.000077 0.000063 0.000053 0.000049 0.000048 0.000068 0.000120 
2129.235009 2129.448998 2130.244536 2131.296539 2130.079783 2129.920264 2129.910078 2130.191171 2130.217264 2130.165291 2130.038183 2129.969025 2129.967839 2129.959241 2130.058532 2130.298115 2130.465977 2130.329792 2129.913393 2129.713580 2130.455801 2131.876498 2132.463773 2131.575680 2129.423326 2128.653387 
0.002841 0.002420 0.001538 0.000869 0.000613 0.000492 0.000402 0.000338 0.000294 0.000260 0.000229 0.000198 0.000168 0.000142 0.000125 0.000117 0.000112 0.000103 0.000091 0.000083 0.000080 0.000078 0.000075 0.000067 0.000055 0.000052 
2150.466780 2150.495976 2150.490773 2150.372896 2150.230739 2150.205998 2150.415397 2150.618032 2150.643412 2150.627977 2150.693518 2150.859015 2151.123836 2151.493414 2151.829289 2151.932865 2151.953424 2152.177996 2152.591308 2152.688544 2152.223976 2151.778811 2151.806281 2152.280536 2153.310036 2153.682195 
0.003714 0.003378 0.002188 0.001019 0.000553 0.000475 0.000394 0.000315 0.000261 0.000223 0.000189 0.000159 0.000132 0.000114 0.000101 0.000087 0.000071 0.000059 0.000052 0.000045 0.000034 0.000025 0.000024 0.000028 0.000041 0.000068 
2190.267792 2189.912190 2189.525370 2189.789270 2191.887767 2191.338078 2190.812051 2190.783175 2190.712314 2190.678805 2190.818016 2191.065234 2191.382805 2191.636891 2191.471561 2190.990143 2190.764527 2191.362514 2192.171537 2191.992345 2190.810645 2190.396239 2191.415913 2191.615553 2193.559406 2193.713790 
0.001997 0.001822 0.001197 0.000590 0.000344 0.000291 0.000247 0.000205 0.000177 0.000152 0.000131 0.000112 0.000094 0.000080 0.000067 0.000056 0.000049 0.000045 0.000041 0.000040 0.000043 0.000045 0.000042 0.000040 0.000041 0.000049 
2226.222843 2226.369712 2226.596059 2226.955241 2227.012136 2226.903573 2226.737015 2226.532680 2226.633899 2226.361639 2226.142993 2226.218338 2226.256145 2226.827532 2227.372709 2227.476535 2227.059721 2226.933381 2228.634676 2230.205513 2228.566483 2226.050649 2223.870593 2222.154534 2220.928044 2221.481527 
0.000666 0.000550 0.000367 0.000284 0.000241 0.000189 0.000152 0.000123 0.000105 0.000092 0.000078 0.000064 0.000054 0.000048 0.000044 0.000040 0.000037 0.000035 0.000030 0.000023 0.000020 0.000017 0.000015 0.000018 0.000028 0.000043 
2250.694581 2250.060969 2249.216022 2250.300034 2251.680905 2251.950757 2251.645906 2251.373174 2251.399379 2251.500128 2251.536804 2251.531165 2251.610969 2251.742707 2251.570736 2251.021219 2250.718894 2251.208743 2252.096859 2252.816852 2252.625303 2251.742418 2249.302261 2248.781834 2249.520206 2250.281555 
0.000758 0.000691 0.000522 0.000399 0.000330 0.000266 0.000214 0.000188 0.000170 0.000151 0.000135 0.000129 0.000126 0.000114 0.000097 0.000085 0.000080 0.000080 0.000077 0.000069 0.000063 0.000064 0.000071 0.000078 0.000086 0.000094 
2266.729699 2266.961709 2266.983055 2266.372220 2266.215139 2266.765284 2267.111884 2267.732812 2268.499410 2269.294757 2269.953669 2270.099070 2270.086802 2270.546721 2271.516141 2272.209008 2271.974155 2271.135467 2270.636155 2271.351649 2272.549684 2272.714546 2272.333539 2272.366365 2272.543854 2272.230885 
0.000661 0.000623 0.000486 0.000348 0.000269 0.000245 0.000203 0.000185 0.000163 0.000122 0.000101 0.000082 0.000067 0.000060 0.000052 0.000050 0.000052 0.000052 0.000051 0.000045 0.000039 0.000035 0.000036 0.000040 0.000043 0.000043 
2308.825854 2309.926545 2309.234985 2307.209356 2306.002216 2304.631573 2306.062068 2305.297990 2304.052188 2305.044252 2304.207368 2304.638350 2305.806107 2304.939407 2306.112458 2306.859559 2308.089283 2309.493728 2308.599240 2306.326698 2304.198036 2304.005521 2303.122073 2301.549883 2301.531831 2302.752558 
0.000660 0.000651 0.000516 0.000363 0.000276 0.000235 0.000197 0.000164 0.000135 0.000119 0.000106 0.000100 0.000096 0.000093 0.000087 0.000079 0.000071 0.000067 0.000062 0.000059 0.000063 0.000064 0.000056 0.000042 0.000029 0.000026 
2329.247452 2328.816435 2329.458571 2331.524854 2334.136408 2334.423585 2334.036173 2334.454361 2334.292571 2334.897977 2334.904207 2334.389336 2333.397927 2333.488576 2335.172138 2336.627450 2335.352775 2333.101973 2333.626663 2336.157404 2337.073216 2336.698926 2335.927269 2335.106448 2335.280805 2336.492053 
0.000491 0.000542 0.000465 0.000382 0.000282 0.000183 0.000196 0.000141 0.000107 0.000119 0.000097 0.000086 0.000078 0.000059 0.000052 0.000045 0.000039 0.000042 0.000041 0.000033 0.000032 0.000039 0.000048 0.000048 0.000042 0.000035 
2373.473267 2373.908051 2374.191609 2374.441304 2374.464571 2372.540866 2373.032048 2372.471228 2371.284646 2373.220641 2374.582776 2374.560919 2373.312978 2373.265647 2374.646130 2372.837796 2370.285492 2373.347987 2376.729893 2377.742570 2377.108705 2376.825955 2376.869299 2376.763085 2377.808862 2377.752718 
0.000296 0.000307 0.000297 0.000288 0.000259 0.000209 0.000175 0.000152 0.000135 0.000122 0.000111 0.000097 0.000082 0.000071 0.000070 0.000074 0.000070 0.000063 0.000066 0.000082 0.000096 0.000099 0.000090 0.000072 0.000055 0.000040 
2399.759329 2399.891891 2398.392244 2396.287551 2395.289124 2395.243349 2395.263823 2395.462525 2395.391396 2394.845846 2394.419049 2394.110199 2393.604002 2392.857174 2393.154447 2394.485642 2394.578405 2393.316310 2393.586368 2395.135532 2395.831367 2395.830269 2395.419458 2394.322971 2393.901360 2394.886909 
0.001057 0.003130 0.002615 0.002184 0.001824 0.001724 0.001434 0.001112 0.000861 0.000687 0.000564 0.000470 0.000392 0.000318 0.000251 0.000198 0.000164 0.000141 0.000122 0.000102 0.000081 0.000061 0.000042 0.000033 0.000033 0.000032 
2444.104244 2446.051054 2451.496626 2454.983862 2455.783265 2456.137365 2456.562404 2457.089019 2457.393777 2457.429731 2457.292611 2457.017195 2456.653210 2456.483008 2456.562848 2456.362184 2455.512292 2454.540892 2453.935750 2453.679143 2452.916072 2450.395286 2446.206665 2445.094693 2447.669093 2447.626263 
0.000895 0.001733 0.001412 0.001358 0.001022 0.000719 0.000522 0.000394 0.000303 0.000257 0.000211 0.000156 0.000119 0.000096 0.000083 0.000073 0.000064 0.000053 0.000041 0.000031 0.000026 0.000023 0.000025 0.000029 0.000032 0.000034 
2470.114772 2469.795660 2468.137484 2466.075023 2464.117905 2463.364672 2463.450930 2463.459408 2463.188303 2463.514901 2463.721259 2463.350313 2463.358570 2463.365323 2463.431838 2463.513317 2463.624770 2463.878160 2463.799832 2463.757826 2463.948958 2463.571510 2463.999144 2465.121855 2465.845702 2466.520922 
0.018527 0.039841 0.032364 0.032323 0.028906 0.024068 0.019211 0.014996 0.011609 0.008935 0.006847 0.005274 0.004104 0.003199 0.002459 0.001897 0.001482 0.001164 0.000896 0.000703 0.000567 0.000453 0.000342 0.000268 0.000222 0.000174 
2497.411806 2496.883342 2496.507218 2496.331648 2496.332507 2496.340355 2496.292489 2496.161428 2496.047868 2496.031036 2496.150615 2496.316026 2496.479982 2496.564301 2496.411678 2496.362148 2496.483633 2496.683816 2496.503284 2496.471283 2496.769768 2497.138198 2496.936831 2497.127692 2498.253248 2499.124024 
0.000923 0.000727 0.000378 0.000213 0.000162 0.000141 0.000141 0.000079 0.000087 0.000056 0.000050 0.000043 0.000034 0.000039 0.000033 0.000028 0.000019 0.000016 0.000019 0.000021 0.000024 0.000026 0.000027 0.000026 0.000027 0.000029 
2538.542795 2538.276281 2537.737062 2539.406492 2539.744794 2539.768412 2539.921636 2538.532236 2540.417378 2538.757162 2539.130199 2539.199465 2538.565946 2539.770567 2538.848089 2538.540626 2537.023033 2537.063789 2538.589421 2539.692974 2540.708042 2541.211493 2541.342364 2540.747027 2539.699293 2539.203528 
0.000811 0.000624 0.000363 0.000262 0.000206 0.000168 0.000157 0.000111 0.000112 0.000086 0.000084 0.000072 0.000053 0.000044 0.000032 0.000032 0.000029 0.000029 0.000029 0.000031 0.000039 0.000044 0.000042 0.000036 0.000034 0.000037 
2553.797322 2553.515103 2554.124692 2554.164545 2554.682551 2553.702599 2552.856466 2555.322273 2552.762939 2554.979511 2554.181828 2554.182842 2555.217779 2553.042240 2554.321357 2554.080790 2555.491992 2556.950453 2557.840706 2556.852089 2553.792170 2552.472555 2552.456283 2554.323688 2557.095374 2557.084714 
0.008363 0.010214 0.009888 0.008504 0.006978 0.005712 0.004579 0.003688 0.002918 0.002239 0.001761 0.001411 0.001118 0.000914 0.000758 0.000619 0.000506 0.000411 0.000321 0.000254 0.000211 0.000182 0.000150 0.000114 0.000091 0.000083 
2597.043640 2596.834878 2596.463487 2596.514721 2596.726021 2596.804265 2596.756477 2596.905879 2596.740366 2596.022750 2595.691473 2595.556917 2595.017306 2594.838965 2594.817182 2594.716707 2594.754785 2594.884401 2594.932866 2595.138789 2595.861774 2597.071900 2597.665259 2596.162949 2592.451944 2591.058637 
0.002206 0.002174 0.001589 0.000793 0.000347 0.000276 0.000199 0.000201 0.000149 0.000122 0.000101 0.000103 0.000085 0.000079 0.000069 0.000064 0.000070 0.000085 0.000094 0.000092 0.000083 0.000077 0.000071 0.000063 0.000054 0.000054 
2643.101946 2642.655485 2640.511761 2636.714704 2636.573116 2637.715153 2637.741707 2639.276696 2637.351139 2637.569365 2635.805938 2636.120474 2634.125324 2634.623992 2634.267023 2634.015381 2634.661665 2635.695632 2635.785808 2634.770600 2633.549502 2633.111395 2633.699578 2634.927968 2637.504912 2639.876914 
0.006618 0.007938 0.006895 0.004347 0.002305 0.001376 0.001095 0.000713 0.000180 0.000084 0.000080 0.000186 0.000129 0.000038 0.000033 0.000036 0.000027 0.000045 0.000041 0.000023 0.000017 0.000012 0.000009 0.000016 0.000026 0.000036 
2654.413020 2654.900783 2655.538640 2656.392094 2656.633106 2656.443548 2656.302492 2655.662550 2652.149313 2650.656834 2651.162242 2655.623013 2655.222450 2650.029933 2650.725026 2651.566668 2650.524271 2653.647740 2652.889929 2650.782589 2652.867047 2653.789665 2650.511151 2654.316473 2654.811911 2653.250982 
0.023651 0.045069 0.038270 0.035289 0.030518 0.025965 0.021734 0.018291 0.015464 0.012971 0.010889 0.009040 0.007492 0.006205 0.005088 0.004176 0.003419 0.002795 0.002305 0.001904 0.001571 0.001294 0.001065 0.000882 0.000726 0.000575 
2689.728464 2689.867909 2690.520445 2691.223056 2691.261566 2691.002700 2691.003365 2690.962852 2690.896304 2690.924869 2690.859621 2690.916490 2690.920948 2690.848273 2690.900735 2690.898721 2690.889881 2690.924547 2690.912720 2690.931026 2690.907174 2690.861924 2690.980251 2691.087768 2691.075378 2690.963121 
0.000452 0.001168 0.000959 0.000787 0.000664 0.000540 0.000453 0.000362 0.000283 0.000216 0.000160 0.000113 0.000076 0.000054 0.000042 0.000032 0.000028 0.000031 0.000033 0.000029 0.000020 0.000016 0.000022 0.000026 0.000027 0.000031 
2728.306186 2728.688348 2731.274801 2733.292750 2734.810540 2735.136343 2734.430560 2733.864239 2733.143313 2732.460140 2732.182536 2732.354876 2732.471346 2732.328143 2732.199849 2732.334841 2732.319872 2731.651947 2731.649870 2732.301120 2732.616983 2730.075753 2729.801392 2729.827402 2729.882035 2731.170910 
0.003040 0.006144 0.004793 0.004630 0.004115 0.003463 0.002780 0.002120 0.001536 0.001064 0.000737 0.000518 0.000369 0.000246 0.000171 0.000136 0.000116 0.000090 0.000081 0.000086 0.000089 0.000082 0.000074 0.000073 0.000076 0.000077 
2767.237891 2768.008067 2768.338355 2768.029414 2767.782270 2767.710893 2767.516684 2767.130211 2766.872648 2766.909384 2766.765291 2765.860606 2764.530490 2764.519452 2765.179701 2765.230243 2763.772868 2762.610517 2762.991649 2762.667221 2760.699396 2758.469215 2759.030564 2763.348419 2767.879357 2771.814769 
0.000417 0.000439 0.000371 0.000269 0.000200 0.000146 0.000124 0.000113 0.000080 0.000069 0.000056 0.000049 0.000052 0.000046 0.000036 0.000033 0.000037 0.000045 0.000049 0.000047 0.000039 0.000031 0.000029 0.000032 0.000034 0.000033 
2820.234776 2819.844761 2818.726904 2817.450335 2817.602864 2817.725301 2816.815443 2816.219674 2814.610189 2815.794284 2815.802824 2815.161927 2815.401042 2814.603224 2814.412732 2817.100171 2818.960192 2818.610367 2817.632457 2816.513322 2815.441405 2814.349343 2813.377022 2814.302719 2815.733374 2816.597270 
0.000463 0.000551 0.000517 0.000366 0.000213 0.000143 0.000118 0.000098 0.000077 0.000064 0.000058 0.000055 0.000050 0.000043 0.000038 0.000041 0.000044 0.000039 0.000029 0.000022 0.000020 0.000021 0.000026 0.000028 0.000025 0.000020 
2834.884230 2837.507556 2840.033430 2841.392674 2840.133482 2837.300081 2836.554881 2836.598503 2836.862591 2837.139015 2838.044664 2839.098774 2839.531801 2839.416296 2838.537560 2836.858085 2836.103326 2836.548706 2837.813609 2837.309069 2835.867723 2836.705557 2837.867509 2836.644341 2835.303685 2835.591995 
0.000899 0.001838 0.001400 0.001008 0.000405 0.000215 0.000211 0.000117 0.000051 0.000038 0.000033 0.000056 0.000062 0.000049 0.000035 0.000023 0.000018 0.000018 0.000020 0.000021 0.000024 0.000026 0.000026 0.000026 0.000024 0.000022 
2855.113794 2854.525684 2854.027848 2853.495254 2851.190536 2851.470768 2854.247315 2854.062285 2850.897812 2851.911096 2851.360945 2852.830506 2852.528521 2852.121438 2852.981913 2854.663939 2854.837459 2853.648291 2853.234401 2853.562957 2853.407152 2852.654302 2851.841829 2852.036234 2853.208689 2853.913635 
0.007651 0.022532 0.017120 0.013007 0.012731 0.011386 0.009501 0.007529 0.005692 0.004148 0.002929 0.001999 0.001325 0.000890 0.000619 0.000445 0.000318 0.000227 0.000160 0.000113 0.000084 0.000072 0.000067 0.000062 0.000057 0.000052 
2869.963887 2868.988452 2868.899929 2869.781471 2870.697877 2871.093352 2871.156083 2871.137315 2871.168127 2871.217963 2871.290381 2871.411880 2871.580631 2871.522105 2871.341440 2871.081650 2871.098059 2871.343307 2871.703087 2871.763168 2871.098246 2870.173318 2870.487871 2871.868891 2872.146345 2870.527961 
0.020621 0.043519 0.029954 0.026105 0.019296 0.013021 0.008521 0.005508 0.003586 0.002337 0.001550 0.001081 0.000795 0.000570 0.000369 0.000219 0.000127 0.000076 0.000044 0.000030 0.000025 0.000026 0.000030 0.000032 0.000032 0.000028 
2899.984638 2900.133174 2900.123771 2900.086617 2900.144969 2900.110705 2900.060250 2900.141592 2900.150852 2899.937827 2900.126966 2900.596589 2901.464245 2901.569413 2901.378879 2901.127435 2901.421331 2901.706799 2901.036420 2898.713190 2899.258848 2900.781910 2901.133285 2900.502679 2900.079607 2900.582697 
0.008098 0.008414 0.006206 0.002977 0.000355 0.000196 0.000205 0.000104 0.000135 0.000192 0.000170 0.000165 0.000151 0.000096 0.000044 0.000028 0.000029 0.000034 0.000037 0.000039 0.000044 0.000050 0.000050 0.000042 0.000033 0.000024 
2916.763815 2915.825254 2914.791180 2913.694232 2917.799476 2924.276524 2918.328469 2923.345209 2916.958519 2915.749136 2919.035064 2919.159019 2916.717380 2915.069365 2916.197269 2921.455398 2924.567584 2925.032570 2925.910493 2927.352942 2927.217389 2926.607180 2926.314322 2925.474989 2923.169650 2920.301844 
0.001900 0.001707 0.001098 0.000509 0.000226 0.000141 0.000108 0.000095 0.000082 0.000072 0.000055 0.000043 0.000032 0.000027 0.000029 0.000032 0.000033 0.000032 0.000031 0.000037 0.000048 0.000053 0.000049 0.000045 0.000041 0.000031 
2949.035549 2948.440966 2947.631087 2947.234039 2950.491697 2952.023068 2951.707092 2950.576599 2950.051946 2952.160282 2954.285996 2954.682290 2954.988547 2956.014831 2954.643197 2952.751425 2950.975664 2950.418568 2953.006364 2954.473080 2952.828581 2952.021918 2952.952539 2954.312574 2954.514977 2954.292850 
0.000985 0.000959 0.000705 0.000433 0.000263 0.000183 0.000132 0.000087 0.000062 0.000062 0.000060 0.000048 0.000038 0.000031 0.000024 0.000018 0.000013 0.000013 0.000021 0.000031 0.000034 0.000029 0.000020 0.000016 0.000018 0.000018 
2973.663194 2974.574654 2975.907533 2976.792876 2975.922422 2974.120288 2974.015790 2974.074246 2972.813896 2972.733548 2972.550477 2970.610689 2970.603452 2973.459067 2975.636699 2975.635213 2976.005328 2977.996198 2977.435155 2975.043589 2973.276424 2971.624124 2969.912685 2971.427325 2974.869370 2977.017099 
0.002163 0.003733 0.002857 0.002370 0.001653 0.000999 0.000529 0.000255 0.000130 0.000077 0.000058 0.000056 0.000061 0.000063 0.000062 0.000058 0.000052 0.000039 0.000028 0.000025 0.000030 0.000031 0.000030 0.000033 0.000038 0.000040 
3025.320395 3023.826188 3022.758555 3022.399579 3022.748279 3023.479427 3024.223078 3025.332569 3026.873974 3027.656414 3028.531325 3028.493235 3027.177708 3027.644756 3026.663074 3022.916769 3020.714994 3023.250808 3026.286968 3023.943987 3020.904644 3020.851448 3023.979191 3025.384708 3023.532991 3020.963189 
0.000769 0.000837 0.000717 0.000515 0.000335 0.000204 0.000117 0.000072 0.000056 0.000051 0.000047 0.000039 0.000030 0.000028 0.000042 0.000059 0.000062 0.000051 0.000036 0.000033 0.000040 0.000047 0.000048 0.000047 0.000048 0.000049 
3070.280375 3070.731957 3072.273010 3075.216482 3078.121466 3078.441897 3077.166082 3074.341094 3071.126396 3070.304285 3072.042041 3072.414167 3070.808660 3075.156116 3077.080734 3076.224110 3075.873520 3075.650150 3073.162457 3069.382720 3068.584384 3069.182340 3069.609118 3069.266205 3068.622082 3068.418877 
0.000619 0.000651 0.000545 0.000391 0.000243 0.000126 0.000084 0.000079 0.000077 0.000070 0.000065 0.000070 0.000077 0.000076 0.000071 0.000065 0.000064 0.000062 0.000057 0.000052 0.000052 0.000054 0.000051 0.000050 0.000058 0.000060 
3107.132905 3106.508221 3104.673425 3102.109077 3101.465935 3104.789045 3107.803303 3107.887444 3108.543794 3107.396444 3104.259483 3103.503822 3105.086515 3106.881473 3107.989549 3109.245346 3110.687477 3110.582079 3108.239785 3105.695180 3105.609290 3107.214614 3108.361438 3107.614967 3106.750789 3107.222207 
0.000563 0.000495 0.000333 0.000193 0.000127 0.000089 0.000064 0.000050 0.000041 0.000036 0.000036 0.000041 0.000046 0.000050 0.000052 0.000050 0.000043 0.000034 0.000028 0.000028 0.000029 0.000031 0.000037 0.000044 0.000043 0.000037 
3146.619021 3145.235478 3144.433427 3146.290424 3150.637201 3150.288882 3148.331389 3148.224242 3148.705133 3149.297500 3149.347732 3147.959364 3145.822400 3143.521028 3142.112488 3142.156538 3142.576495 3142.834412 3143.470356 3144.666372 3145.997723 3146.158201 3145.196748 3144.557828 3143.744604 3142.882633 
0.007953 0.016028 0.012565 0.012146 0.009948 0.006827 0.004029 0.002630 0.002074 0.001968 0.001638 0.001168 0.000845 0.000673 0.000583 0.000489 0.000372 0.000256 0.000179 0.000136 0.000109 0.000097 0.000082 0.000072 0.000064 0.000053 
3224.162161 3223.497857 3221.838440 3219.603276 3217.588820 3216.016441 3215.207583 3215.210651 3215.744725 3216.062453 3216.710917 3218.330434 3219.864681 3219.991097 3218.350848 3216.457748 3215.336623 3215.634947 3218.568007 3220.115439 3217.663016 3214.761404 3215.546951 3219.372402 3221.535879 3221.982937 
0.001172 0.004075 0.003332 0.002724 0.002227 0.002153 0.001871 0.001493 0.001114 0.000785 0.000517 0.000316 0.000179 0.000112 0.000085 0.000084 0.000091 0.000092 0.000092 0.000089 0.000084 0.000079 0.000073 0.000068 0.000068 0.000066 
3265.317649 3264.347739 3261.374732 3258.551312 3257.510433 3257.174079 3256.980009 3256.860241 3256.910441 3257.170382 3257.499308 3257.970247 3259.521396 3262.409610 3261.665864 3258.568589 3258.078896 3258.485463 3259.524667 3260.427170 3260.842737 3260.862404 3261.019389 3262.808293 3265.763081 3267.307201 
0.000595 0.000679 0.000669 0.000544 0.000361 0.000241 0.000171 0.000116 0.000086 0.000082 0.000078 0.000071 0.000066 0.000064 0.000060 0.000058 0.000061 0.000063 0.000056 0.000045 0.000041 0.000047 0.000052 0.000052 0.000048 0.000040 
3303.563837 3301.834340 3299.805803 3299.423484 3301.451667 3305.495214 3306.808257 3304.061419 3301.572580 3304.239088 3305.552031 3304.869027 3303.978616 3302.819304 3300.488312 3297.718180 3295.865342 3296.084557 3296.939856 3298.858224 3303.763639 3306.907436 3307.385456 3307.604589 3308.115912 3308.110999 
0.000898 0.001091 0.001034 0.000786 0.000496 0.000264 0.000127 0.000079 0.000076 0.000075 0.000072 0.000071 0.000067 0.000054 0.000039 0.000036 0.000038 0.000036 0.000033 0.000032 0.000031 0.000033 0.000037 0.000043 0.000046 0.000043 
3360.972405 3360.345923 3360.074618 3360.814916 3362.990357 3364.746198 3364.074357 3365.914570 3367.716961 3366.586595 3366.821605 3365.283910 3361.832193 3358.872734 3358.528395 3361.571214 3363.564456 3364.092297 3362.030138 3358.038849 3357.293913 3358.599169 3357.976927 3358.093574 3360.282586 3363.813831 
0.000733 0.001104 0.000937 0.000879 0.000795 0.000684 0.000554 0.000431 0.000319 0.000239 0.000188 0.000152 0.000117 0.000086 0.000066 0.000061 0.000063 0.000068 0.000068 0.000062 0.000058 0.000060 0.000064 0.000060 0.000051 0.000041 
3406.063496 3405.940677 3406.970637 3408.246274 3410.039875 3410.903674 3411.099349 3410.923355 3411.186109 3410.984868 3410.346150 3409.066111 3407.869367 3408.285972 3409.102169 3409.641210 3409.557123 3408.793640 3407.565232 3407.079334 3407.614658 3408.173723 3408.365174 3407.766806 3407.138012 3407.373692 
0.000406 0.000382 0.000312 0.000258 0.000228 0.000148 0.000077 0.000045 0.000036 0.000021 0.000017 0.000032 0.000033 0.000028 0.000024 0.000020 0.000022 0.000026 0.000022 0.000018 0.000021 0.000030 0.000036 0.000035 0.000030 0.000024 
3425.758027 3426.792778 3427.217657 3426.015642 3423.373351 3421.833382 3421.431896 3422.057879 3424.321172 3427.744119 3428.342672 3424.521360 3425.822050 3426.874118 3426.473130 3427.153617 3425.934535 3424.813459 3424.694709 3425.330768 3426.073638 3425.967334 3425.785652 3425.935120 3426.355926 3426.485286 
0.000968 0.001735 0.001372 0.001303 0.001087 0.000790 0.000487 0.000254 0.000157 0.000135 0.000157 0.000165 0.000143 0.000100 0.000061 0.000039 0.000030 0.000032 0.000036 0.000034 0.000034 0.000039 0.000049 0.000058 0.000056 0.000044 
3451.450840 3453.985480 3456.499661 3457.786215 3457.930912 3457.357700 3456.622589 3456.013161 3455.309269 3455.712057 3455.453191 3454.670618 3453.206962 3451.493698 3451.187114 3451.410256 3448.752211 3447.172774 3446.862999 3448.208025 3453.629155 3455.500854 3453.343114 3452.391809 3451.938081 3450.665615 
0.001494 0.001863 0.001847 0.001575 0.001228 0.000866 0.000545 0.000338 0.000207 0.000133 0.000092 0.000076 0.000073 0.000059 0.000039 0.000030 0.000031 0.000039 0.000042 0.000040 0.000037 0.000034 0.000030 0.000023 0.000017 0.000016 
3498.264646 3498.115951 3497.532756 3496.526607 3495.689922 3495.589545 3496.420292 3497.261748 3496.762228 3494.349825 3494.485575 3496.856183 3498.303096 3497.420103 3495.583065 3495.117348 3495.266517 3496.883929 3496.964869 3495.808619 3495.266367 3496.370659 3496.782556 3495.628719 3496.128748 3497.203362 
0.001715 0.003124 0.002396 0.002016 0.001502 0.001057 0.000698 0.000441 0.000263 0.000156 0.000103 0.000075 0.000048 0.000034 0.000033 0.000036 0.000035 0.000034 0.000038 0.000040 0.000037 0.000032 0.000030 0.000033 0.000039 0.000046 
3518.875981 3521.063470 3522.936814 3523.589109 3523.159066 3522.601063 3522.364858 3521.769448 3522.121851 3522.010957 3519.623885 3517.450720 3518.775688 3522.539618 3523.034088 3522.570090 3522.247784 3519.740254 3519.019787 3520.970569 3522.861237 3523.574186 3523.297357 3522.613145 3522.851211 3523.112166 
0.001176 0.002628 0.002085 0.001834 0.001388 0.000997 0.000715 0.000506 0.000372 0.000277 0.000210 0.000155 0.000109 0.000077 0.000057 0.000048 0.000045 0.000051 0.000057 0.000053 0.000037 0.000022 0.000018 0.000018 0.000025 0.000035 
3549.842257 3548.690827 3548.655676 3549.466076 3549.903877 3549.746323 3549.555170 3549.925500 3549.930759 3549.837137 3549.383852 3549.622178 3550.665280 3550.735775 3549.588587 3548.296830 3546.354530 3545.470324 3546.887146 3548.572950 3549.571900 3547.543956 3544.257675 3548.948898 3551.271586 3549.538885 
0.000513 0.000800 0.000675 0.000639 0.000510 0.000310 0.000148 0.000093 0.000080 0.000078 0.000073 0.000069 0.000064 0.000054 0.000044 0.000038 0.000041 0.000045 0.000047 0.000047 0.000044 0.000039 0.000037 0.000042 0.000043 0.000035 
3606.861799 3606.282584 3605.201214 3603.821475 3602.742515 3602.680780 3604.716110 3604.970659 3604.215482 3602.445541 3601.214858 3600.590968 3601.520419 3604.234817 3605.330069 3604.721597 3604.081972 3604.864088 3604.036960 3601.676654 3600.179922 3602.396694 3605.866162 3607.105958 3606.488781 3605.773385 
0.000379 0.000469 0.000436 0.000326 0.000227 0.000165 0.000119 0.000088 0.000065 0.000055 0.000050 0.000048 0.000046 0.000045 0.000044 0.000040 0.000033 0.000034 0.000044 0.000045 0.000041 0.000036 0.000030 0.000022 0.000020 0.000024 
3638.809259 3639.130388 3638.643131 3637.673183 3637.711293 3637.970896 3637.170485 3635.591451 3636.570877 3639.013410 3639.391536 3638.154189 3637.105128 3637.007418 3638.394570 3640.037669 3641.057781 3639.721623 3638.558232 3638.685038 3640.201826 3641.663796 3641.578710 3640.212443 3638.296074 3637.266834 
0.004427 0.005326 0.005041 0.003876 0.002528 0.001531 0.000995 0.000732 0.000574 0.000424 0.000281 0.000172 0.000118 0.000095 0.000086 0.000077 0.000065 0.000056 0.000049 0.000042 0.000035 0.000037 0.000048 0.000058 0.000060 0.000053 
3697.953085 3697.443710 3697.564176 3698.022300 3698.383605 3698.342907 3698.160451 3697.886937 3698.041399 3698.932197 3699.575726 3698.804587 3697.439299 3697.659862 3698.783228 3701.218752 3701.676213 3699.657552 3699.283690 3701.913758 3704.110498 3703.237150 3702.720207 3703.263937 3703.501628 3703.101932 
0.007285 0.008769 0.008149 0.005919 0.003509 0.001926 0.001052 0.000517 0.000255 0.000172 0.000164 0.000159 0.000147 0.000123 0.000086 0.000058 0.000050 0.000047 0.000047 0.000051 0.000053 0.000048 0.000041 0.000037 0.000040 0.000045 
3746.419986 3747.171713 3747.595789 3747.981426 3748.961383 3750.151672 3751.337457 3751.689519 3750.628224 3745.956666 3741.264156 3741.390417 3743.462481 3744.268112 3743.089641 3742.195871 3744.427632 3745.126473 3742.288499 3739.656452 3739.356113 3741.228741 3743.977456 3745.178045 3743.965652 3743.096548 
0.008726 0.016378 0.011727 0.009424 0.006284 0.003954 0.002486 0.001530 0.000956 0.000640 0.000421 0.000251 0.000144 0.000104 0.000095 0.000086 0.000069 0.000056 0.000050 0.000042 0.000035 0.000034 0.000039 0.000043 0.000042 0.000038 
3796.282255 3796.296734 3796.021686 3795.788773 3796.413768 3797.114180 3797.493308 3798.264156 3799.650378 3800.212328 3798.754161 3796.587185 3796.526688 3797.023411 3797.912529 3797.365691 3795.743974 3793.798970 3793.686854 3795.910557 3796.444482 3791.625185 3790.400312 3791.920160 3792.740500 3792.159312 
0.001193 0.001158 0.000847 0.000497 0.000267 0.000159 0.000123 0.000129 0.000115 0.000074 0.000044 0.000036 0.000046 0.000055 0.000056 0.000050 0.000045 0.000040 0.000032 0.000033 0.000038 0.000043 0.000040 0.000034 0.000028 0.000022 
3849.226888 3848.780657 3848.733758 3849.719377 3851.380816 3851.037846 3851.217111 3852.193569 3852.835542 3853.279798 3853.526083 3851.753477 3850.705113 3850.776586 3851.396485 3850.313034 3847.137368 3846.013892 3850.080147 3853.016392 3851.082943 3848.060124 3846.829766 3846.640955 3846.845298 3847.978257 
0.000775 0.000737 0.000596 0.000468 0.000393 0.000329 0.000260 0.000193 0.000129 0.000082 0.000053 0.000046 0.000043 0.000041 0.000042 0.000043 0.000041 0.000035 0.000029 0.000033 0.000041 0.000044 0.000038 0.000028 0.000019 0.000018 
3875.415662 3876.062734 3877.618868 3879.312901 3881.533992 3882.735452 3882.225902 3879.324245 3874.977838 3872.742982 3874.743260 3878.485237 3878.666778 3876.042990 3872.835026 3871.503011 3871.434856 3870.965163 3870.324252 3871.520177 3873.588016 3875.484082 3877.301417 3878.818623 3878.235173 3875.445687 
0.001542 0.001675 0.001413 0.000947 0.000520 0.000254 0.000133 0.000109 0.000099 0.000088 0.000069 0.000056 0.000046 0.000043 0.000043 0.000046 0.000045 0.000041 0.000037 0.000035 0.000034 0.000036 0.000039 0.000038 0.000030 0.000023 
3924.183832 3925.414747 3926.430477 3927.148085 3927.350954 3926.807065 3923.302449 3920.604069 3920.052312 3920.789622 3918.419386 3916.561808 3916.729260 3920.553129 3920.955259 3917.964498 3915.580440 3914.986936 3914.860534 3914.947121 3917.162182 3920.200332 3921.247707 3919.970618 3917.037063 3915.449016 
0.002041 0.002199 0.001831 0.001210 0.000647 0.000297 0.000168 0.000130 0.000115 0.000101 0.000076 0.000058 0.000052 0.000056 0.000056 0.000047 0.000036 0.000030 0.000028 0.000030 0.000035 0.000038 0.000036 0.000034 0.000038 0.000041 
3940.719736 3939.085303 3937.499840 3936.467161 3936.259218 3938.016671 3943.801698 3943.762746 3942.705325 3941.544161 3943.405043 3945.010481 3942.472336 3942.013507 3945.492082 3949.016990 3949.719519 3947.593376 3946.625562 3944.462646 3942.803453 3941.959978 3942.709949 3945.132596 3947.502232 3948.166603 
0.000725 0.000879 0.000825 0.000624 0.000386 0.000190 0.000097 0.000054 0.000048 0.000051 0.000084 0.000100 0.000083 0.000051 0.000028 0.000023 0.000022 0.000025 0.000029 0.000034 0.000038 0.000037 0.000033 0.000031 0.000031 0.000029 
3978.787867 3981.274289 3983.926302 3985.831486 3985.888722 3981.795661 3977.190134 3979.830855 3981.623887 3979.877096 3980.562521 3980.508643 3979.446636 3978.646195 3980.473971 3981.454691 3978.568925 3976.813984 3976.957603 3978.811316 3980.815420 3982.019256 3982.436875 3982.350982 3982.059907 3981.539470 
0.000551 0.001146 0.000857 0.000631 0.000464 0.000374 0.000320 0.000224 0.000135 0.000102 0.000093 0.000099 0.000083 0.000055 0.000032 0.000018 0.000010 0.000008 0.000011 0.000018 0.000019 0.000015 0.000011 0.000013 0.000015 0.000014 
3997.982384 3996.737483 3995.658525 3993.901140 3993.752341 3995.038454 3996.811585 3997.118127 3995.946836 3995.032948 3994.764418 3996.352711 3997.526414 3998.536595 3998.716840 3997.278959 3996.168897 3996.718594 3998.248513 3996.265287 3994.956471 3994.476503 3996.513252 3997.036064 3996.121135 3995.943302 
0.001760 0.002020 0.001716 0.001096 0.000633 0.000443 0.000358 0.000261 0.000162 0.000113 0.000100 0.000118 0.000122 0.000104 0.000078 0.000058 0.000045 0.000036 0.000027 0.000020 0.000015 0.000016 0.000017 0.000018 0.000018 0.000018 
4009.504381 4009.472559 4009.597619 4009.928660 4008.804312 4006.933657 4005.622812 4005.915399 4007.113759 4007.250004 4007.181048 4006.386173 4006.271086 4006.213061 4006.565593 4007.704930 4008.585358 4008.147880 4006.804700 4005.788962 4007.424398 4010.353265 4010.900174 4010.281779 4009.634187 4009.243434 
0.004142 0.005029 0.004539 0.003040 0.001508 0.000677 0.000349 0.000205 0.000105 0.000081 0.000075 0.000065 0.000054 0.000047 0.000049 0.000047 0.000035 0.000026 0.000027 0.000031 0.000032 0.000033 0.000035 0.000036 0.000037 0.000036 
4030.192002 4031.253559 4032.618208 4034.336939 4035.828267 4035.492997 4035.519802 4036.961451 4032.241036 4029.780562 4031.212165 4031.165929 4031.534585 4032.669413 4032.316327 4031.310061 4029.965942 4027.714458 4026.485642 4028.033299 4028.773939 4028.427925 4029.705540 4032.315768 4032.956296 4031.445162 
0.008630 0.016350 0.011717 0.009757 0.007038 0.004506 0.002612 0.001350 0.000732 0.000498 0.000398 0.000304 0.000210 0.000142 0.000102 0.000080 0.000065 0.000057 0.000060 0.000063 0.000058 0.000052 0.000049 0.000050 0.000055 0.000057 
4081.996740 4081.117038 4080.270220 4079.400292 4079.377950 4080.187355 4080.989402 4080.887500 4080.384778 4077.513084 4073.570628 4075.484689 4081.050782 4084.451206 4087.407072 4089.424205 4086.564646 4082.110839 4081.269554 4083.349007 4086.024317 4088.142946 4086.931648 4083.886918 4080.411839 4080.000655 
0.001636 0.001834 0.001717 0.001428 0.000977 0.000445 0.000279 0.000191 0.000215 0.000215 0.000201 0.000180 0.000146 0.000099 0.000061 0.000038 0.000027 0.000024 0.000026 0.000029 0.000031 0.000030 0.000027 0.000025 0.000024 0.000024 
4122.984400 4122.958468 4120.649606 4116.180431 4114.682559 4117.408052 4121.824839 4121.969308 4116.317132 4116.547559 4118.062514 4119.479859 4120.168265 4119.008089 4116.757636 4117.621584 4120.483211 4118.421579 4115.477234 4113.599037 4113.867697 4115.839385 4118.570961 4121.693964 4123.089927 4122.724428 
0.001161 0.002536 0.002010 0.001923 0.001553 0.001098 0.000706 0.000435 0.000313 0.000271 0.000251 0.000200 0.000146 0.000107 0.000078 0.000060 0.000048 0.000049 0.000047 0.000041 0.000040 0.000044 0.000042 0.000035 0.000031 0.000029 
4169.123017 4166.532268 4164.724472 4163.814984 4163.513754 4163.346039 4163.493027 4164.643059 4165.112882 4165.293141 4163.008511 4161.372995 4161.565568 4163.408053 4165.553543 4166.517908 4164.101649 4162.317984 4163.180198 4165.557582 4165.700233 4165.064368 4166.108139 4168.351987 4169.451341 4168.652965 
0.000753 0.001145 0.000925 0.000773 0.000520 0.000311 0.000176 0.000123 0.000086 0.000084 0.000095 0.000100 0.000082 0.000048 0.000027 0.000023 0.000029 0.000031 0.000033 0.000038 0.000039 0.000033 0.000026 0.000022 0.000022 0.000022 
4197.989120 4198.021253 4199.032448 4201.106222 4203.610286 4204.463667 4203.463107 4200.618187 4202.181530 4203.798521 4203.658887 4202.161737 4202.004240 4203.763715 4204.065664 4201.756066 4199.689325 4199.843770 4200.116334 4199.939314 4199.697770 4199.092717 4197.616171 4196.937720 4198.810111 4201.333617 
0.006994 0.012611 0.009222 0.008212 0.006785 0.005276 0.003769 0.002474 0.001507 0.000877 0.000552 0.000394 0.000297 0.000204 0.000136 0.000098 0.000076 0.000062 0.000056 0.000056 0.000062 0.000071 0.000078 0.000076 0.000068 0.000062 
4264.192183 4264.324734 4264.563135 4264.924478 4264.922912 4264.555000 4263.847376 4263.369070 4263.148095 4263.308260 4263.477579 4263.272872 4262.593259 4262.256073 4262.407069 4261.478702 4259.882494 4259.073763 4260.155779 4261.274373 4260.196523 4259.065622 4258.372409 4257.804101 4258.468865 4261.998440 
0.000703 0.000657 0.000491 0.000297 0.000157 0.000093 0.000068 0.000049 0.000045 0.000043 0.000040 0.000040 0.000045 0.000046 0.000042 0.000041 0.000047 0.000052 0.000051 0.000046 0.000038 0.000032 0.000030 0.000027 0.000021 0.000014 
4301.439998 4300.735806 4300.961526 4302.991762 4306.241455 4306.798799 4305.220718 4305.911774 4305.504897 4305.115898 4305.500110 4305.714167 4305.260605 4304.668404 4304.098349 4303.749557 4304.175097 4305.094722 4305.848583 4305.405841 4303.151582 4301.494798 4301.792798 4303.218673 4303.197940 4301.719268 
0.001866 0.002175 0.001953 0.001426 0.000949 0.000620 0.000391 0.000243 0.000154 0.000096 0.000065 0.000063 0.000069 0.000064 0.000049 0.000039 0.000039 0.000046 0.000057 0.000063 0.000061 0.000052 0.000045 0.000048 0.000054 0.000054 
4338.515578 4339.535339 4339.877152 4340.142267 4340.906164 4341.990915 4342.636068 4343.216285 4343.185761 4340.942445 4335.965559 4329.451912 4327.871613 4330.171123 4334.444513 4338.505977 4331.990255 4322.695671 4321.303189 4325.717198 4331.751138 4335.178673 4336.181993 4336.517585 4337.040430 4337.694879 
0.001352 0.001601 0.001423 0.000984 0.000579 0.000316 0.000164 0.000087 0.000065 0.000065 0.000068 0.000063 0.000053 0.000046 0.000043 0.000041 0.000042 0.000049 0.000055 0.000053 0.000049 0.000045 0.000043 0.000043 0.000049 0.000055 
4395.578010 4394.235864 4393.213893 4392.260581 4391.444175 4391.408244 4393.036043 4395.990135 4398.821597 4399.094302 4399.082615 4398.067910 4395.644627 4396.904104 4400.404465 4402.471751 4402.366410 4405.381197 4406.700769 4404.665643 4401.741075 4401.288581 4400.924287 4397.655492 4394.767283 4394.321948 
0.000263 0.000220 0.000124 0.000055 0.000040 0.000032 0.000036 0.000047 0.000053 0.000052 0.000049 0.000045 0.000042 0.000041 0.000042 0.000043 0.000039 0.000034 0.000029 0.000022 0.000015 0.000012 0.000018 0.000022 0.000020 0.000016 
4428.963626 4429.148823 4429.629830 4430.443891 4429.806369 4430.553296 4430.195051 4429.184498 4428.441427 4427.665556 4427.236920 4427.289721 4427.483994 4427.855590 4428.126446 4427.902307 4427.471224 4427.458103 4427.853096 4427.572135 4426.998125 4427.569095 4429.413264 4429.416125 4428.824183 4427.691083 
0.000418 0.000516 0.000496 0.000385 0.000263 0.000189 0.000147 0.000123 0.000093 0.000061 0.000043 0.000043 0.000047 0.000047 0.000046 0.000043 0.000039 0.000037 0.000037 0.000036 0.000030 0.000026 0.000027 0.000032 0.000042 0.000051 
4449.696348 4452.868751 4455.879746 4458.729399 4461.204735 4461.981545 4461.336949 4458.948676 4457.436271 4457.762780 4458.923980 4458.749246 4458.344531 4456.248915 4452.331150 4451.389924 4454.634977 4455.802582 4452.817350 4449.620819 4447.332236 4444.919976 4444.867673 4446.846312 4450.760520 4453.323013 
0.000449 0.000503 0.000425 0.000280 0.000165 0.000110 0.000093 0.000087 0.000077 0.000071 0.000062 0.000051 0.000045 0.000046 0.000048 0.000046 0.000045 0.000046 0.000048 0.000049 0.000049 0.000047 0.000043 0.000043 0.000048 0.000050 
4487.583267 4487.473119 4488.437544 4490.250272 4490.698144 4488.423841 4483.830610 4481.885352 4483.794184 4487.979632 4491.271829 4493.330515 4493.451421 4491.847722 4491.710182 4492.157573 4490.325120 4486.217524 4483.990720 4484.382082 4486.492963 4488.528260 4488.764114 4486.772225 4485.230257 4484.790802 
0.001107 0.001213 0.001035 0.000705 0.000384 0.000171 0.000079 0.000055 0.000052 0.000049 0.000039 0.000031 0.000035 0.000048 0.000066 0.000076 0.000071 0.000054 0.000041 0.000040 0.000045 0.000046 0.000043 0.000045 0.000057 0.000059 
4535.249186 4534.000475 4532.547974 4531.574120 4531.475944 4531.823443 4529.084748 4525.789639 4526.870908 4529.828342 4531.912110 4534.308367 4535.126080 4535.178687 4534.677056 4534.691445 4535.392715 4536.820722 4537.067333 4535.472389 4535.532713 4535.179955 4533.766731 4533.759733 4533.948205 4533.052107 
0.001515 0.001790 0.001676 0.001287 0.000865 0.000571 0.000404 0.000287 0.000202 0.000159 0.000123 0.000091 0.000064 0.000051 0.000050 0.000054 0.000060 0.000063 0.000060 0.000056 0.000054 0.000061 0.000069 0.000076 0.000073 0.000056 
4571.418712 4573.694060 4575.790852 4577.132790 4577.901256 4578.912176 4580.019989 4579.655473 4576.954618 4574.728945 4573.984314 4574.352575 4573.560000 4571.974424 4574.230047 4576.235583 4572.572567 4566.688060 4563.187158 4565.401503 4571.770657 4574.715131 4573.502645 4569.950974 4567.641540 4566.786804 
0.000659 0.000848 0.000811 0.000576 0.000308 0.000171 0.000113 0.000083 0.000067 0.000045 0.000028 0.000023 0.000020 0.000022 0.000029 0.000033 0.000038 0.000041 0.000040 0.000034 0.000033 0.000038 0.000042 0.000039 0.000032 0.000026 
4643.922427 4643.940438 4643.697576 4642.831773 4640.342294 4638.889819 4639.527671 4639.397976 4641.315977 4643.010740 4641.015039 4637.569899 4636.887978 4639.905699 4641.638621 4641.794331 4641.667342 4641.231302 4640.432032 4639.044542 4638.031959 4638.766902 4640.003622 4640.108293 4639.379105 4639.593206 
0.001499 0.002737 0.002195 0.001870 0.001364 0.000832 0.000474 0.000326 0.000264 0.000187 0.000111 0.000061 0.000043 0.000040 0.000037 0.000041 0.000055 0.000064 0.000062 0.000050 0.000040 0.000040 0.000042 0.000040 0.000038 0.000042 
4686.244713 4686.962950 4686.425294 4684.828166 4682.863010 4681.947288 4683.372860 4685.217167 4684.530619 4683.755358 4683.137436 4680.420619 4677.203083 4677.128022 4682.372261 4690.557510 4691.116603 4688.551993 4686.278649 4686.410935 4689.050650 4688.100369 4685.610493 4684.699572 4685.992241 4686.694997 
0.001706 0.002160 0.001979 0.001364 0.000802 0.000498 0.000324 0.000192 0.000145 0.000120 0.000095 0.000067 0.000051 0.000054 0.000061 0.000056 0.000044 0.000038 0.000040 0.000051 0.000059 0.000056 0.000042 0.000033 0.000034 0.000042 
4726.982922 4726.595145 4726.509150 4726.240982 4723.653018 4720.609182 4721.180908 4724.160022 4730.125745 4730.966801 4727.485971 4724.556956 4721.814839 4720.220096 4719.049197 4718.007550 4717.117183 4717.744596 4719.147392 4720.079197 4719.879151 4719.404332 4718.505239 4717.508866 4716.989756 4718.166096 
0.001456 0.001944 0.001942 0.001564 0.001181 0.000863 0.000597 0.000403 0.000275 0.000183 0.000122 0.000086 0.000064 0.000047 0.000038 0.000040 0.000047 0.000051 0.000050 0.000045 0.000037 0.000031 0.000035 0.000040 0.000039 0.000033 
4779.037302 4777.363274 4775.615372 4773.652373 4772.753587 4772.377642 4772.334648 4772.584039 4773.224357 4773.740655 4773.267975 4772.658276 4772.987244 4773.927869 4776.754752 4779.685500 4779.650272 4778.891947 4778.149728 4776.332130 4773.579356 4772.092041 4774.979866 4778.295816 4780.628058 4782.051752 
0.000709 0.000665 0.000464 0.000296 0.000219 0.000147 0.000069 0.000031 0.000026 0.000030 0.000040 0.000047 0.000046 0.000039 0.000030 0.000023 0.000019 0.000020 0.000025 0.000032 0.000039 0.000041 0.000038 0.000037 0.000040 0.000040 
4819.344738 4820.309336 4820.953441 4819.399017 4816.942350 4816.744454 4817.803838 4817.343326 4820.875120 4822.878821 4819.744538 4818.375375 4818.096326 4817.544700 4816.159771 4814.744343 4815.776887 4816.656583 4814.433628 4814.181286 4816.600212 4818.940547 4819.530030 4819.070497 4819.514277 4820.236180 
0.000228 0.000384 0.000331 0.000305 0.000235 0.000165 0.000110 0.000074 0.000048 0.000035 0.000035 0.000036 0.000038 0.000046 0.000058 0.000058 0.000047 0.000031 0.000026 0.000028 0.000031 0.000032 0.000033 0.000034 0.000035 0.000034 
4860.486874 4859.207936 4856.436495 4854.517596 4853.613725 4853.133016 4851.583602 4850.593693 4850.912072 4851.955783 4854.111970 4855.587167 4856.472888 4856.465344 4855.573637 4854.887666 4854.614997 4855.774385 4858.713549 4859.822318 4859.477502 4858.242105 4856.105640 4855.679836 4856.632502 4858.034081 
0.000172 0.000323 0.000277 0.000237 0.000204 0.000181 0.000145 0.000108 0.000075 0.000050 0.000034 0.000028 0.000028 0.000031 0.000030 0.000028 0.000028 0.000029 0.000026 0.000017 0.000014 0.000013 0.000013 0.000010 0.000013 0.000022 
4879.470181 4881.070111 4881.009173 4879.681991 4879.078710 4878.533135 4878.001049 4877.785270 4877.823303 4877.520400 4876.412432 4876.317376 4877.518820 4878.085950 4878.705772 4879.742467 4879.742904 4879.042251 4878.965041 4880.404579 4881.642411 4881.100949 4879.494447 4877.967659 4877.306497 4878.195549 
0.000372 0.000443 0.000397 0.000261 0.000122 0.000061 0.000047 0.000043 0.000035 0.000025 0.000028 0.000040 0.000048 0.000048 0.000043 0.000035 0.000032 0.000035 0.000035 0.000034 0.000035 0.000038 0.000037 0.000033 0.000027 0.000022 
4899.067483 4899.522850 4900.043609 4900.724885 4902.435515 4905.965522 4906.429006 4904.807749 4902.005455 4900.106979 4902.505937 4904.323322 4904.890388 4904.590865 4903.536654 4901.844906 4899.658495 4898.967178 4899.233443 4899.870629 4901.495889 4902.696444 4903.668739 4905.160933 4906.188440 4905.679150 
0.000405 0.000396 0.000315 0.000234 0.000200 0.000159 0.000114 0.000080 0.000055 0.000040 0.000036 0.000032 0.000026 0.000021 0.000021 0.000026 0.000029 0.000029 0.000033 0.000043 0.000046 0.000040 0.000039 0.000045 0.000050 0.000046 
4938.028257 4936.626964 4935.857696 4937.262201 4940.833974 4942.281373 4942.276753 4940.433803 4938.076436 4938.172230 4938.614918 4936.747097 4934.770475 4934.906626 4938.557729 4940.412513 4940.054362 4939.330332 4938.328107 4937.475969 4937.303333 4937.268153 4936.157409 4935.532934 4935.885706 4936.217917 
0.002679 0.005170 0.003988 0.003427 0.002447 0.001544 0.000914 0.000556 0.000367 0.000263 0.000203 0.000156 0.000117 0.000088 0.000069 0.000059 0.000055 0.000063 0.000074 0.000077 0.000067 0.000053 0.000050 0.000056 0.000059 0.000054 
4971.590371 4972.394942 4973.253542 4974.462365 4975.872271 4976.730027 4976.678990 4976.533816 4976.141503 4974.608304 4972.944687 4973.023793 4975.316616 4977.441278 4979.208928 4982.030397 4981.963698 4977.562182 4973.588806 4971.472275 4971.502678 4976.050438 4984.858920 4989.549616 4989.918193 4986.001373 
0.002952 0.007458 0.005624 0.005351 0.003966 0.002333 0.001333 0.000791 0.000451 0.000212 0.000107 0.000074 0.000059 0.000055 0.000053 0.000048 0.000052 0.000061 0.000072 0.000084 0.000093 0.000091 0.000077 0.000062 0.000053 0.000047 
5089.714979 5086.125457 5083.805285 5082.846760 5083.184546 5084.834388 5085.943105 5085.570532 5083.571204 5083.571111 5086.221089 5089.407261 5088.561357 5085.463788 5082.919031 5078.143054 5071.042627 5067.830882 5069.155265 5072.292199 5075.689023 5078.374592 5080.422328 5081.823480 5082.028795 5080.954644 
0.000323 0.000615 0.000523 0.000412 0.000220 0.000111 0.000081 0.000079 0.000066 0.000045 0.000037 0.000036 0.000031 0.000026 0.000026 0.000031 0.000036 0.000040 0.000038 0.000032 0.000029 0.000031 0.000032 0.000033 0.000039 0.000045 
5131.954612 5133.026392 5133.925151 5134.788718 5136.105349 5135.404902 5134.950060 5133.927724 5133.546602 5131.813042 5131.825755 5133.305295 5133.584781 5134.978130 5138.569742 5139.192928 5138.340675 5136.356227 5135.365559 5135.450401 5135.962291 5136.654704 5138.440764 5139.673192 5138.768638 5137.270629 
0.000500 0.000554 0.000487 0.000403 0.000312 0.000189 0.000089 0.000058 0.000053 0.000050 0.000060 0.000069 0.000066 0.000051 0.000041 0.000040 0.000041 0.000041 0.000046 0.000054 0.000053 0.000045 0.000040 0.000042 0.000037 0.000031 
5166.355983 5165.777172 5166.330801 5168.325057 5169.395326 5166.969532 5159.871565 5159.996651 5163.275043 5161.648614 5160.037914 5161.287692 5162.059402 5160.868161 5158.365795 5157.473095 5156.034328 5157.488731 5160.868543 5164.223451 5165.827821 5164.441925 5158.954332 5156.092837 5155.914175 5157.937521 
0.001517 0.001953 0.001940 0.001543 0.001086 0.000737 0.000468 0.000298 0.000195 0.000141 0.000122 0.000112 0.000098 0.000082 0.000064 0.000048 0.000041 0.000038 0.000038 0.000043 0.000051 0.000057 0.000053 0.000042 0.000033 0.000027 
5194.264366 5194.725774 5194.276490 5192.649342 5189.471204 5187.838519 5187.731683 5187.891897 5187.846699 5187.476706 5187.708617 5186.830604 5186.025602 5186.821490 5187.459279 5187.287701 5188.069670 5188.170227 5186.826617 5186.740128 5187.814432 5188.666143 5188.982181 5189.925790 5192.322588 5194.159745 
0.002081 0.002581 0.002368 0.001619 0.000836 0.000394 0.000204 0.000130 0.000101 0.000084 0.000077 0.000078 0.000076 0.000062 0.000051 0.000056 0.000061 0.000056 0.000046 0.000041 0.000041 0.000042 0.000038 0.000033 0.000033 0.000036 
5212.750593 5212.242807 5212.258007 5213.313893 5215.929948 5216.712682 5214.683566 5214.986711 5214.049947 5214.952812 5216.725839 5217.886042 5217.961561 5217.125646 5218.335006 5221.902884 5222.719750 5222.160945 5219.583653 5215.593595 5213.493946 5213.653596 5213.674772 5213.788892 5215.889134 5217.926263 
0.000403 0.000411 0.000320 0.000254 0.000237 0.000211 0.000154 0.000091 0.000041 0.000028 0.000033 0.000036 0.000036 0.000033 0.000022 0.000011 0.000016 0.000025 0.000027 0.000023 0.000017 0.000016 0.000018 0.000017 0.000015 0.000015 
5239.588285 5239.974354 5240.773453 5240.854060 5240.077667 5239.549879 5239.637467 5240.141402 5241.102999 5242.084943 5241.695278 5240.786312 5239.821956 5239.837930 5239.912399 5236.295580 5236.796190 5238.420514 5239.333952 5240.468000 5242.962628 5243.996804 5243.282930 5243.058783 5243.811013 5243.725030 
0.000458 0.000550 0.000499 0.000352 0.000202 0.000115 0.000084 0.000074 0.000069 0.000062 0.000051 0.000042 0.000048 0.000059 0.000062 0.000055 0.000046 0.000040 0.000044 0.000053 0.000056 0.000052 0.000044 0.000036 0.000038 0.000046 
5268.387798 5268.789776 5269.755044 5269.958577 5269.214819 5271.064703 5275.148254 5271.592938 5264.913759 5262.127149 5261.840812 5264.237090 5266.102858 5266.835667 5266.795425 5266.562007 5267.147254 5267.736101 5267.275941 5267.526813 5268.658862 5270.814427 5272.086028 5271.186165 5269.161271 5268.739429 
0.000377 0.000420 0.000385 0.000293 0.000184 0.000108 0.000090 0.000086 0.000084 0.000074 0.000065 0.000055 0.000040 0.000023 0.000022 0.000027 0.000021 0.000010 0.000008 0.000009 0.000013 0.000019 0.000024 0.000024 0.000021 0.000018 
5302.467719 5302.862903 5302.406924 5301.116957 5299.854625 5300.630053 5301.364348 5300.888323 5299.805819 5299.824956 5300.551234 5300.972146 5300.675701 5298.709647 5297.900330 5299.433453 5300.064419 5300.384575 5302.112694 5303.699969 5303.747327 5302.376474 5301.004455 5299.690035 5299.056245 5299.581037 
0.001208 0.001472 0.001309 0.000836 0.000369 0.000159 0.000099 0.000068 0.000061 0.000046 0.000036 0.000042 0.000046 0.000044 0.000043 0.000047 0.000048 0.000044 0.000044 0.000044 0.000038 0.000030 0.000027 0.000031 0.000034 0.000033 
5321.345306 5321.815704 5322.252222 5322.616752 5321.834543 5320.634007 5320.484045 5318.788887 5318.135784 5320.345808 5318.258116 5314.324978 5314.828202 5316.764908 5317.682870 5317.471881 5317.481917 5317.488946 5318.490670 5319.997515 5321.032635 5318.693830 5314.197236 5314.021068 5315.535476 5317.779543 
0.000810 0.001051 0.000983 0.000701 0.000476 0.000371 0.000300 0.000204 0.000121 0.000075 0.000053 0.000054 0.000058 0.000055 0.000049 0.000044 0.000037 0.000033 0.000039 0.000047 0.000047 0.000039 0.000031 0.000030 0.000033 0.000033 
5343.727594 5344.137562 5344.629919 5345.637156 5347.650303 5348.449613 5347.962658 5346.765155 5344.157179 5342.324026 5344.293373 5347.705492 5349.464084 5350.354404 5350.961563 5350.639610 5349.166548 5347.219116 5346.009423 5344.992888 5343.653050 5342.471298 5342.330192 5344.779802 5347.164680 5348.049216 
0.000655 0.000742 0.000691 0.000586 0.000463 0.000348 0.000256 0.000194 0.000144 0.000103 0.000082 0.000072 0.000057 0.000042 0.000038 0.000043 0.000045 0.000041 0.000036 0.000039 0.000048 0.000054 0.000052 0.000045 0.000038 0.000037 
5394.887256 5393.438262 5389.554338 5384.221610 5381.436030 5381.241330 5381.739570 5383.004105 5385.478321 5390.790986 5396.926618 5398.503058 5396.663177 5392.261936 5386.235623 5385.629476 5386.100325 5387.167760 5387.855649 5387.479227 5388.427158 5388.777704 5387.370914 5385.933656 5387.008493 5388.681338 
0.001688 0.002090 0.001972 0.001456 0.000881 0.000474 0.000257 0.000147 0.000097 0.000062 0.000036 0.000026 0.000028 0.000030 0.000035 0.000043 0.000047 0.000049 0.000048 0.000041 0.000030 0.000024 0.000023 0.000023 0.000024 0.000026 
5460.468329 5459.383681 5458.193120 5457.354157 5457.832771 5459.257414 5459.015579 5457.284731 5454.055194 5451.161192 5451.957093 5454.340599 5456.180429 5457.428902 5455.596012 5452.824128 5451.689725 5453.576618 5456.782076 5458.411051 5458.105768 5458.458283 5460.339083 5461.164451 5459.952166 5459.512785 
0.003637 0.004479 0.004161 0.002950 0.001614 0.000718 0.000290 0.000126 0.000097 0.000093 0.000077 0.000052 0.000043 0.000047 0.000047 0.000041 0.000033 0.000029 0.000031 0.000031 0.000029 0.000030 0.000044 0.000058 0.000061 0.000056 
5500.433120 5500.283881 5500.380132 5500.504865 5500.327855 5499.763320 5500.722940 5508.260307 5518.740979 5521.473533 5521.548429 5518.339743 5511.572685 5511.591086 5513.275886 5513.812795 5512.336758 5508.285601 5504.929568 5504.843609 5506.619735 5511.324916 5516.608192 5516.641786 5514.114077 5509.378130 
0.000574 0.000631 0.000545 0.000392 0.000256 0.000169 0.000116 0.000077 0.000050 0.000036 0.000032 0.000033 0.000031 0.000026 0.000028 0.000037 0.000041 0.000036 0.000031 0.000036 0.000046 0.000053 0.000054 0.000050 0.000045 0.000041 
5559.115983 5561.290061 5563.119360 5563.170427 5562.261747 5562.535846 5563.596615 5562.917646 5561.394971 5560.078062 5558.163137 5556.225661 5557.417117 5561.192541 5564.669842 5566.226111 5567.400876 5567.032045 5565.938977 5569.260202 5571.242113 5570.679145 5569.885394 5569.549081 5569.045095 5568.221636 
0.000217 0.000247 0.000229 0.000182 0.000127 0.000083 0.000055 0.000043 0.000036 0.000029 0.000027 0.000030 0.000033 0.000029 0.000021 0.000022 0.000027 0.000030 0.000031 0.000032 0.000031 0.000031 0.000035 0.000037 0.000034 0.000029 
5660.899538 5660.835374 5660.410665 5659.579997 5658.428662 5657.519371 5658.343172 5662.071229 5663.312846 5662.683525 5662.705916 5662.266274 5660.747430 5660.402572 5663.182286 5664.612482 5662.505553 5661.428078 5662.347831 5663.949572 5664.556558 5662.756259 5660.938381 5661.415035 5662.501310 5662.914440 
0.000316 0.000358 0.000305 0.000204 0.000128 0.000096 0.000086 0.000089 0.000091 0.000082 0.000076 0.000071 0.000057 0.000042 0.000041 0.000044 0.000044 0.000045 0.000048 0.000051 0.000051 0.000047 0.000039 0.000033 0.000032 0.000030 
5735.161740 5734.481209 5734.185317 5733.661156 5731.715175 5729.619038 5730.969434 5732.765400 5733.364093 5734.550107 5736.576353 5737.258311 5736.430788 5734.870520 5734.515635 5734.139959 5732.462512 5731.545349 5732.833472 5734.517808 5735.443373 5736.143705 5737.670095 5739.999820 5740.486583 5739.182176 
0.000468 0.000591 0.000590 0.000462 0.000285 0.000151 0.000091 0.000073 0.000069 0.000071 0.000070 0.000068 0.000065 0.000063 0.000068 0.000068 0.000057 0.000045 0.000045 0.000048 0.000046 0.000043 0.000043 0.000043 0.000042 0.000037 
5810.527868 5808.751939 5807.609339 5806.347989 5804.603733 5804.055179 5806.507678 5807.089194 5804.183333 5800.453324 5801.276971 5805.311601 5807.810957 5807.727563 5807.996049 5808.958746 5809.449303 5810.383554 5810.124159 5807.969395 5806.885485 5807.709003 5808.541001 5807.719530 5806.122567 5804.688422 
0.001984 0.002384 0.002148 0.001450 0.000754 0.000386 0.000221 0.000144 0.000105 0.000102 0.000104 0.000092 0.000070 0.000050 0.000041 0.000038 0.000038 0.000033 0.000025 0.000027 0.000037 0.000042 0.000039 0.000038 0.000043 0.000044 
5853.447033 5853.724166 5853.842510 5853.898566 5853.880977 5852.757853 5850.344871 5849.591222 5848.628003 5847.105754 5845.251939 5844.931018 5846.040782 5847.918032 5846.956384 5844.732515 5844.269878 5843.971168 5843.291024 5843.570038 5842.690965 5842.025173 5842.797105 5845.992329 5847.592966 5847.330424 
0.002198 0.002450 0.001995 0.001240 0.000694 0.000373 0.000176 0.000102 0.000070 0.000050 0.000039 0.000036 0.000035 0.000036 0.000036 0.000033 0.000031 0.000030 0.000028 0.000026 0.000032 0.000039 0.000038 0.000027 0.000020 0.000021 
5868.503230 5867.829529 5866.623789 5864.828883 5864.533785 5866.127078 5868.569168 5870.278460 5870.325581 5868.237504 5866.396847 5865.267156 5865.032268 5865.919297 5867.589962 5869.001476 5869.697687 5870.055916 5870.753434 5870.670605 5869.749350 5869.680558 5869.984676 5870.899225 5871.242256 5869.685038 
0.001613 0.001868 0.001795 0.001462 0.000956 0.000489 0.000277 0.000195 0.000156 0.000136 0.000115 0.000088 0.000070 0.000061 0.000058 0.000059 0.000061 0.000058 0.000053 0.000050 0.000051 0.000055 0.000057 0.000053 0.000048 0.000045 
5917.542698 5918.296280 5917.637671 5916.225566 5916.549885 5920.589401 5923.781762 5923.260000 5920.406110 5917.915708 5916.689716 5913.994741 5911.955375 5912.725690 5914.607504 5913.875208 5911.697029 5910.792918 5911.977048 5913.820899 5913.925695 5912.069905 5911.050065 5910.958825 5911.707731 5912.652506 
0.000880 0.001348 0.001088 0.000953 0.000750 0.000533 0.000385 0.000289 0.000216 0.000159 0.000115 0.000087 0.000070 0.000054 0.000043 0.000039 0.000038 0.000036 0.000039 0.000041 0.000040 0.000036 0.000031 0.000026 0.000023 0.000020 
5947.687287 5949.369939 5950.347944 5950.066448 5949.014405 5949.170565 5949.152498 5948.807124 5949.107904 5949.987668 5951.132313 5952.056445 5952.317866 5951.667724 5950.028018 5949.789799 5950.030333 5948.315425 5947.920616 5949.626821 5951.708699 5952.311093 5952.531406 5953.742869 5954.999123 5955.071540 
0.000201 0.000243 0.000232 0.000177 0.000110 0.000070 0.000066 0.000084 0.000089 0.000080 0.000065 0.000049 0.000035 0.000027 0.000024 0.000023 0.000030 0.000038 0.000045 0.000044 0.000037 0.000030 0.000028 0.000026 0.000022 0.000024 
5991.406162 5991.478716 5991.636985 5992.067940 5992.882490 5991.994098 5989.966949 5988.275897 5987.945503 5988.476153 5990.216545 5992.051513 5992.213423 5991.508285 5991.601672 5990.781428 5990.509453 5991.319423 5992.519728 5992.888348 5992.043971 5989.623395 5987.751110 5987.523829 5989.793465 5993.539642 
0.000179 0.000313 0.000276 0.000248 0.000182 0.000115 0.000070 0.000049 0.000038 0.000031 0.000029 0.000027 0.000026 0.000026 0.000025 0.000022 0.000028 0.000038 0.000042 0.000037 0.000027 0.000023 0.000029 0.000037 0.000047 0.000049 
6220.716323 6222.978008 6224.838988 6225.751404 6225.620213 6224.696083 6223.123916 6220.781516 6219.452901 6219.244816 6220.282131 6221.442406 6222.408739 6222.907860 6223.464205 6226.082905 6227.681842 6226.588240 6225.787160 6225.670903 6225.833708 6223.353404 6220.805872 6220.884643 6222.309691 6222.903230 
0.000253 0.000278 0.000231 0.000149 0.000089 0.000065 0.000054 0.000054 0.000058 0.000064 0.000067 0.000062 0.000051 0.000041 0.000037 0.000040 0.000042 0.000038 0.000032 0.000032 0.000041 0.000052 0.000053 0.000047 0.000041 0.000037 
6474.283418 6473.584677 6472.262862 6470.295995 6470.872697 6474.298543 6474.777704 6475.951074 6477.947747 6478.102221 6477.782443 6478.000732 6478.521373 6478.042143 6475.797298 6472.734251 6470.366207 6468.006429 6467.185982 6471.560560 6475.209358 6475.895920 6476.191470 6475.954000 6473.919963 6471.790104 
0.000161 0.000258 0.000225 0.000191 0.000130 0.000070 0.000031 0.000015 0.000012 0.000018 0.000029 0.000033 0.000029 0.000025 0.000028 0.000028 0.000024 0.000025 0.000034 0.000041 0.000040 0.000035 0.000033 0.000037 0.000037 0.000030 
6612.377130 6612.238215 6612.158256 6612.136022 6612.424869 6613.921739 6616.531484 6613.687882 6611.027544 6608.665437 6610.032725 6610.733773 6611.113714 6611.093476 6611.172994 6611.261523 6610.926642 6612.036983 6613.541481 6613.849807 6614.144188 6614.550470 6614.119617 6613.626287 6614.369276 6616.188564 
0.000341 0.000396 0.000369 0.000287 0.000188 0.000102 0.000054 0.000042 0.000047 0.000049 0.000044 0.000037 0.000031 0.000033 0.000038 0.000041 0.000045 0.000052 0.000054 0.000046 0.000033 0.000024 0.000023 0.000031 0.000042 0.000044 
6671.534043 6670.893767 6670.183231 6669.563724 6669.067550 6668.121974 6667.714614 6670.189439 6674.857975 6676.832438 6677.529332 6676.332322 6673.454434 6673.198998 6675.172559 6676.006514 6675.315190 6674.877066 6675.423983 6675.219411 6673.789655 6670.799610 6669.281720 6669.515037 6670.269022 6670.585307 
0.000338 0.000399 0.000355 0.000247 0.000157 0.000101 0.000071 0.000050 0.000046 0.000049 0.000056 0.000066 0.000072 0.000072 0.000068 0.000060 0.000044 0.000035 0.000041 0.000052 0.000053 0.000043 0.000037 0.000039 0.000040 0.000039 
6725.743145 6727.795545 6729.832302 6731.714860 6731.235033 6727.578233 6723.561582 6724.065399 6728.291434 6729.385056 6726.199081 6723.613717 6723.077289 6723.581591 6724.805631 6726.523694 6729.827717 6733.855828 6735.644712 6733.799166 6731.732631 6729.358189 6729.127133 6730.205520 6730.298437 6731.208771 
0.000202 0.000220 0.000180 0.000113 0.000057 0.000031 0.000028 0.000029 0.000030 0.000030 0.000031 0.000033 0.000036 0.000042 0.000047 0.000046 0.000035 0.000024 0.000024 0.000034 0.000045 0.000049 0.000040 0.000024 0.000015 0.000015 
7701.858118 7701.920934 7702.153998 7702.667758 7703.377086 7703.886628 7704.259280 7703.036497 7700.518582 7698.859632 7699.222652 7700.072469 7699.433973 7699.148317 7699.353492 7700.509665 7701.570658 7700.723346 7697.282564 7698.020818 7699.832998 7701.040801 7702.067072 7703.888463 7705.792226 7703.613424 
0.000197 0.000259 0.000258 0.000199 0.000125 0.000074 0.000050 0.000041 0.000038 0.000035 0.000031 0.000026 0.000023 0.000022 0.000026 0.000029 0.000029 0.000026 0.000021 0.000015 0.000015 0.000019 0.000019 0.000017 0.000017 0.000019 
8632.470039 8632.066896 8631.819456 8631.925269 8632.904950 8634.599440 8634.483785 8632.527148 8632.656526 8633.177291 8632.428632 8631.870108 8631.660194 8630.089432 8630.012280 8630.561049 8630.492070 8630.896168 8632.561150 8634.175718 8633.514083 8631.367798 8629.183527 8626.495550 8625.953853 8628.108772 
