0.047959 8.396302
0.031973 10.701285
0.031973 8.762726
0.031973 8.858028
0.031973 11.076868
0.031973 8.872323
0.031973 4.745204
0.047959 11.120222
0.063946 2.270324
0.031973 12.514734
0.015986 14.532842
0.063946 3.056739
0.031973 16.209354
0.031973 14.635184
0.031973 8.234807
0.031973 15.999091
0.031973 21.288361
0.031973 14.285486
0.031973 20.900420
0.031973 12.693055
0.031973 18.090279
0.031973 17.206647
0.031973 15.726318
0.079932 2.145849
0.031973 11.833897
0.031973 13.825420
0.079932 2.868885
0.063946 4.382052
0.079932 3.810902
0.015986 8.260287
0.031973 12.850630
0.031973 4.131449
0.015986 4.993226
0.015986 10.580905
0.031973 16.200334
0.031973 13.799907
0.031973 17.856440
0.031973 14.319132
0.031973 10.461124
0.031973 8.450013
0.031973 12.941136
0.047959 12.521307
0.079932 5.612118
0.031973 9.300352
0.031973 7.235147
0.047959 5.539423
0.031973 10.171666
0.031973 6.777513
0.015986 10.424552
0.031973 6.755620
0.015986 7.678975
0.031973 7.985354
0.031973 3.827709
0.031973 11.527410
0.031973 6.963614
0.031973 11.173673
0.031973 12.757365
0.031973 10.198983
0.031973 12.164651
0.015986 5.888724
0.031973 8.813986
0.031973 12.324757
0.031973 10.092795
0.031973 9.469337
0.031973 7.527927
0.031973 10.208532
0.031973 7.619567
0.031973 8.189579
0.047959 2.868669
0.063946 8.712496
0.063946 8.469727
0.079932 6.359836
0.047959 8.630583
0.047959 10.310010
0.031973 12.272185
0.031973 12.616651
0.031973 9.093417
0.047959 5.383161
0.031973 5.537898
0.031973 8.207037
0.031973 4.717781
0.031973 4.840392
0.031973 4.040650
0.031973 3.465901
0.031973 1.556314
0.015986 4.901855
0.031973 5.018505
0.031973 5.257427
0.031973 4.812781
0.031973 7.180067
0.031973 6.295221
0.031973 7.855661
0.015986 9.375770
0.031973 6.196648
0.031973 4.321634
0.031973 10.490298
0.031973 8.329147
0.031973 8.445950
0.031973 4.482592
0.031973 7.206383
0.015986 6.652275
0.031973 6.166748
0.031973 6.989912
0.079932 9.962341
0.031973 11.803374
0.031973 10.001131
0.031973 9.341002
0.031973 8.304886
0.031973 5.475589
0.031973 12.253861
0.031973 3.831896
0.015986 2.457887
0.031973 6.140753
0.031973 4.074545
0.143878 6.292564
0.031973 5.857083
0.047959 4.039861
0.031973 3.857046
0.031973 5.860455
0.031973 3.732768
0.047959 6.413410
0.031973 5.789938
0.031973 5.138529
0.031973 4.345340
0.031973 5.860759
0.031973 4.015294
0.031973 4.591598
0.031973 5.730126
0.031973 4.427592
0.031973 6.557601
0.031973 4.904690
0.063946 4.780231
0.031973 4.382184
0.031973 3.018160
0.031973 4.214956
0.079932 0.741756
0.031973 3.770084
0.031973 5.284102
0.031973 2.829936
0.031973 5.080153
0.111905 3.671626
0.031973 2.824530
0.111905 4.842837
0.031973 3.274602
0.031973 4.051526
0.031973 6.858301
0.031973 5.165551
0.031973 7.599252
0.047959 7.239831
0.015986 6.937692
0.031973 1.149251
0.047959 2.715039
0.719388 3.348981
0.031973 5.362466
0.031973 5.036443
0.031973 5.343803
0.079932 4.897192
0.047959 11.046870
0.031973 4.908780
0.031973 6.129797
0.031973 6.473882
0.031973 7.180789
0.031973 6.526086
0.031973 6.505263
0.031973 4.941693
0.031973 6.799012
0.047959 3.564656
1.087075 4.619430
0.047959 6.462301
0.063946 2.141923
2.174150 3.340609
0.031973 0.164492
0.031973 2.916046
0.335714 2.933388
0.639456 3.299276
0.047959 4.186019
0.031973 3.020359
0.031973 3.628092
0.015986 1.076929
2.046259 2.313301
0.031973 4.334296
2.461905 2.623132
0.047959 2.615811
0.031973 4.057909
0.031973 4.317663
0.895238 6.786754
0.351701 2.486603
0.031973 2.649497
0.031973 1.974392
0.031973 3.051043
0.031973 2.334400
0.031973 3.351137
0.047959 3.475391
0.047959 2.277772
0.031973 4.112314
0.031973 1.925654
1.950340 2.657682
0.127891 6.522741
0.031973 2.844124
0.031973 2.564750
0.031973 3.024130
0.015986 2.430960
0.031973 5.367064
0.031973 5.085722
0.031973 4.625851
0.479592 3.802343
0.047959 3.635876
0.031973 5.875900
0.031973 5.241935
2.254082 1.438250
0.095918 4.863226
0.047959 5.212294
1.486735 2.384386
0.031973 3.266976
0.031973 2.988789
0.031973 2.731783
0.031973 3.019110
0.031973 2.029868
0.607483 2.709321
0.047959 3.528117
0.031973 4.379849
0.047959 5.893900
0.031973 1.302773
1.182993 1.507476
0.031973 4.185737
0.031973 3.245992
0.031973 2.966163
0.047959 2.411442
0.047959 3.518451
0.031973 2.075798
0.895238 1.563121
0.031973 1.078172
0.031973 2.828122
0.031973 1.706346
0.031973 4.950217
0.031973 3.017903
0.031973 2.847975
0.031973 5.784080
0.031973 3.141759
0.063946 3.640447
0.031973 3.579571
0.735374 4.321407
0.031973 1.202371
0.031973 2.259902
0.031973 4.201993
0.031973 4.148874
0.031973 2.175858
0.015986 1.817134
0.031973 2.701182
0.031973 4.335128
2.509864 2.866603
0.031973 3.894521
0.319728 2.855424
0.031973 1.466059
0.031973 2.227861
0.031973 6.329739
0.031973 2.906673
0.911224 6.474431
0.079932 1.275019
0.991156 4.198999
0.543537 0.796007
0.079932 4.211192
0.879252 2.968681
1.742517 5.165324
0.431633 4.702914
0.031973 4.382007
0.527551 4.023159
0.031973 3.941381
1.230952 3.315143
0.000000 0.000000
0.239796 1.887485
0.031973 2.959904
0.367687 3.632097
1.582653 3.735741
0.607483 2.086992
0.047959 0.462411
2.094218 5.084914
2.302041 0.910752
0.031973 1.143601
0.383673 1.443845
0.431633 2.141923
1.694558 2.907396
0.671429 1.094383
0.047959 2.873157
0.031973 1.781927
0.031973 1.934648
0.031973 1.188336
0.543537 6.531055
0.031973 3.332016
0.319728 4.546457
1.838435 8.680374
0.351701 2.103073
0.687415 0.600277
0.159864 3.586018
0.143878 2.771043
1.630612 2.531978
0.047959 2.141448
0.127891 1.528952
0.927211 2.740046
0.047959 3.807392
0.047959 1.354132
0.191837 3.881983
2.653741 1.128037
0.047959 3.854203
1.023129 3.613991
0.143878 4.939179
0.031973 5.502506
0.095918 2.739987
0.975170 2.245624
0.415646 3.835639
0.095918 3.132486
1.342857 3.882383
2.685714 3.832976
2.701701 3.298311
0.591497 2.758217
0.095918 1.673101
1.646599 4.356349
0.207823 2.385621
2.509864 3.865988
1.374830 2.252367
0.559524 2.651328
0.239796 3.578601
1.007143 8.055593
0.447619 4.130467
0.047959 1.272366
1.294898 2.170231
0.031973 4.703390
1.167007 2.931225
0.031973 3.593917
1.758503 3.149276
1.742517 4.078584
1.422789 2.541739
0.879252 1.731509
0.047959 1.972636
1.023129 2.966137
0.351701 2.037064
0.031973 3.490488
1.087075 4.119438
0.223810 2.499214
0.000000 0.000000
1.550680 1.233157
1.966327 2.774528
0.047959 4.786708
0.239796 1.860834
1.758503 7.288413
0.767347 2.776307
0.031973 3.841497
2.509864 2.047867
0.031973 2.923996
2.286054 4.982951
0.047959 4.480034
0.047959 5.417713
0.991156 4.111371
0.031973 4.804065
0.031973 3.688370
0.031973 7.053901
0.047959 6.077549
0.911224 3.587155
0.879252 4.832973
0.847279 3.592382
0.111905 3.153169
0.079932 1.708649
1.934354 2.584834
2.030272 1.357474
0.031973 1.578001
0.031973 5.190559
0.399660 3.578491
0.047959 1.134671
0.111905 1.769189
0.831293 4.215366
2.413946 2.031984
0.047959 4.295475
0.031973 4.388016
0.799320 4.495864
0.031973 0.925035
0.463605 6.758702
1.694558 4.423666
2.701701 4.574529
0.175850 4.160375
0.399660 5.928301
0.239796 2.134905
0.047959 3.709655
0.623469 5.735425
0.799320 4.622915
0.095918 3.451487
0.655442 2.151860
1.406803 4.604840
1.678571 2.223582
0.047959 3.059877
0.703401 4.130757
0.351701 2.738358
0.783333 3.073089
1.774490 5.676105
0.031973 3.216016
0.031973 1.297354
1.023129 4.376911
0.047959 1.726080
1.918367 3.275212
0.095918 4.102172
0.367687 1.694402
0.383673 1.010400
2.062245 2.641801
2.397959 2.528118
0.367687 2.049116
0.303741 1.088969
0.847279 4.373347
0.335714 2.271335
2.397959 2.127891
0.095918 5.006186
0.495578 2.517351
2.158163 5.255498
0.047959 2.824754
2.270068 6.047631
0.175850 3.287064
0.047959 2.774803
0.447619 2.007271
0.255782 3.189984
1.326871 5.450111
1.630612 4.937865
1.966327 2.596647
0.079932 1.706483
0.031973 8.829477
0.031973 3.711404
0.031973 1.553155
0.031973 0.933112
1.023129 4.683315
0.031973 2.689692
0.895238 3.203103
2.653741 3.390265
1.326871 5.947169
