22.000000 156.000000 0.015986
0.003799 0.010932 0.009341 0.007982 0.006821 0.006474 0.004962 0.003103 0.002283 0.002092 0.002319 0.002176 0.001802 0.001349 0.000913 0.000588 0.000471 0.000474 0.000561 0.000551 0.000434 0.000283 
12.239337 13.485224 13.285468 11.102255 7.360887 5.244667 5.149391 6.811866 7.048953 5.636926 3.332718 2.562651 2.382511 2.589237 3.112216 3.581929 3.987104 4.073681 4.327196 4.646997 5.720813 8.426886 
0.001058 0.004763 0.003922 0.003230 0.002660 0.002565 0.002326 0.001958 0.001506 0.001097 0.000777 0.000547 0.000402 0.000367 0.000352 0.000309 0.000263 0.000213 0.000149 0.000119 0.000152 0.000179 
54.379539 54.288386 54.840463 55.274162 55.403472 55.430607 55.477370 55.547919 55.372844 55.703211 56.970782 58.237569 57.535092 56.035584 55.493331 55.046746 55.456563 57.107081 61.092843 69.165294 69.772913 69.218511 
0.000716 0.000925 0.000846 0.000835 0.000824 0.000774 0.000636 0.000499 0.000439 0.000434 0.000357 0.000237 0.000134 0.000131 0.000113 0.000110 0.000154 0.000203 0.000189 0.000152 0.000170 0.000238 
84.691939 85.369833 86.717166 87.384823 87.800745 88.195786 88.991151 88.700976 87.468565 87.088952 88.436611 89.064046 84.991956 81.434352 83.086864 85.453287 87.233149 86.406527 84.543615 79.983216 79.168852 81.229166 
0.000868 0.000969 0.000890 0.000699 0.000516 0.000447 0.000471 0.000486 0.000413 0.000342 0.000332 0.000331 0.000258 0.000178 0.000166 0.000202 0.000231 0.000208 0.000174 0.000174 0.000197 0.000179 
119.683450 118.875412 117.662553 116.478378 116.874578 118.297453 117.410601 114.747550 114.290403 115.223429 116.593250 115.709355 114.538750 112.002215 110.354145 110.957047 113.207377 114.986382 114.456730 111.352329 110.159332 109.679073 
0.002806 0.004408 0.003776 0.003367 0.002542 0.001915 0.001694 0.001686 0.001698 0.001627 0.001519 0.001346 0.001124 0.000887 0.000650 0.000459 0.000350 0.000318 0.000313 0.000314 0.000320 0.000316 
176.639291 177.750738 178.791753 179.314158 178.460197 176.128639 175.036000 175.554242 177.830215 180.472728 182.209916 182.324816 181.289298 180.266586 179.901117 179.682982 177.833299 175.130298 172.633883 172.071156 173.358024 175.834099 
0.001572 0.001624 0.001266 0.000940 0.000833 0.000975 0.001018 0.000928 0.000741 0.000574 0.000493 0.000466 0.000391 0.000267 0.000168 0.000128 0.000119 0.000122 0.000107 0.000080 0.000062 0.000055 
212.134956 212.290697 212.395495 211.676817 211.012777 211.318009 212.499786 213.443899 214.305212 214.789937 214.260873 212.925354 212.098570 211.801583 211.795914 212.211755 212.584173 212.817351 213.609974 214.814018 214.901196 214.187952 
0.001781 0.001986 0.001615 0.000960 0.000589 0.000453 0.000412 0.000361 0.000395 0.000470 0.000410 0.000300 0.000198 0.000132 0.000099 0.000099 0.000135 0.000136 0.000095 0.000069 0.000071 0.000073 
226.054137 226.390664 227.156831 229.015961 228.687769 226.394211 223.405392 222.475863 222.677434 223.451607 222.767699 222.379434 223.474698 228.111980 228.044332 226.197826 225.333870 226.657328 228.247739 229.252068 229.649690 230.927503 
0.001181 0.001397 0.001279 0.000913 0.000507 0.000331 0.000273 0.000296 0.000313 0.000294 0.000250 0.000219 0.000212 0.000196 0.000155 0.000140 0.000159 0.000216 0.000256 0.000269 0.000269 0.000257 
237.742976 237.561700 237.422910 237.615745 239.518035 241.834611 241.861502 239.162299 237.950443 237.774081 238.568563 239.853798 239.954654 239.611885 240.178284 240.241920 240.033205 239.211170 238.827918 238.473367 238.486483 238.866342 
0.000842 0.001068 0.001046 0.000773 0.000435 0.000242 0.000211 0.000214 0.000206 0.000167 0.000122 0.000093 0.000077 0.000059 0.000049 0.000044 0.000039 0.000037 0.000045 0.000064 0.000077 0.000077 
274.974133 274.739413 274.059417 273.182025 272.333033 272.941663 276.492961 277.400160 276.050551 274.152950 272.640357 272.281035 273.215294 274.818879 276.344263 275.401803 272.287443 269.104732 270.990230 273.448319 272.782264 272.771156 
0.000265 0.000398 0.000356 0.000343 0.000309 0.000264 0.000203 0.000139 0.000104 0.000087 0.000069 0.000044 0.000036 0.000044 0.000046 0.000043 0.000051 0.000062 0.000066 0.000062 0.000056 0.000054 
290.391857 289.998972 290.065742 291.208032 293.069984 293.665355 292.165761 289.733612 289.687195 292.133645 294.105054 294.467957 293.918669 294.041454 293.897671 293.810603 294.207505 294.335416 293.760368 293.127965 293.905694 295.062921 
0.000683 0.000868 0.000839 0.000638 0.000461 0.000431 0.000497 0.000537 0.000521 0.000505 0.000506 0.000519 0.000532 0.000540 0.000534 0.000529 0.000531 0.000533 0.000523 0.000520 0.000524 0.000523 
358.351490 357.393397 356.735975 356.509093 357.665771 358.876081 359.396115 359.272145 359.114897 359.063242 359.055186 358.964967 358.839341 358.756855 358.806501 358.958343 359.082655 358.985956 358.900338 358.914173 359.064493 359.459399 
0.004279 0.004250 0.003180 0.002098 0.001460 0.001126 0.000968 0.000917 0.000845 0.000776 0.000722 0.000675 0.000633 0.000589 0.000533 0.000461 0.000393 0.000342 0.000306 0.000282 0.000271 0.000264 
417.973242 417.442350 415.928885 414.256329 413.793093 413.661582 413.273167 413.225962 413.130992 413.233679 413.382098 413.350730 413.279875 413.354344 413.418550 413.294179 413.422462 413.586567 413.558953 413.246767 413.075459 413.034865 
0.016043 0.017755 0.016925 0.014591 0.010933 0.006449 0.002970 0.001263 0.000598 0.000374 0.000268 0.000177 0.000097 0.000079 0.000084 0.000086 0.000087 0.000078 0.000054 0.000046 0.000058 0.000087 
455.218529 456.803925 458.078365 458.016407 457.052877 456.283084 456.152680 456.901819 458.549053 459.625883 459.894274 459.176854 455.559414 452.390557 451.710440 452.699994 453.827834 454.700175 454.173163 451.953594 448.507396 444.466312 
0.017033 0.017506 0.013015 0.006909 0.002786 0.001111 0.000564 0.000360 0.000339 0.000340 0.000356 0.000418 0.000437 0.000419 0.000395 0.000384 0.000386 0.000400 0.000404 0.000398 0.000394 0.000381 
475.909822 475.304844 474.373670 472.918335 472.037976 473.322012 473.602167 476.042662 479.372346 479.786016 479.455356 477.929950 477.713453 478.082643 478.502908 478.683421 478.616601 478.272598 478.247770 478.514857 478.558466 478.180583 
0.021984 0.021744 0.015468 0.007852 0.003430 0.001707 0.001030 0.000562 0.000233 0.000124 0.000082 0.000048 0.000036 0.000033 0.000034 0.000040 0.000047 0.000034 0.000037 0.000046 0.000038 0.000056 
499.184787 499.730396 500.560948 501.853589 501.600858 500.535058 498.890422 497.361381 499.522586 500.642777 499.132227 499.339887 496.083187 496.773927 500.305734 497.362378 494.170652 497.091302 498.269744 497.382993 500.279528 498.827146 
0.028808 0.029322 0.021297 0.010491 0.003462 0.001355 0.000815 0.000525 0.000437 0.000349 0.000272 0.000248 0.000265 0.000271 0.000236 0.000189 0.000166 0.000167 0.000164 0.000143 0.000121 0.000113 
518.886793 518.615639 518.338989 518.361400 520.003243 519.866727 517.572316 519.992231 521.699879 521.329164 520.785821 520.915253 521.707031 522.107389 521.144592 519.819726 520.134466 521.364488 521.309746 519.960319 518.779748 517.913073 
0.016610 0.015635 0.009804 0.003185 0.000466 0.000396 0.000116 0.000115 0.000110 0.000099 0.000082 0.000072 0.000083 0.000100 0.000099 0.000081 0.000067 0.000059 0.000048 0.000036 0.000026 0.000020 
537.004111 537.106567 537.372415 538.946335 541.021729 536.981315 533.728178 537.233758 535.285358 534.961230 534.656359 534.204718 534.693029 535.442306 535.796740 535.841054 535.442495 535.158086 535.229717 535.541171 535.898136 535.971671 
0.041402 0.082232 0.059734 0.052076 0.037699 0.023971 0.015991 0.011600 0.008936 0.006522 0.004472 0.002996 0.002081 0.001557 0.001229 0.000934 0.000618 0.000359 0.000267 0.000254 0.000260 0.000213 
585.977647 586.810285 587.156099 587.052725 586.640424 585.997888 585.797545 585.956078 586.724487 586.987841 586.784573 586.392102 586.208439 586.608245 587.366728 587.783337 587.247064 585.352231 585.415724 587.185175 589.430412 590.468720 
0.035068 0.043545 0.040272 0.027838 0.013978 0.005190 0.003482 0.002840 0.002894 0.001825 0.000639 0.000210 0.000223 0.000184 0.000334 0.000485 0.000490 0.000425 0.000381 0.000401 0.000433 0.000427 
601.029451 599.955590 598.867358 597.792872 597.131601 599.376948 600.157504 600.814035 597.963251 597.023475 596.506310 601.585218 599.659137 602.286124 598.046989 597.174650 597.761502 599.071403 599.725209 599.031603 598.645278 599.063898 
0.009092 0.009042 0.006272 0.002905 0.001037 0.000546 0.000354 0.000302 0.000207 0.000117 0.000074 0.000059 0.000057 0.000058 0.000052 0.000041 0.000032 0.000027 0.000027 0.000034 0.000051 0.000069 
628.494895 628.734305 629.140229 629.892256 629.563854 628.732867 628.060363 628.640122 629.315317 630.846252 631.688822 631.571982 630.756247 629.766124 629.582592 630.240452 630.961583 631.475287 631.994917 631.452679 630.269034 629.375442 
0.012514 0.013386 0.010412 0.005798 0.002296 0.000865 0.000375 0.000217 0.000121 0.000082 0.000072 0.000071 0.000064 0.000055 0.000054 0.000057 0.000064 0.000068 0.000066 0.000066 0.000069 0.000064 
645.541105 644.950703 644.278244 643.626114 644.160863 643.928945 641.641706 638.545926 641.159583 645.744242 648.888254 648.245797 647.812264 650.145868 652.574225 651.198619 647.656664 646.683525 647.050514 647.314674 646.846166 645.692277 
0.008665 0.008758 0.006407 0.003385 0.001378 0.000526 0.000249 0.000155 0.000085 0.000062 0.000058 0.000060 0.000060 0.000060 0.000062 0.000065 0.000062 0.000059 0.000057 0.000048 0.000039 0.000055 
686.205703 686.408972 686.931317 688.473123 690.704366 692.134668 689.611158 688.392646 680.559263 681.683746 684.499394 683.660826 686.233062 691.170612 694.641859 695.039233 690.829550 685.204775 685.096899 685.777635 687.365924 691.389275 
0.003718 0.003556 0.002415 0.001304 0.000699 0.000417 0.000321 0.000356 0.000383 0.000377 0.000363 0.000354 0.000353 0.000358 0.000368 0.000376 0.000379 0.000381 0.000383 0.000378 0.000369 0.000348 
713.572119 714.294571 715.726331 717.017051 716.520947 715.353138 715.337528 715.375430 715.888211 716.467712 716.765859 716.879535 716.870338 716.852597 716.789639 716.743727 716.795141 716.811115 716.758915 716.762114 716.593087 716.109056 
0.003679 0.003977 0.003269 0.002133 0.001132 0.000622 0.000384 0.000263 0.000233 0.000204 0.000193 0.000194 0.000194 0.000203 0.000219 0.000226 0.000219 0.000218 0.000226 0.000232 0.000238 0.000237 
727.437383 726.842598 726.123491 726.009886 727.436138 729.572540 728.743515 724.586525 722.715224 722.192064 722.142309 722.263479 722.082656 722.110403 722.357669 722.337228 722.004905 722.017065 722.276891 722.273095 722.386910 722.758659 
0.002847 0.003261 0.002780 0.001726 0.000747 0.000319 0.000216 0.000196 0.000206 0.000209 0.000189 0.000159 0.000146 0.000143 0.000141 0.000130 0.000115 0.000104 0.000100 0.000098 0.000089 0.000079 
780.530732 779.472946 778.687228 778.450845 778.869256 780.049767 780.111034 782.839020 784.305539 785.172926 786.127998 786.582297 785.531863 784.418815 784.620092 785.585110 785.860047 784.849518 783.155377 782.030600 781.668518 780.141591 
0.002067 0.001992 0.001363 0.000666 0.000325 0.000220 0.000230 0.000240 0.000248 0.000234 0.000221 0.000212 0.000199 0.000181 0.000162 0.000147 0.000135 0.000125 0.000115 0.000105 0.000098 0.000092 
794.966883 794.610160 793.945632 792.652117 792.912985 794.759626 796.218047 795.158266 793.753269 792.943408 792.753789 792.926074 792.992027 792.859154 792.695742 792.598146 792.620548 792.755618 792.740664 792.687493 792.820451 793.232560 
0.002420 0.002776 0.002307 0.001381 0.000647 0.000415 0.000347 0.000309 0.000283 0.000279 0.000288 0.000284 0.000274 0.000272 0.000278 0.000290 0.000300 0.000300 0.000288 0.000271 0.000259 0.000249 
829.468586 829.682667 829.728104 829.878702 831.846260 833.433828 834.579821 835.327390 835.929115 835.881872 835.547015 835.665583 835.964974 835.997480 835.877103 835.689988 835.505640 835.481252 835.649967 835.840195 835.747952 835.177385 
0.012520 0.030333 0.023191 0.022850 0.018938 0.013771 0.009395 0.006393 0.004458 0.003185 0.002314 0.001685 0.001205 0.000828 0.000545 0.000385 0.000330 0.000316 0.000322 0.000327 0.000328 0.000317 
867.111796 867.538977 868.203008 868.879106 869.431728 869.822300 869.996705 869.981218 869.820329 869.530023 869.086019 868.579314 868.018859 867.288611 866.088630 864.719592 864.067966 864.038258 865.223953 866.152983 866.074497 865.025190 
0.004995 0.005131 0.003948 0.002353 0.001092 0.000405 0.000143 0.000094 0.000071 0.000068 0.000055 0.000046 0.000045 0.000047 0.000050 0.000045 0.000039 0.000039 0.000049 0.000055 0.000046 0.000037 
917.895426 916.882387 915.638573 915.126240 916.339666 920.907581 918.845516 916.354201 919.235982 917.371968 917.143267 919.719558 923.542556 924.107188 923.010575 922.292674 921.602181 921.249809 920.023561 919.426680 919.073647 917.299290 
0.005029 0.005103 0.003712 0.001905 0.000870 0.000581 0.000490 0.000458 0.000456 0.000420 0.000350 0.000317 0.000350 0.000400 0.000385 0.000342 0.000330 0.000327 0.000333 0.000350 0.000345 0.000310 
946.813667 948.313361 949.741912 949.724552 947.100227 946.226319 952.313240 954.518874 954.144933 955.163450 956.035857 955.450235 955.459480 955.914608 956.140027 956.814330 957.604114 957.593030 956.810552 956.679436 956.992340 956.703169 
0.011007 0.018365 0.014941 0.012453 0.009031 0.005706 0.002815 0.001576 0.001119 0.001518 0.001662 0.001452 0.001004 0.000661 0.000549 0.000622 0.000670 0.000550 0.000398 0.000351 0.000381 0.000353 
988.089131 989.100782 990.335872 991.476871 991.858340 991.483624 988.509304 983.965675 984.019553 989.145655 989.776294 988.257984 985.561537 983.579426 984.355372 985.810369 985.403055 985.284809 984.928365 982.844616 981.390702 982.638940 
0.014500 0.029181 0.021981 0.020631 0.016598 0.012036 0.008217 0.005570 0.004063 0.003177 0.002420 0.001654 0.000973 0.000602 0.000449 0.000427 0.000354 0.000236 0.000104 0.000055 0.000049 0.000081 
1001.135861 1000.236873 999.812716 999.519004 999.206498 999.271717 999.678210 999.893950 999.625409 999.234866 999.157627 999.517516 1000.412210 1000.730073 1000.268420 998.678462 998.095544 998.273662 1000.603528 1003.212650 1003.580826 1000.882732 
0.015543 0.033009 0.024551 0.023703 0.019576 0.014368 0.010065 0.006979 0.004804 0.003308 0.002303 0.001618 0.001106 0.000716 0.000455 0.000323 0.000270 0.000215 0.000138 0.000085 0.000082 0.000106 
1056.105588 1059.313738 1061.619855 1062.606237 1063.174674 1063.789371 1064.186446 1064.329641 1064.409407 1064.387405 1064.434671 1064.596731 1064.890910 1064.975120 1064.464354 1064.172127 1064.812476 1065.473662 1064.614951 1059.787767 1058.643420 1061.620509 
0.008272 0.010939 0.010902 0.008258 0.004807 0.002570 0.001615 0.001317 0.000975 0.000453 0.000236 0.000358 0.000464 0.000412 0.000289 0.000252 0.000267 0.000329 0.000332 0.000310 0.000302 0.000305 
1082.645325 1078.671752 1075.746511 1073.504286 1071.909517 1071.755219 1071.900680 1072.246343 1072.847763 1075.149295 1084.125209 1076.574829 1074.922409 1075.903755 1080.281369 1082.637376 1082.131554 1079.009353 1078.432278 1078.905701 1079.078080 1078.743131 
0.003245 0.002806 0.001730 0.000884 0.000551 0.000390 0.000291 0.000197 0.000148 0.000132 0.000145 0.000135 0.000104 0.000077 0.000067 0.000067 0.000084 0.000088 0.000077 0.000058 0.000051 0.000048 
1112.431226 1112.106524 1111.830068 1112.705900 1113.189938 1112.309759 1111.897122 1113.467240 1113.480964 1112.253120 1110.038832 1109.244187 1110.103213 1113.179775 1113.418577 1110.440096 1108.769937 1109.115748 1110.677893 1113.710865 1114.358870 1111.975312 
0.006324 0.005983 0.004168 0.002237 0.001016 0.000507 0.000289 0.000207 0.000119 0.000069 0.000061 0.000062 0.000076 0.000079 0.000068 0.000056 0.000053 0.000051 0.000045 0.000042 0.000045 0.000048 
1140.687830 1141.098425 1141.315636 1140.895060 1140.785001 1142.582105 1142.158529 1139.459787 1140.084714 1139.228334 1135.328449 1136.597589 1137.845226 1136.337894 1136.799982 1141.015818 1144.719545 1145.705162 1146.697923 1143.254334 1134.846070 1130.608877 
0.006934 0.006506 0.004309 0.001915 0.000703 0.000371 0.000222 0.000153 0.000102 0.000073 0.000056 0.000055 0.000051 0.000057 0.000069 0.000071 0.000062 0.000050 0.000049 0.000057 0.000062 0.000079 
1175.650765 1176.762927 1178.296853 1179.941936 1178.634465 1177.596842 1180.864426 1181.816398 1177.812372 1172.801404 1168.139666 1168.267953 1169.787064 1177.801176 1179.298094 1176.768536 1174.770730 1175.077270 1178.166894 1181.826810 1184.715122 1185.987199 
0.004543 0.004574 0.003311 0.001654 0.000572 0.000312 0.000242 0.000243 0.000244 0.000240 0.000249 0.000270 0.000294 0.000310 0.000315 0.000314 0.000317 0.000322 0.000321 0.000313 0.000299 0.000273 
1197.389356 1197.395216 1197.428879 1197.555445 1197.225374 1196.081142 1195.753160 1195.606303 1195.924700 1196.415512 1197.096902 1197.621973 1197.799805 1197.626027 1197.251773 1196.983652 1197.051345 1197.261183 1197.297425 1197.148975 1197.032543 1197.068986 
0.002897 0.003675 0.003508 0.002487 0.001344 0.000800 0.000619 0.000566 0.000497 0.000415 0.000355 0.000316 0.000292 0.000268 0.000234 0.000202 0.000187 0.000181 0.000187 0.000181 0.000171 0.000158 
1220.429810 1223.747815 1226.629452 1228.807578 1229.062400 1227.679204 1228.217891 1228.450669 1228.052791 1227.632460 1227.538781 1227.552615 1227.483175 1227.743779 1228.239270 1227.776478 1227.210506 1227.547421 1228.301684 1227.584949 1226.823948 1227.554801 
0.005755 0.005517 0.003703 0.001677 0.000809 0.000602 0.000521 0.000443 0.000387 0.000347 0.000339 0.000350 0.000351 0.000338 0.000320 0.000304 0.000302 0.000310 0.000316 0.000307 0.000284 0.000246 
1271.678372 1271.887824 1272.315331 1272.685704 1270.873227 1269.050939 1267.985713 1267.136881 1267.195260 1266.835647 1266.207683 1265.942298 1265.770737 1265.636099 1265.631392 1265.544706 1265.487396 1265.561332 1265.587900 1265.385322 1265.403813 1265.817536 
0.026222 0.042571 0.034405 0.030571 0.023919 0.016996 0.012574 0.010141 0.008320 0.006157 0.004584 0.003591 0.002891 0.002111 0.001636 0.001439 0.001348 0.001140 0.000937 0.000828 0.000769 0.000688 
1313.836433 1314.095033 1313.671125 1313.033849 1312.743359 1313.289419 1313.572663 1313.036184 1312.367362 1312.897524 1313.057148 1312.435225 1311.395533 1311.646834 1311.731164 1311.203695 1310.670023 1311.547520 1313.030399 1313.607594 1313.488138 1313.653634 
0.005797 0.005748 0.004152 0.002304 0.001153 0.000556 0.000208 0.000212 0.000149 0.000066 0.000052 0.000083 0.000076 0.000049 0.000041 0.000046 0.000038 0.000029 0.000027 0.000030 0.000042 0.000087 
1351.667790 1351.364044 1350.772739 1350.450432 1351.869908 1354.132219 1352.274957 1351.627855 1352.566080 1351.497282 1354.862439 1354.226153 1354.141778 1353.255027 1351.533429 1352.003785 1352.819829 1353.542316 1353.834426 1353.173357 1354.193027 1354.035537 
0.017688 0.050090 0.043676 0.038084 0.035965 0.030208 0.023308 0.017138 0.013500 0.011959 0.011846 0.011680 0.010540 0.008572 0.006401 0.004952 0.004357 0.004300 0.004252 0.003821 0.003093 0.002277 
1398.610520 1394.612174 1391.995869 1390.894116 1390.816606 1391.087766 1391.579504 1392.416137 1392.923489 1392.821233 1391.932113 1391.181155 1390.902488 1391.091046 1391.902152 1392.715643 1392.811752 1392.122251 1391.369977 1391.109042 1391.317360 1392.022296 
0.008200 0.007594 0.004941 0.002163 0.000913 0.000574 0.000330 0.000240 0.000232 0.000217 0.000212 0.000214 0.000210 0.000200 0.000199 0.000212 0.000225 0.000224 0.000214 0.000211 0.000213 0.000220 
1432.308363 1432.429224 1432.609353 1432.855470 1433.535427 1433.197122 1434.547361 1434.375081 1434.264762 1435.076439 1435.476674 1435.525077 1435.504975 1435.866914 1436.021016 1435.623236 1435.188659 1435.274546 1435.805630 1436.075824 1436.238309 1436.126924 
0.009615 0.009248 0.006363 0.003011 0.001184 0.000610 0.000339 0.000203 0.000143 0.000105 0.000100 0.000094 0.000076 0.000054 0.000055 0.000070 0.000071 0.000052 0.000044 0.000051 0.000053 0.000071 
1452.132611 1452.353085 1452.794034 1453.539180 1452.853078 1451.600622 1453.584682 1454.706392 1453.492387 1451.782659 1449.475139 1448.273631 1448.456012 1450.107886 1451.754807 1449.704596 1449.376106 1450.533776 1450.162520 1448.074550 1447.689553 1447.615648 
0.005996 0.005314 0.003619 0.001905 0.000967 0.000506 0.000185 0.000309 0.000068 0.000157 0.000059 0.000089 0.000046 0.000062 0.000038 0.000047 0.000031 0.000032 0.000027 0.000029 0.000027 0.000038 
1469.720105 1468.669691 1468.160313 1469.197739 1471.603478 1472.337313 1475.049443 1471.028469 1479.011335 1471.092001 1469.605242 1471.518201 1473.139396 1472.255268 1475.298871 1472.939701 1473.992259 1472.918067 1473.289627 1472.407063 1472.185396 1472.644489 
0.006240 0.005087 0.003109 0.001606 0.000874 0.000532 0.000308 0.000196 0.000150 0.000116 0.000090 0.000075 0.000060 0.000046 0.000040 0.000035 0.000027 0.000022 0.000021 0.000022 0.000031 0.000049 
1494.130682 1494.888985 1495.116485 1493.488456 1492.215544 1492.502249 1492.502452 1492.396121 1492.167963 1492.208813 1492.213248 1491.794090 1490.643606 1488.845284 1488.151363 1489.045505 1490.322434 1491.017855 1490.929053 1491.525163 1491.888798 1491.508761 
0.013580 0.011574 0.006740 0.002515 0.001056 0.000646 0.000427 0.000248 0.000178 0.000134 0.000101 0.000075 0.000054 0.000039 0.000032 0.000031 0.000030 0.000026 0.000022 0.000020 0.000019 0.000023 
1510.783634 1510.849587 1510.923639 1511.001697 1510.017765 1509.515217 1508.797290 1509.218684 1509.229620 1509.458883 1509.561035 1509.532511 1509.111918 1508.945327 1509.686106 1510.324681 1510.214536 1509.677509 1507.772279 1505.608685 1504.871853 1505.839798 
0.176040 0.223504 0.222180 0.179999 0.125329 0.080338 0.053522 0.037633 0.027778 0.020086 0.013464 0.008352 0.005089 0.003363 0.002382 0.001758 0.001198 0.000720 0.000391 0.000256 0.000223 0.000252 
1547.626375 1547.373622 1547.191035 1547.236949 1547.800926 1548.816800 1549.326553 1549.375422 1548.722644 1548.094736 1547.985965 1548.514825 1549.406222 1549.658068 1549.379541 1548.503274 1547.973788 1547.672470 1548.198901 1549.871723 1550.595270 1551.408404 
0.020653 0.018076 0.010969 0.004232 0.001088 0.000560 0.000437 0.000318 0.000216 0.000152 0.000111 0.000079 0.000057 0.000043 0.000035 0.000039 0.000046 0.000047 0.000048 0.000048 0.000044 0.000041 
1590.142204 1589.597767 1588.867913 1587.893804 1590.226729 1593.769396 1593.420159 1593.600516 1593.854002 1593.144798 1591.523681 1590.034258 1590.602954 1593.965243 1597.209690 1597.630307 1599.421979 1600.915782 1599.797776 1598.906676 1599.560659 1600.232952 
0.009699 0.008555 0.005286 0.002121 0.000579 0.000300 0.000222 0.000158 0.000118 0.000085 0.000060 0.000043 0.000036 0.000036 0.000036 0.000034 0.000037 0.000049 0.000062 0.000063 0.000051 0.000037 
1627.059316 1627.393308 1627.813610 1628.322791 1627.750545 1627.087732 1626.027777 1625.828908 1626.148364 1626.156402 1626.577121 1626.841487 1624.702563 1622.803007 1622.406620 1621.245537 1620.296256 1622.190400 1623.704981 1624.205281 1624.320153 1626.181797 
0.004095 0.003612 0.002421 0.001315 0.000682 0.000399 0.000263 0.000195 0.000164 0.000157 0.000156 0.000152 0.000150 0.000150 0.000150 0.000151 0.000152 0.000144 0.000127 0.000122 0.000128 0.000136 
1679.588874 1680.460390 1681.064333 1680.080117 1676.111429 1674.661599 1675.563334 1676.417881 1676.287049 1675.894644 1675.691363 1675.492382 1675.420471 1675.540681 1675.815762 1676.237667 1676.556976 1676.185966 1675.250593 1675.226861 1675.793452 1676.476005 
0.003930 0.003867 0.002788 0.001449 0.000557 0.000237 0.000129 0.000084 0.000059 0.000047 0.000050 0.000053 0.000050 0.000044 0.000044 0.000043 0.000042 0.000036 0.000028 0.000023 0.000023 0.000026 
1732.684375 1732.791286 1732.947768 1733.211448 1733.478226 1733.295236 1733.109180 1734.261350 1733.503912 1732.952787 1735.129638 1736.843052 1736.978420 1734.001536 1731.118257 1730.794050 1732.291918 1732.330452 1732.416161 1735.807562 1738.040446 1736.419710 
0.001994 0.002177 0.001689 0.000907 0.000346 0.000203 0.000158 0.000134 0.000128 0.000127 0.000122 0.000114 0.000106 0.000102 0.000100 0.000100 0.000105 0.000115 0.000125 0.000129 0.000130 0.000124 
1788.500441 1788.230271 1787.831037 1787.171549 1786.801698 1787.555349 1786.756225 1787.193453 1790.752948 1793.327411 1794.116687 1794.551428 1794.776455 1794.541816 1794.282078 1794.448435 1794.795928 1794.812469 1794.509973 1794.537945 1794.456088 1794.005413 
0.003227 0.003015 0.002003 0.000914 0.000375 0.000215 0.000142 0.000113 0.000102 0.000102 0.000106 0.000105 0.000094 0.000074 0.000053 0.000043 0.000042 0.000044 0.000045 0.000048 0.000053 0.000053 
1845.659587 1846.035443 1846.855020 1848.595217 1849.708154 1848.253647 1850.397280 1851.131028 1851.859281 1852.414613 1852.700197 1852.873685 1852.788945 1852.160121 1850.661370 1849.042001 1848.666757 1849.371897 1849.917281 1848.148231 1844.904995 1842.484959 
0.003892 0.003529 0.002313 0.001121 0.000492 0.000302 0.000198 0.000155 0.000151 0.000133 0.000122 0.000115 0.000107 0.000108 0.000118 0.000131 0.000136 0.000131 0.000123 0.000116 0.000111 0.000103 
1907.983050 1907.079001 1906.405601 1907.802723 1913.445786 1914.836078 1914.811357 1912.888520 1911.237353 1910.789255 1911.321211 1912.249387 1912.875420 1912.756998 1912.381602 1912.108585 1912.360219 1912.890994 1913.126277 1913.556750 1914.257061 1914.640684 
0.002933 0.002719 0.001881 0.001066 0.000598 0.000406 0.000275 0.000269 0.000232 0.000192 0.000145 0.000111 0.000103 0.000098 0.000097 0.000109 0.000119 0.000109 0.000085 0.000066 0.000056 0.000052 
1985.610722 1985.910946 1986.679485 1987.099696 1988.287348 1990.913450 1992.708212 1995.458561 1996.286118 1995.426995 1994.121470 1990.603211 1989.441467 1991.032934 1993.354133 1993.792429 1992.910357 1992.311444 1991.834408 1991.920030 1992.533738 1991.058613 
0.001737 0.001560 0.001023 0.000455 0.000232 0.000218 0.000097 0.000126 0.000135 0.000104 0.000075 0.000062 0.000065 0.000075 0.000083 0.000080 0.000068 0.000063 0.000071 0.000086 0.000089 0.000084 
2019.449712 2020.113712 2020.959011 2020.471186 2018.787186 2019.645942 2017.113605 2020.290256 2018.885819 2016.432680 2020.056271 2026.112358 2028.306654 2029.341799 2029.838038 2029.251862 2027.518797 2026.648097 2028.719041 2029.273714 2029.445619 2029.590209 
0.002689 0.003413 0.003405 0.002659 0.001620 0.000790 0.000364 0.000196 0.000097 0.000047 0.000043 0.000045 0.000044 0.000044 0.000049 0.000046 0.000033 0.000031 0.000035 0.000034 0.000030 0.000029 
2064.812080 2063.918911 2062.852903 2062.067480 2061.689929 2061.540011 2062.507989 2065.161247 2064.408665 2057.243981 2055.962340 2056.832612 2058.011091 2058.596814 2058.878628 2058.602414 2057.314803 2055.022585 2056.581167 2060.319868 2060.543846 2052.360408 
0.002754 0.002805 0.002027 0.001093 0.000730 0.000645 0.000571 0.000520 0.000475 0.000403 0.000324 0.000259 0.000212 0.000181 0.000158 0.000136 0.000117 0.000105 0.000100 0.000092 0.000072 0.000048 
2081.987855 2082.134894 2083.030939 2085.347347 2084.563813 2082.770204 2082.767476 2082.451793 2081.993627 2082.011076 2082.099169 2082.288906 2082.601956 2082.696749 2082.118325 2081.432069 2081.677614 2082.745491 2083.636195 2083.724670 2083.481141 2083.365352 
0.002225 0.002275 0.001734 0.000976 0.000417 0.000202 0.000143 0.000113 0.000086 0.000061 0.000049 0.000047 0.000048 0.000044 0.000037 0.000034 0.000032 0.000030 0.000034 0.000040 0.000042 0.000044 
2128.391069 2129.730422 2130.389814 2129.713772 2126.127031 2122.525933 2123.906662 2125.324723 2125.650137 2125.065039 2121.857128 2118.982856 2119.289049 2121.405354 2123.381094 2122.384398 2119.586611 2121.493420 2128.117508 2129.574091 2128.783587 2127.598072 
0.001207 0.001306 0.001054 0.000648 0.000324 0.000181 0.000133 0.000117 0.000098 0.000080 0.000076 0.000079 0.000082 0.000085 0.000090 0.000097 0.000104 0.000106 0.000098 0.000088 0.000081 0.000078 
2152.191187 2151.979332 2151.810930 2151.897973 2152.889130 2154.118250 2154.541023 2153.858756 2153.915985 2154.819825 2155.087384 2154.501340 2154.062656 2153.972208 2153.726636 2153.317124 2153.197428 2153.579333 2154.429455 2155.162781 2155.018608 2154.161609 
0.001359 0.001338 0.000973 0.000574 0.000354 0.000233 0.000162 0.000122 0.000095 0.000078 0.000068 0.000059 0.000048 0.000044 0.000045 0.000042 0.000037 0.000036 0.000047 0.000061 0.000071 0.000075 
2182.816796 2183.079061 2183.129759 2182.091140 2180.598308 2180.934185 2181.059487 2181.234916 2181.224077 2180.192524 2179.106708 2178.439405 2178.742466 2179.469561 2180.016650 2178.859199 2178.959965 2183.023347 2182.476997 2178.495617 2176.341866 2176.405984 
0.006511 0.006224 0.003984 0.001196 0.000362 0.000358 0.000235 0.000154 0.000129 0.000101 0.000087 0.000064 0.000052 0.000047 0.000049 0.000043 0.000033 0.000033 0.000035 0.000040 0.000039 0.000034 
2239.217756 2239.730462 2240.101518 2237.741689 2232.586265 2237.520867 2238.380883 2236.400704 2237.057787 2236.776600 2236.458927 2233.930877 2232.793497 2233.573377 2237.415281 2238.078607 2234.775394 2234.471992 2236.553214 2239.385681 2238.385070 2234.909527 
0.028227 0.042700 0.035150 0.031609 0.026582 0.021331 0.016877 0.013726 0.011125 0.008921 0.007233 0.005773 0.004569 0.003666 0.002922 0.002345 0.001922 0.001563 0.001266 0.001046 0.000873 0.000719 
2274.225498 2274.810865 2275.906771 2276.270500 2276.178806 2276.218212 2276.535504 2276.465463 2276.493211 2276.694070 2276.599497 2276.674139 2276.786492 2276.630995 2276.658209 2276.638009 2276.468159 2276.594590 2276.679034 2276.572638 2276.491816 2276.508993 
0.005838 0.005086 0.003258 0.001635 0.000877 0.000477 0.000309 0.000227 0.000171 0.000128 0.000106 0.000091 0.000074 0.000064 0.000061 0.000056 0.000045 0.000040 0.000045 0.000053 0.000053 0.000054 
2310.722745 2311.846279 2312.145870 2309.726034 2306.803808 2309.669775 2310.101450 2309.871919 2310.318248 2310.608439 2309.453906 2308.395787 2308.874893 2310.699830 2310.968151 2309.449445 2307.327866 2306.012898 2306.756873 2306.695441 2305.930208 2307.046925 
0.001919 0.002689 0.002128 0.002118 0.001628 0.001047 0.000663 0.000444 0.000308 0.000218 0.000152 0.000098 0.000057 0.000037 0.000033 0.000041 0.000046 0.000050 0.000056 0.000059 0.000057 0.000053 
2332.576744 2332.445619 2333.688094 2335.712513 2337.119164 2338.117784 2338.486152 2338.351461 2338.310759 2338.131668 2337.838946 2337.625623 2337.538257 2338.061815 2337.838595 2337.465871 2337.531500 2336.530190 2334.974906 2333.926169 2333.119161 2332.551401 
0.006568 0.006830 0.005527 0.003727 0.002329 0.001562 0.001121 0.000841 0.000598 0.000402 0.000266 0.000168 0.000108 0.000088 0.000088 0.000078 0.000063 0.000046 0.000030 0.000029 0.000034 0.000039 
2356.480503 2356.025859 2354.117077 2349.816784 2345.231891 2344.034418 2344.480133 2345.065772 2344.739864 2344.801637 2346.480085 2349.040370 2349.778142 2349.754504 2349.671160 2348.857814 2348.774218 2350.560783 2352.983731 2352.493979 2353.394327 2355.286467 
0.006342 0.005521 0.003256 0.001265 0.000645 0.000414 0.000320 0.000219 0.000143 0.000140 0.000095 0.000060 0.000068 0.000063 0.000073 0.000088 0.000097 0.000098 0.000090 0.000075 0.000067 0.000065 
2397.443857 2397.616164 2398.058348 2399.433704 2398.679677 2397.513036 2396.642303 2396.009052 2397.334777 2395.865071 2395.701788 2395.411156 2394.447000 2394.561591 2394.729337 2395.069498 2395.583346 2395.840405 2395.703636 2395.048738 2394.637583 2394.809403 
0.011771 0.011099 0.007195 0.002880 0.000698 0.000581 0.000389 0.000270 0.000197 0.000148 0.000113 0.000078 0.000052 0.000039 0.000037 0.000039 0.000035 0.000031 0.000026 0.000021 0.000024 0.000037 
2413.875190 2413.946814 2414.032486 2414.255130 2415.327953 2413.940409 2413.551502 2413.039396 2412.654297 2412.567216 2412.598873 2412.235830 2411.720131 2411.684400 2412.881041 2413.601719 2413.873856 2413.364070 2412.105250 2411.394360 2412.349320 2412.764923 
0.130140 0.233190 0.176533 0.150950 0.115894 0.084978 0.061637 0.044596 0.032364 0.023670 0.017330 0.012520 0.009065 0.006694 0.005040 0.003722 0.002737 0.002054 0.001567 0.001153 0.000875 0.000696 
2451.151753 2450.241530 2449.504684 2449.108010 2449.200285 2449.349787 2449.501463 2449.536897 2449.491472 2449.503706 2449.577243 2449.503015 2449.438057 2449.555535 2449.856067 2449.744898 2449.485591 2449.534819 2449.942581 2449.693948 2449.636773 2450.156764 
0.201325 0.355046 0.264455 0.222813 0.167381 0.119771 0.084341 0.059009 0.040666 0.027286 0.017754 0.011542 0.007995 0.005983 0.004743 0.003815 0.003042 0.002374 0.001754 0.001183 0.000703 0.000374 
2501.631686 2502.447557 2503.155319 2503.665811 2503.907435 2504.028782 2504.080625 2504.084315 2504.084329 2504.202703 2504.597436 2505.198561 2505.436381 2505.247812 2504.711741 2504.053818 2503.313940 2502.473779 2501.802217 2501.492650 2501.810791 2503.631289 
0.022330 0.020288 0.012725 0.005082 0.001628 0.001122 0.000795 0.000561 0.000394 0.000264 0.000181 0.000124 0.000092 0.000075 0.000065 0.000059 0.000049 0.000042 0.000035 0.000033 0.000039 0.000051 
2546.226300 2546.337385 2546.823572 2548.691257 2553.423631 2551.537258 2551.951768 2551.972533 2552.247824 2552.988547 2553.326352 2553.729752 2554.474156 2557.264853 2560.628971 2560.911488 2558.830308 2556.692662 2556.723909 2555.282961 2553.314971 2552.982197 
0.003883 0.003648 0.002514 0.001413 0.000923 0.000723 0.000557 0.000441 0.000370 0.000306 0.000246 0.000207 0.000179 0.000148 0.000116 0.000093 0.000078 0.000069 0.000059 0.000050 0.000042 0.000035 
2597.227803 2597.123138 2596.832048 2596.696852 2597.461001 2597.499653 2596.041344 2595.132198 2595.298561 2595.366253 2595.057051 2595.220576 2595.574184 2595.439631 2594.746766 2594.189782 2594.184472 2594.664615 2594.805250 2595.141314 2596.022285 2596.789090 
0.005069 0.004879 0.003375 0.001825 0.001053 0.000743 0.000447 0.000280 0.000203 0.000147 0.000110 0.000083 0.000063 0.000052 0.000046 0.000040 0.000040 0.000041 0.000038 0.000034 0.000035 0.000039 
2616.821079 2616.833920 2616.853472 2615.920177 2614.469701 2613.318360 2614.505552 2615.952871 2615.330876 2617.766976 2621.035308 2621.110334 2620.422046 2621.889600 2622.187486 2622.587672 2622.820759 2623.074037 2623.790970 2623.585070 2623.197362 2623.684533 
0.005114 0.004858 0.003290 0.001617 0.000784 0.000586 0.000454 0.000346 0.000269 0.000215 0.000176 0.000148 0.000131 0.000121 0.000112 0.000095 0.000074 0.000059 0.000056 0.000064 0.000077 0.000083 
2649.628426 2649.398097 2649.195013 2650.223371 2654.171422 2658.293637 2659.947584 2660.740795 2660.968925 2660.732256 2659.889958 2658.208268 2655.772943 2653.840856 2653.051818 2652.637747 2651.749007 2650.347362 2648.640840 2648.585706 2648.479476 2647.725758 
0.002425 0.002144 0.001341 0.000592 0.000301 0.000246 0.000170 0.000126 0.000091 0.000062 0.000042 0.000028 0.000023 0.000025 0.000028 0.000036 0.000044 0.000048 0.000046 0.000040 0.000037 0.000038 
2699.173829 2699.003399 2698.857045 2698.971223 2700.144696 2699.589178 2698.049304 2699.056936 2699.624823 2699.875001 2700.474268 2699.715126 2698.319637 2697.885150 2697.770644 2699.204873 2700.900400 2701.455065 2700.581114 2699.037466 2697.428677 2696.205556 
0.004668 0.004140 0.002579 0.001095 0.000462 0.000318 0.000247 0.000209 0.000175 0.000136 0.000109 0.000103 0.000104 0.000093 0.000080 0.000076 0.000080 0.000087 0.000094 0.000092 0.000084 0.000073 
2766.425854 2766.895075 2767.298344 2766.873470 2763.267052 2762.246625 2761.622547 2760.372860 2759.465830 2759.796478 2761.623483 2765.090402 2767.481652 2767.792748 2764.779542 2761.762296 2757.992305 2756.146293 2756.919282 2760.130334 2763.791024 2765.438987 
0.002485 0.002232 0.001405 0.000575 0.000185 0.000134 0.000105 0.000083 0.000059 0.000038 0.000025 0.000023 0.000025 0.000024 0.000018 0.000015 0.000019 0.000034 0.000043 0.000040 0.000029 0.000019 
2813.869819 2813.894211 2813.969689 2814.276847 2814.979103 2813.935600 2813.820690 2813.854325 2813.536044 2813.038884 2813.349289 2814.026829 2812.926411 2811.587521 2811.781761 2813.185391 2813.169979 2812.239799 2812.244388 2812.169065 2811.586169 2810.526167 
0.001563 0.002625 0.002146 0.001731 0.001120 0.000666 0.000385 0.000271 0.000217 0.000181 0.000157 0.000136 0.000115 0.000094 0.000081 0.000083 0.000089 0.000086 0.000072 0.000059 0.000059 0.000061 
2863.071507 2866.075565 2867.619143 2867.642737 2866.442132 2866.198355 2867.426539 2870.871781 2872.349269 2872.501404 2871.908627 2871.047384 2870.098006 2869.742282 2870.459752 2870.740159 2869.930801 2869.019140 2868.471155 2868.468947 2868.220239 2868.087338 
0.014452 0.015963 0.012688 0.006680 0.002066 0.000972 0.001094 0.000467 0.000301 0.000348 0.000245 0.000112 0.000091 0.000083 0.000063 0.000054 0.000044 0.000037 0.000033 0.000032 0.000034 0.000036 
2906.756298 2907.460679 2908.148565 2908.645204 2905.793145 2901.816801 2907.305348 2901.631032 2901.260452 2907.584042 2909.018927 2906.822300 2906.911476 2908.353159 2905.659730 2900.042289 2896.628404 2899.366989 2899.601906 2895.052243 2893.950124 2898.968020 
0.026024 0.031272 0.029105 0.023540 0.017634 0.012588 0.008712 0.006055 0.004158 0.002947 0.002148 0.001588 0.001190 0.000856 0.000613 0.000430 0.000293 0.000208 0.000150 0.000107 0.000073 0.000047 
2942.767044 2943.896365 2945.272962 2945.613265 2945.531892 2945.579780 2945.855472 2945.753850 2945.998685 2945.899571 2945.702983 2945.508122 2944.976375 2945.092431 2944.953448 2944.831456 2945.390999 2945.561231 2945.771106 2944.587145 2943.334379 2943.828346 
0.002013 0.002002 0.001414 0.000683 0.000253 0.000148 0.000099 0.000075 0.000065 0.000061 0.000060 0.000053 0.000043 0.000042 0.000050 0.000054 0.000049 0.000037 0.000024 0.000018 0.000021 0.000031 
3004.923376 3004.693815 3004.336052 3003.588227 3002.722045 3004.208581 3005.295004 3004.472748 3003.709112 3002.377250 3001.413964 3000.967358 3003.086355 3007.469925 3007.579955 3006.712327 3006.772665 3006.724935 3004.494350 3002.065169 3001.541666 3002.402874 
0.001636 0.001829 0.001564 0.001023 0.000527 0.000258 0.000133 0.000089 0.000081 0.000078 0.000070 0.000058 0.000048 0.000048 0.000055 0.000062 0.000064 0.000057 0.000046 0.000040 0.000041 0.000046 
3062.317597 3059.573867 3055.661894 3051.677536 3050.404980 3054.816589 3055.268253 3054.224507 3056.531976 3059.042401 3058.583633 3055.665731 3054.330372 3056.049753 3057.020310 3060.643571 3064.246852 3065.780022 3065.805067 3065.514868 3065.114026 3061.988183 
0.002185 0.002781 0.002611 0.001864 0.001071 0.000563 0.000281 0.000143 0.000077 0.000041 0.000029 0.000026 0.000025 0.000030 0.000037 0.000042 0.000046 0.000046 0.000043 0.000042 0.000043 0.000041 
3094.852664 3095.707740 3096.435143 3096.904731 3096.588768 3095.765389 3096.501054 3097.677893 3097.050546 3093.997564 3093.465371 3095.310052 3099.409703 3099.533100 3095.970310 3092.371221 3091.641540 3092.997893 3093.883882 3092.758775 3089.074414 3088.302044 
0.006566 0.008617 0.008567 0.006590 0.004060 0.002208 0.001172 0.000617 0.000316 0.000162 0.000106 0.000083 0.000079 0.000075 0.000073 0.000073 0.000068 0.000060 0.000052 0.000049 0.000044 0.000040 
3169.639752 3172.573247 3174.828082 3176.615142 3177.883959 3178.271361 3178.407609 3178.407505 3178.144216 3178.402920 3177.479313 3175.838593 3173.418365 3169.803663 3163.340974 3158.338650 3156.069389 3155.341794 3157.396235 3161.998953 3164.388656 3162.895373 
0.003631 0.005069 0.004815 0.003020 0.000881 0.000113 0.000181 0.000114 0.000023 0.000021 0.000022 0.000016 0.000016 0.000027 0.000029 0.000024 0.000025 0.000030 0.000030 0.000026 0.000024 0.000025 
3191.201681 3190.841324 3190.514679 3190.101578 3189.019960 3194.989014 3191.339408 3188.784075 3194.502524 3194.287242 3190.710952 3190.023782 3188.354106 3189.463586 3189.771936 3189.159871 3189.165275 3190.049539 3189.842730 3188.911468 3189.488761 3191.057164 
0.027108 0.035244 0.033444 0.023719 0.013656 0.007472 0.004069 0.002162 0.001216 0.000665 0.000378 0.000221 0.000137 0.000101 0.000080 0.000070 0.000066 0.000071 0.000080 0.000081 0.000077 0.000067 
3243.147775 3243.873482 3243.910101 3242.964800 3241.480681 3241.268336 3241.876793 3241.469849 3242.149112 3241.075714 3239.615345 3238.381753 3237.096221 3237.210441 3239.095988 3240.261791 3238.381453 3236.631553 3236.522783 3238.693008 3242.750027 3244.558315 
0.007128 0.008125 0.006628 0.003759 0.001450 0.000513 0.000237 0.000075 0.000056 0.000056 0.000046 0.000035 0.000031 0.000029 0.000030 0.000035 0.000040 0.000039 0.000030 0.000021 0.000019 0.000024 
3288.634026 3288.607202 3288.855682 3289.728991 3291.539192 3289.431153 3285.394459 3286.773188 3287.714404 3289.363236 3291.239740 3292.165464 3290.564639 3289.072670 3288.465840 3288.333849 3288.887899 3289.835200 3291.412883 3293.555513 3293.307919 3291.277270 
0.006846 0.011992 0.008892 0.007112 0.004587 0.002397 0.001120 0.000512 0.000241 0.000155 0.000136 0.000128 0.000122 0.000110 0.000098 0.000089 0.000082 0.000074 0.000068 0.000067 0.000061 0.000051 
3331.262992 3331.091439 3330.286064 3329.049156 3327.434123 3326.048497 3325.239336 3325.140240 3328.736163 3332.678861 3333.951540 3332.614261 3330.431271 3330.648267 3331.272238 3329.262116 3326.199147 3325.579219 3328.808940 3334.892577 3338.449701 3340.818765 
0.010624 0.011249 0.008736 0.004888 0.001937 0.000658 0.000341 0.000251 0.000235 0.000174 0.000110 0.000080 0.000067 0.000058 0.000051 0.000051 0.000055 0.000062 0.000063 0.000060 0.000051 0.000043 
3397.583168 3398.494980 3399.447824 3400.494869 3400.713619 3397.836164 3397.442031 3397.544925 3398.119391 3396.718697 3389.347121 3379.711399 3379.948685 3383.382570 3386.489531 3388.650427 3390.792326 3390.242544 3389.180263 3389.036210 3389.977574 3390.519739 
0.003279 0.002928 0.001856 0.000912 0.000471 0.000296 0.000167 0.000077 0.000037 0.000029 0.000029 0.000036 0.000042 0.000040 0.000033 0.000029 0.000026 0.000024 0.000026 0.000029 0.000027 0.000020 
3448.474150 3448.097595 3447.220038 3446.405152 3446.991123 3448.615902 3449.192562 3450.423281 3452.027235 3450.642304 3450.427545 3449.713487 3449.001802 3448.715187 3449.610364 3450.653849 3450.616068 3449.819212 3450.315977 3449.883198 3448.385521 3446.615047 
0.003600 0.003359 0.002338 0.001286 0.000611 0.000313 0.000181 0.000132 0.000090 0.000064 0.000050 0.000037 0.000030 0.000028 0.000029 0.000030 0.000032 0.000042 0.000051 0.000048 0.000035 0.000020 
3498.611915 3498.830192 3499.346990 3499.705758 3499.082226 3498.478424 3500.228264 3503.137729 3503.970324 3500.788686 3498.696380 3499.994997 3501.259351 3500.560909 3499.998690 3499.460658 3499.243882 3499.468656 3500.295777 3500.559005 3500.154222 3499.211302 
0.002109 0.001863 0.001194 0.000568 0.000233 0.000124 0.000101 0.000088 0.000080 0.000061 0.000038 0.000032 0.000034 0.000033 0.000030 0.000029 0.000031 0.000036 0.000040 0.000043 0.000046 0.000046 
3534.344933 3535.228499 3536.280054 3535.832645 3532.928768 3532.538757 3533.584425 3532.708630 3532.626456 3533.495222 3535.245134 3536.930902 3537.964709 3538.782643 3539.467974 3539.045396 3537.632960 3534.259801 3530.937171 3530.302586 3532.132471 3534.332314 
0.002708 0.003282 0.003238 0.002536 0.001610 0.000938 0.000580 0.000360 0.000221 0.000129 0.000075 0.000056 0.000050 0.000047 0.000050 0.000057 0.000061 0.000057 0.000051 0.000053 0.000064 0.000071 
3577.331568 3580.982183 3583.511709 3584.968326 3585.999684 3587.471749 3588.182397 3588.162352 3586.813555 3585.917293 3584.611044 3579.340054 3575.452361 3578.127356 3584.882185 3588.336049 3587.559727 3584.088357 3579.607344 3577.778072 3580.410254 3582.873599 
0.006357 0.006723 0.005525 0.003703 0.002282 0.001386 0.000707 0.000304 0.000167 0.000119 0.000087 0.000063 0.000050 0.000041 0.000040 0.000047 0.000056 0.000062 0.000064 0.000065 0.000063 0.000054 
3629.638924 3629.313695 3630.138815 3632.765084 3636.597694 3639.181516 3639.844828 3637.916164 3636.239395 3634.463345 3635.610613 3636.837295 3634.930062 3630.428035 3625.566554 3623.435794 3622.366332 3620.748678 3620.016658 3621.796578 3624.374257 3624.738884 
0.007832 0.009048 0.008290 0.006086 0.003556 0.001706 0.000752 0.000458 0.000302 0.000230 0.000179 0.000154 0.000134 0.000107 0.000078 0.000052 0.000032 0.000020 0.000024 0.000036 0.000041 0.000038 
3671.209194 3671.595700 3671.794149 3671.854933 3671.952499 3671.604250 3669.349785 3667.554128 3667.191636 3668.176083 3668.416750 3668.481658 3668.606647 3668.902307 3669.582921 3670.307919 3669.923445 3668.546374 3669.186575 3670.070796 3670.821899 3671.417063 
0.016159 0.018415 0.015766 0.010302 0.005295 0.002177 0.000712 0.000265 0.000151 0.000086 0.000072 0.000062 0.000054 0.000031 0.000022 0.000028 0.000031 0.000034 0.000043 0.000052 0.000054 0.000052 
3684.759594 3684.097357 3683.147574 3681.914528 3681.021180 3681.284663 3683.423008 3684.096247 3683.252160 3685.369316 3688.346144 3687.758455 3684.699685 3684.555069 3682.044456 3680.728884 3681.226683 3683.127062 3683.644065 3682.660403 3681.652675 3681.571003 
0.013882 0.016029 0.013929 0.009365 0.005320 0.002987 0.001754 0.001058 0.000637 0.000366 0.000200 0.000120 0.000079 0.000051 0.000037 0.000040 0.000047 0.000046 0.000038 0.000030 0.000025 0.000021 
3712.067423 3712.731467 3713.606223 3714.639813 3715.151592 3715.053409 3714.736081 3713.996558 3712.694211 3711.131067 3709.369363 3708.325457 3707.957471 3708.093151 3710.568359 3713.896205 3713.848236 3711.897691 3709.668858 3709.866204 3712.350718 3713.460461 
0.003183 0.003358 0.002621 0.001502 0.000634 0.000288 0.000169 0.000104 0.000069 0.000053 0.000044 0.000036 0.000034 0.000035 0.000030 0.000023 0.000025 0.000032 0.000040 0.000042 0.000037 0.000030 
3768.869221 3769.011674 3769.132863 3769.001749 3767.407762 3764.778383 3764.381329 3765.836094 3766.364751 3767.496241 3767.852769 3767.422286 3767.149542 3766.352315 3765.848795 3768.081771 3770.499373 3769.968460 3768.710233 3768.291282 3768.265044 3768.365597 
0.006273 0.007642 0.007362 0.005740 0.003764 0.002112 0.001087 0.000546 0.000319 0.000216 0.000129 0.000064 0.000035 0.000031 0.000033 0.000036 0.000041 0.000047 0.000050 0.000047 0.000045 0.000043 
3794.934793 3796.946188 3799.812026 3802.450329 3803.166765 3802.681256 3802.671173 3803.292939 3803.788415 3805.037883 3804.039950 3801.537827 3801.558995 3802.714090 3803.494097 3802.451036 3801.703899 3800.313949 3799.385735 3799.992635 3802.279663 3803.036409 
0.000899 0.001775 0.001344 0.000948 0.000438 0.000153 0.000067 0.000039 0.000021 0.000019 0.000021 0.000022 0.000028 0.000035 0.000037 0.000032 0.000023 0.000016 0.000016 0.000017 0.000016 0.000018 
3854.053623 3853.264863 3852.779236 3852.297752 3851.296261 3849.888921 3850.043606 3853.095540 3855.538812 3854.531203 3854.285884 3854.887365 3854.052017 3853.225024 3853.020806 3853.376282 3854.538962 3855.944873 3854.386639 3852.949358 3851.467104 3851.064721 
0.001113 0.001008 0.000682 0.000418 0.000260 0.000098 0.000035 0.000026 0.000029 0.000038 0.000042 0.000043 0.000040 0.000034 0.000028 0.000023 0.000020 0.000020 0.000023 0.000025 0.000026 0.000025 
3871.629757 3870.790302 3869.626743 3869.761818 3872.119052 3873.837874 3871.609898 3871.359067 3870.608014 3871.458559 3871.668786 3871.932063 3872.532813 3873.530111 3874.270277 3874.620603 3874.795220 3873.889917 3871.821464 3870.744621 3870.607700 3870.629469 
0.003166 0.003707 0.003430 0.002664 0.001856 0.001162 0.000667 0.000384 0.000228 0.000132 0.000068 0.000040 0.000041 0.000050 0.000051 0.000045 0.000044 0.000043 0.000044 0.000042 0.000039 0.000036 
3893.672081 3894.200408 3894.106931 3893.404499 3892.972119 3893.512324 3894.934629 3896.099165 3897.515611 3898.637308 3898.068605 3895.033351 3894.324623 3894.838146 3894.543830 3892.932129 3891.122168 3891.700999 3894.157055 3895.012243 3894.426109 3893.445288 
0.000776 0.000758 0.000551 0.000354 0.000240 0.000163 0.000092 0.000050 0.000032 0.000041 0.000047 0.000042 0.000033 0.000030 0.000034 0.000040 0.000044 0.000044 0.000041 0.000033 0.000027 0.000023 
3936.482706 3935.663794 3934.259371 3933.720956 3934.640567 3936.291367 3938.702699 3939.677375 3937.656681 3937.472886 3938.357937 3938.124100 3937.323618 3936.600659 3936.027456 3936.414799 3937.774891 3939.366267 3940.077162 3939.346495 3937.613757 3937.105081 
0.001104 0.002055 0.001596 0.001351 0.000929 0.000569 0.000350 0.000229 0.000161 0.000113 0.000078 0.000049 0.000039 0.000034 0.000028 0.000024 0.000023 0.000028 0.000030 0.000027 0.000022 0.000020 
3989.027576 3992.584428 3994.270001 3994.846870 3994.693291 3994.679697 3995.332673 3996.954293 3999.184954 3998.884465 3996.449530 3992.683723 3989.334387 3987.481697 3988.552689 3991.390515 3990.287310 3989.120643 3990.836918 3993.466191 3994.396636 3990.391759 
0.007595 0.009376 0.008951 0.006813 0.004281 0.002362 0.001211 0.000593 0.000290 0.000153 0.000107 0.000078 0.000061 0.000055 0.000050 0.000043 0.000039 0.000041 0.000042 0.000039 0.000038 0.000039 
4050.737103 4050.298838 4050.136365 4050.313437 4050.764757 4051.388592 4051.966823 4052.843231 4053.286164 4052.352969 4050.641476 4052.173947 4054.079416 4054.132705 4054.931115 4055.886782 4054.997072 4056.212594 4058.967391 4059.344015 4053.939194 4047.821975 
0.001526 0.001515 0.001088 0.000579 0.000304 0.000215 0.000184 0.000137 0.000095 0.000072 0.000062 0.000060 0.000055 0.000055 0.000057 0.000055 0.000048 0.000039 0.000033 0.000039 0.000046 0.000042 
4119.046981 4120.311541 4121.478372 4121.279480 4118.010857 4113.652466 4111.578007 4112.903995 4116.986674 4119.780577 4120.519219 4117.870245 4113.213594 4109.547575 4109.228613 4111.912014 4115.191783 4117.257169 4118.943885 4120.929475 4122.024729 4121.386556 
0.000259 0.000290 0.000230 0.000140 0.000103 0.000095 0.000079 0.000053 0.000039 0.000033 0.000024 0.000018 0.000020 0.000023 0.000022 0.000021 0.000020 0.000016 0.000010 0.000010 0.000013 0.000022 
4167.703581 4167.764567 4168.028885 4168.903811 4168.941216 4168.007058 4166.931105 4165.408177 4165.095856 4166.035357 4165.726049 4165.753440 4167.285750 4169.040456 4170.521659 4170.627403 4169.403341 4168.581033 4169.339299 4168.378878 4166.645234 4167.261844 
0.000786 0.000900 0.000752 0.000463 0.000237 0.000157 0.000129 0.000097 0.000068 0.000057 0.000057 0.000060 0.000062 0.000062 0.000061 0.000063 0.000069 0.000073 0.000070 0.000061 0.000055 0.000052 
4200.620225 4200.555136 4201.052129 4202.264347 4202.283811 4196.958676 4192.306214 4191.396906 4192.503227 4194.693265 4197.010991 4197.855390 4197.376452 4194.446712 4190.619657 4190.683225 4195.149209 4198.193461 4198.357480 4195.900260 4191.736766 4188.708492 
0.002267 0.002476 0.002012 0.001230 0.000635 0.000329 0.000243 0.000197 0.000160 0.000106 0.000066 0.000053 0.000051 0.000045 0.000034 0.000027 0.000026 0.000026 0.000028 0.000032 0.000036 0.000037 
4253.795847 4253.757547 4253.566269 4253.028487 4253.213944 4255.040690 4257.530848 4258.283375 4257.257674 4257.023587 4255.932066 4251.662337 4248.878072 4248.391457 4249.767410 4251.720045 4251.105965 4248.708579 4247.402711 4248.236445 4250.740775 4253.050708 
0.001651 0.001530 0.001008 0.000449 0.000161 0.000081 0.000060 0.000056 0.000054 0.000063 0.000076 0.000080 0.000068 0.000050 0.000037 0.000030 0.000024 0.000023 0.000026 0.000027 0.000031 0.000043 
4309.005929 4308.822475 4308.437238 4307.484422 4306.811881 4307.486622 4308.849677 4307.157073 4307.127494 4309.594598 4311.537275 4312.158396 4312.429183 4311.580000 4307.786878 4304.783326 4305.838408 4306.358494 4306.393444 4306.757717 4308.475946 4311.025165 
0.000843 0.000706 0.000395 0.000131 0.000061 0.000051 0.000047 0.000053 0.000054 0.000044 0.000029 0.000020 0.000030 0.000043 0.000044 0.000033 0.000017 0.000009 0.000012 0.000014 0.000017 0.000020 
4343.007469 4343.003294 4342.935984 4342.235104 4340.835790 4341.350055 4341.810368 4342.514533 4342.761020 4342.720694 4343.310306 4346.392840 4344.752222 4343.144191 4342.670812 4342.549405 4342.299012 4341.859092 4344.262329 4345.161425 4344.135205 4342.520204 
0.000792 0.000980 0.000932 0.000658 0.000351 0.000169 0.000093 0.000060 0.000052 0.000043 0.000038 0.000036 0.000035 0.000030 0.000020 0.000015 0.000021 0.000027 0.000025 0.000017 0.000012 0.000012 
4377.203823 4378.800752 4380.588415 4382.543619 4384.721894 4385.753234 4385.292766 4385.306508 4383.742624 4383.680439 4383.522157 4382.086341 4379.945159 4378.604017 4377.588230 4376.527610 4377.796694 4379.526578 4380.378303 4380.193311 4378.488806 4379.426130 
0.000877 0.001055 0.000978 0.000672 0.000340 0.000149 0.000085 0.000071 0.000067 0.000052 0.000040 0.000035 0.000030 0.000027 0.000024 0.000019 0.000020 0.000024 0.000022 0.000019 0.000018 0.000018 
4400.392924 4398.878041 4397.120156 4395.148412 4392.945342 4392.325145 4393.925723 4396.448625 4398.239507 4399.959409 4399.699469 4397.964331 4397.824964 4398.298352 4398.460420 4398.652464 4398.254740 4397.494180 4396.710993 4396.321579 4396.953741 4397.919537 
0.001985 0.001726 0.000998 0.000348 0.000180 0.000145 0.000125 0.000111 0.000088 0.000061 0.000038 0.000032 0.000034 0.000036 0.000040 0.000041 0.000035 0.000026 0.000023 0.000026 0.000031 0.000036 
4422.368706 4422.549655 4423.073979 4424.023558 4422.806872 4421.348917 4423.329148 4424.274831 4423.858845 4423.721093 4424.842684 4424.518291 4424.011279 4423.584051 4422.466569 4421.867098 4422.544085 4424.427021 4424.173822 4422.603431 4422.182042 4422.076044 
0.003522 0.003475 0.002465 0.001212 0.000401 0.000164 0.000097 0.000078 0.000060 0.000037 0.000023 0.000023 0.000025 0.000019 0.000011 0.000009 0.000012 0.000018 0.000017 0.000013 0.000012 0.000014 
4445.557189 4445.489683 4445.338773 4445.008368 4444.604276 4445.438374 4445.801382 4444.938692 4444.221271 4443.123430 4442.181767 4443.303872 4444.375722 4444.986525 4447.279129 4448.479479 4447.097945 4445.602509 4445.798772 4448.154338 4448.430090 4446.696976 
0.007623 0.008382 0.007358 0.005319 0.003331 0.001905 0.001020 0.000472 0.000186 0.000098 0.000068 0.000055 0.000056 0.000053 0.000049 0.000050 0.000052 0.000050 0.000047 0.000047 0.000050 0.000049 
4466.993603 4468.962079 4472.754229 4476.923230 4478.820012 4479.020049 4479.468445 4479.681604 4479.279552 4478.244479 4478.706066 4474.317589 4470.943311 4471.386340 4475.277241 4477.193772 4476.335180 4477.200307 4479.877756 4480.483220 4479.397951 4479.343524 
0.009805 0.010468 0.008409 0.005374 0.002926 0.001588 0.000694 0.000260 0.000137 0.000107 0.000082 0.000058 0.000046 0.000044 0.000046 0.000047 0.000042 0.000036 0.000037 0.000041 0.000042 0.000041 
4521.750947 4521.714273 4520.865122 4519.070196 4517.720385 4515.460252 4511.686131 4507.913595 4508.011391 4506.802383 4506.231347 4510.495750 4517.389407 4518.712912 4516.660659 4514.606664 4513.663364 4516.526024 4518.184576 4515.769509 4514.707473 4519.235488 
0.003395 0.006943 0.005114 0.004574 0.003442 0.002273 0.001362 0.000752 0.000380 0.000177 0.000085 0.000051 0.000037 0.000031 0.000035 0.000039 0.000041 0.000038 0.000032 0.000023 0.000016 0.000012 
4552.137977 4553.614817 4555.627894 4557.550314 4558.835267 4559.273305 4559.179718 4558.958394 4559.086922 4559.911142 4560.900959 4561.139792 4560.774662 4559.911006 4556.901427 4555.438138 4555.206755 4555.437849 4556.118338 4557.715987 4559.298008 4559.188993 
0.002640 0.005805 0.004290 0.003754 0.002504 0.001341 0.000632 0.000308 0.000190 0.000134 0.000082 0.000052 0.000045 0.000047 0.000046 0.000040 0.000036 0.000034 0.000031 0.000027 0.000028 0.000032 
4580.326083 4577.834323 4574.667229 4571.815875 4569.140253 4567.347825 4567.869290 4572.816996 4579.197956 4580.874569 4582.176530 4583.499772 4585.018629 4587.345870 4587.531150 4584.008503 4581.167501 4582.496820 4585.897050 4587.582076 4586.659831 4585.481190 
0.000933 0.001084 0.000924 0.000576 0.000284 0.000162 0.000135 0.000133 0.000121 0.000091 0.000065 0.000051 0.000046 0.000053 0.000056 0.000056 0.000056 0.000054 0.000048 0.000041 0.000037 0.000036 
4636.553464 4636.894245 4637.387856 4638.483673 4638.671627 4636.673780 4633.240845 4632.613215 4634.140047 4636.625514 4638.820772 4640.375409 4642.227723 4641.067909 4639.778433 4639.059009 4638.136354 4637.163276 4637.694262 4640.405635 4643.014620 4645.657094 
0.000248 0.000266 0.000225 0.000164 0.000114 0.000080 0.000066 0.000062 0.000053 0.000035 0.000021 0.000019 0.000022 0.000020 0.000013 0.000012 0.000014 0.000013 0.000014 0.000020 0.000023 0.000021 
4680.748511 4680.488062 4680.278673 4680.352734 4681.228044 4682.613308 4682.684845 4681.455434 4680.564885 4680.377173 4679.508503 4679.208987 4680.087269 4679.788907 4677.372911 4677.333494 4680.528758 4681.025654 4679.060633 4678.496607 4678.669454 4678.968365 
0.000230 0.000228 0.000175 0.000103 0.000044 0.000019 0.000018 0.000026 0.000026 0.000021 0.000021 0.000019 0.000018 0.000020 0.000023 0.000018 0.000009 0.000007 0.000007 0.000009 0.000012 0.000014 
4706.299794 4706.395322 4706.714519 4707.324822 4707.677606 4704.507747 4704.883671 4706.768418 4705.610393 4704.490279 4706.087441 4708.679985 4709.535810 4708.535484 4706.885137 4706.904278 4709.135634 4709.299979 4708.638406 4708.706825 4706.931599 4705.990825 
0.000463 0.000456 0.000344 0.000205 0.000114 0.000084 0.000073 0.000057 0.000042 0.000036 0.000039 0.000047 0.000053 0.000054 0.000053 0.000048 0.000042 0.000040 0.000043 0.000043 0.000037 0.000033 
4756.356198 4758.231787 4761.349494 4764.671073 4762.878781 4756.772954 4754.395487 4754.906056 4757.445394 4758.466303 4755.477045 4751.954352 4750.803973 4751.429072 4752.977941 4755.202608 4759.586228 4765.525198 4767.438885 4767.124673 4764.492691 4759.084426 
0.000926 0.001145 0.001126 0.000873 0.000533 0.000305 0.000193 0.000132 0.000093 0.000065 0.000047 0.000041 0.000041 0.000040 0.000036 0.000037 0.000043 0.000050 0.000056 0.000057 0.000053 0.000050 
4798.497208 4797.502888 4796.119776 4795.023645 4794.506889 4794.249428 4794.929658 4796.284577 4798.148785 4799.788173 4801.769780 4799.173326 4792.725919 4790.188434 4791.368130 4794.886273 4795.348333 4790.995783 4785.586495 4784.643077 4787.808352 4790.389392 
0.000450 0.000541 0.000538 0.000458 0.000319 0.000178 0.000081 0.000038 0.000031 0.000028 0.000026 0.000030 0.000034 0.000038 0.000042 0.000049 0.000054 0.000053 0.000046 0.000040 0.000036 0.000033 
4885.481541 4885.257930 4886.702886 4889.792541 4892.698077 4894.553667 4894.115762 4889.645845 4886.394211 4885.489327 4886.115168 4886.233495 4882.875819 4878.083724 4877.103017 4879.473631 4882.361832 4883.882220 4884.961658 4886.345451 4887.094222 4886.602334 
0.002013 0.002324 0.002074 0.001464 0.000854 0.000450 0.000251 0.000164 0.000121 0.000093 0.000074 0.000059 0.000052 0.000051 0.000054 0.000053 0.000055 0.000059 0.000068 0.000080 0.000087 0.000078 
4944.504623 4946.387260 4948.214079 4949.836956 4951.186246 4952.064820 4952.096464 4950.419967 4947.229487 4942.837965 4940.893119 4940.252707 4936.612757 4935.837776 4938.472764 4940.510260 4941.540700 4941.506990 4942.528697 4945.543448 4947.243354 4946.353815 
0.001613 0.001685 0.001318 0.000786 0.000399 0.000215 0.000149 0.000118 0.000102 0.000090 0.000072 0.000057 0.000056 0.000061 0.000060 0.000061 0.000061 0.000057 0.000050 0.000049 0.000056 0.000058 
5016.721424 5016.351481 5016.186388 5016.121760 5014.747708 5011.610812 5009.583870 5009.155488 5009.095376 5012.443001 5016.045464 5015.108732 5013.977447 5014.391918 5018.213716 5022.480114 5021.978914 5017.699368 5015.004457 5012.837744 5011.557120 5014.602192 
0.001341 0.001593 0.001422 0.001004 0.000625 0.000383 0.000216 0.000115 0.000078 0.000073 0.000080 0.000092 0.000093 0.000082 0.000071 0.000066 0.000063 0.000061 0.000062 0.000065 0.000070 0.000070 
5094.921587 5095.841677 5096.345819 5096.009256 5094.294882 5091.158870 5089.089201 5090.917152 5099.156797 5104.071558 5105.283203 5100.675949 5098.079554 5099.422494 5102.105085 5102.689233 5099.099179 5091.796366 5087.250406 5089.834861 5096.671599 5098.388176 
0.000803 0.001423 0.001178 0.000967 0.000599 0.000290 0.000145 0.000095 0.000063 0.000059 0.000061 0.000059 0.000051 0.000045 0.000050 0.000060 0.000062 0.000057 0.000053 0.000047 0.000040 0.000039 
5164.864595 5168.214849 5170.301553 5171.215545 5171.546911 5173.292033 5178.932873 5179.903190 5177.029339 5171.536748 5168.679643 5165.854319 5165.381890 5169.572764 5173.560554 5173.988558 5173.099108 5170.998998 5168.468591 5167.902076 5169.030226 5172.040183 
0.000575 0.000575 0.000414 0.000212 0.000105 0.000084 0.000083 0.000089 0.000084 0.000070 0.000057 0.000047 0.000039 0.000036 0.000040 0.000044 0.000046 0.000054 0.000063 0.000067 0.000063 0.000054 
5267.546319 5267.318453 5266.988052 5266.345082 5267.763076 5270.733812 5270.462943 5268.467291 5267.237690 5265.774473 5263.370555 5261.882074 5263.881409 5266.974083 5268.130236 5267.648535 5267.447829 5267.411645 5267.646550 5267.561319 5267.054263 5266.591541 
0.000338 0.000358 0.000285 0.000173 0.000087 0.000054 0.000045 0.000045 0.000039 0.000033 0.000034 0.000040 0.000050 0.000055 0.000053 0.000045 0.000038 0.000030 0.000023 0.000021 0.000024 0.000025 
5352.154434 5352.182374 5352.257318 5352.419128 5352.373827 5352.438403 5352.284968 5352.011603 5350.647216 5350.809091 5352.230717 5353.342016 5354.375921 5355.016271 5355.277660 5354.568961 5353.178713 5352.239246 5353.696004 5356.602247 5356.113563 5355.224983 
0.000780 0.000970 0.000931 0.000705 0.000442 0.000247 0.000142 0.000086 0.000072 0.000074 0.000073 0.000062 0.000048 0.000042 0.000039 0.000040 0.000041 0.000042 0.000041 0.000037 0.000031 0.000025 
5399.300004 5398.700296 5397.691120 5396.594737 5396.508434 5397.706655 5398.116486 5396.408205 5394.246827 5393.058011 5393.528828 5394.958066 5397.360701 5398.358231 5396.685079 5393.716183 5391.600302 5390.847150 5391.431085 5393.821497 5396.138431 5397.491716 
0.000975 0.001254 0.001195 0.000883 0.000549 0.000301 0.000155 0.000082 0.000057 0.000048 0.000040 0.000037 0.000039 0.000044 0.000050 0.000056 0.000056 0.000050 0.000042 0.000041 0.000045 0.000052 
5447.498525 5447.393196 5447.260164 5446.956159 5447.172561 5447.916628 5448.457662 5447.555969 5448.540121 5448.659908 5444.240247 5440.575851 5444.536773 5450.163869 5449.652000 5444.943951 5440.824406 5439.317957 5442.702605 5446.788963 5444.675005 5439.581183 
0.000525 0.000618 0.000538 0.000361 0.000210 0.000116 0.000076 0.000062 0.000052 0.000045 0.000045 0.000046 0.000047 0.000048 0.000044 0.000037 0.000034 0.000040 0.000046 0.000048 0.000045 0.000039 
5492.448624 5493.683008 5495.399625 5497.991622 5499.935706 5500.661443 5498.552123 5495.532817 5493.406952 5494.551546 5498.984103 5501.590982 5500.931640 5497.009727 5493.788781 5494.924709 5498.349669 5498.916288 5497.660723 5498.180466 5500.090471 5501.644761 
0.000892 0.001010 0.000833 0.000496 0.000236 0.000129 0.000094 0.000082 0.000083 0.000082 0.000076 0.000071 0.000062 0.000048 0.000037 0.000034 0.000038 0.000041 0.000040 0.000041 0.000044 0.000040 
5543.385436 5542.887405 5542.026346 5540.363737 5537.746125 5535.661284 5533.577406 5535.433583 5539.529245 5539.617867 5536.234003 5532.043327 5529.986970 5529.456266 5530.925296 5535.732440 5540.588536 5541.327447 5538.312468 5534.911197 5535.413845 5537.413016 
0.000650 0.000725 0.000591 0.000350 0.000161 0.000086 0.000065 0.000056 0.000050 0.000051 0.000052 0.000048 0.000039 0.000038 0.000048 0.000056 0.000055 0.000052 0.000054 0.000054 0.000046 0.000033 
5617.269659 5617.765798 5618.981686 5620.894394 5622.208476 5622.288725 5622.129418 5619.793582 5618.549457 5619.636530 5619.692586 5618.748234 5618.673667 5616.999971 5614.855655 5615.409280 5616.456849 5613.678590 5609.546329 5609.082916 5611.505252 5617.343693 
0.001630 0.002043 0.002003 0.001533 0.000885 0.000364 0.000154 0.000111 0.000096 0.000080 0.000066 0.000060 0.000055 0.000049 0.000047 0.000049 0.000051 0.000052 0.000051 0.000047 0.000042 0.000037 
5691.586357 5689.658357 5687.617608 5686.018622 5685.182295 5685.675536 5686.549226 5684.470067 5682.826694 5681.063502 5681.007435 5681.808820 5681.627721 5683.113903 5686.785435 5687.780194 5685.972601 5682.471425 5680.964423 5683.187386 5685.867564 5687.515438 
0.000446 0.000468 0.000389 0.000261 0.000140 0.000070 0.000049 0.000046 0.000037 0.000026 0.000023 0.000025 0.000033 0.000041 0.000039 0.000030 0.000027 0.000030 0.000036 0.000041 0.000040 0.000031 
5732.552043 5732.383064 5732.655832 5733.497722 5734.725957 5735.812610 5736.112242 5735.617461 5736.176961 5736.550233 5732.919167 5730.971690 5732.615483 5733.434501 5733.149773 5732.258820 5732.106305 5732.627576 5733.205257 5733.794058 5734.398973 5735.114403 
0.000543 0.000604 0.000520 0.000357 0.000223 0.000140 0.000092 0.000058 0.000040 0.000037 0.000044 0.000054 0.000056 0.000053 0.000050 0.000044 0.000039 0.000036 0.000034 0.000033 0.000034 0.000036 
5793.365401 5793.547761 5793.456262 5792.837226 5791.880675 5791.703146 5793.065785 5793.991710 5794.599742 5796.032712 5796.121786 5794.544865 5792.283404 5790.419311 5791.120771 5794.324010 5797.699571 5799.490308 5798.152911 5794.489755 5792.027672 5792.049230 
0.000434 0.000489 0.000408 0.000253 0.000126 0.000070 0.000058 0.000054 0.000050 0.000044 0.000038 0.000031 0.000028 0.000031 0.000039 0.000045 0.000045 0.000041 0.000039 0.000043 0.000047 0.000043 
5855.536806 5856.064617 5856.684105 5857.533808 5857.874609 5856.983656 5856.929054 5858.284088 5859.714570 5859.778601 5858.367099 5855.845302 5854.991690 5855.667027 5857.616823 5859.359600 5860.329138 5860.309400 5858.781927 5857.681174 5857.351914 5857.174113 
0.000332 0.000372 0.000311 0.000197 0.000116 0.000081 0.000069 0.000058 0.000050 0.000044 0.000040 0.000036 0.000033 0.000030 0.000027 0.000027 0.000029 0.000031 0.000038 0.000050 0.000055 0.000048 
5917.968645 5917.540014 5916.983828 5916.371322 5916.450500 5915.964131 5915.583327 5915.630869 5915.253263 5915.866598 5918.403450 5920.529851 5919.407821 5916.976482 5916.498669 5917.124946 5918.001873 5918.719106 5918.995034 5918.301961 5917.868862 5917.811155 
0.002130 0.002354 0.001901 0.001113 0.000499 0.000222 0.000115 0.000073 0.000065 0.000067 0.000074 0.000075 0.000069 0.000062 0.000057 0.000055 0.000056 0.000061 0.000067 0.000074 0.000085 0.000091 
6038.925340 6038.859016 6038.288786 6036.629577 6033.255042 6032.837381 6035.890881 6041.188489 6043.039309 6042.249757 6044.056848 6044.014034 6041.842304 6040.464628 6041.935423 6043.799007 6044.899554 6043.418970 6040.965608 6040.033202 6039.744209 6039.306047 
0.000842 0.000854 0.000616 0.000303 0.000127 0.000090 0.000077 0.000081 0.000080 0.000072 0.000068 0.000072 0.000071 0.000060 0.000048 0.000046 0.000048 0.000043 0.000035 0.000036 0.000044 0.000048 
6142.386527 6141.709833 6140.851242 6140.061729 6142.787599 6144.155505 6147.018962 6151.548345 6150.009030 6144.514010 6138.453516 6133.714922 6130.656924 6128.454283 6132.622383 6139.870330 6139.911924 6136.090890 6136.430252 6136.827529 6134.482558 6132.214218 
0.000398 0.000408 0.000307 0.000171 0.000093 0.000071 0.000072 0.000066 0.000050 0.000032 0.000025 0.000023 0.000023 0.000021 0.000020 0.000025 0.000032 0.000034 0.000032 0.000027 0.000019 0.000013 
6182.352087 6182.281993 6182.349868 6183.214416 6184.721576 6184.767568 6183.057442 6182.220582 6181.602172 6179.993375 6179.442350 6181.036243 6183.513831 6186.210498 6186.746045 6184.481080 6183.503602 6183.623347 6183.383669 6182.587422 6181.919341 6181.547709 
0.000786 0.000817 0.000608 0.000318 0.000141 0.000103 0.000099 0.000119 0.000122 0.000097 0.000069 0.000055 0.000051 0.000049 0.000047 0.000049 0.000053 0.000058 0.000063 0.000066 0.000064 0.000057 
6223.495174 6224.630337 6226.063430 6227.536177 6228.130628 6226.771080 6228.073583 6227.551227 6227.214417 6225.086018 6220.558709 6221.039119 6227.256960 6230.641349 6229.117496 6225.056101 6222.046899 6224.006056 6228.214704 6230.067199 6229.575867 6229.384131 
0.000509 0.000542 0.000436 0.000266 0.000133 0.000084 0.000082 0.000097 0.000094 0.000070 0.000046 0.000042 0.000050 0.000053 0.000046 0.000034 0.000026 0.000029 0.000041 0.000047 0.000047 0.000040 
6349.945063 6349.071074 6347.923390 6346.451344 6345.812800 6350.096516 6354.068490 6355.679916 6356.044052 6357.070210 6355.922147 6350.430291 6349.024483 6350.916296 6353.006454 6353.778374 6351.182610 6349.221965 6346.314742 6345.105385 6345.785496 6347.214844 
0.000443 0.000444 0.000330 0.000185 0.000099 0.000074 0.000067 0.000069 0.000064 0.000051 0.000039 0.000031 0.000028 0.000029 0.000030 0.000032 0.000037 0.000042 0.000041 0.000038 0.000037 0.000043 
6425.215951 6425.586169 6425.871146 6425.601305 6424.535151 6425.999102 6429.450052 6430.276576 6428.051591 6425.750374 6427.275829 6430.442108 6430.041065 6427.844267 6425.698531 6423.850739 6423.046523 6421.910235 6420.041988 6419.288846 6420.350507 6422.468629 
0.000272 0.000315 0.000265 0.000165 0.000094 0.000061 0.000043 0.000031 0.000030 0.000031 0.000026 0.000024 0.000025 0.000026 0.000024 0.000022 0.000025 0.000032 0.000037 0.000038 0.000035 0.000029 
6607.965466 6607.888112 6607.958359 6608.451448 6608.624644 6608.421799 6606.410556 6604.475778 6605.214883 6606.505896 6606.257337 6606.125741 6606.889714 6610.323812 6612.379118 6612.916584 6611.840394 6611.115147 6610.356427 6609.561401 6610.033848 6612.129754 
0.000743 0.000787 0.000598 0.000317 0.000133 0.000082 0.000074 0.000074 0.000071 0.000066 0.000061 0.000057 0.000052 0.000046 0.000045 0.000050 0.000054 0.000059 0.000067 0.000076 0.000078 0.000073 
6908.714637 6908.501175 6907.907906 6906.394237 6906.105779 6910.963958 6914.974775 6915.277607 6911.280271 6907.569354 6906.810744 6909.881080 6914.941263 6916.280318 6912.103506 6907.272637 6903.603248 6902.319733 6904.393073 6906.376409 6904.987792 6902.504057 
0.000560 0.000715 0.000681 0.000486 0.000262 0.000129 0.000079 0.000071 0.000066 0.000053 0.000046 0.000047 0.000047 0.000045 0.000044 0.000048 0.000056 0.000056 0.000049 0.000041 0.000039 0.000037 
6970.984778 6969.301959 6968.808725 6969.684852 6972.172970 6972.308663 6968.453287 6969.384139 6970.384890 6968.834360 6967.598889 6969.642483 6970.066541 6968.871188 6968.526616 6967.763429 6965.780124 6963.531019 6963.723567 6967.643573 6969.641814 6969.451280 
0.000713 0.000785 0.000620 0.000343 0.000145 0.000098 0.000094 0.000105 0.000096 0.000077 0.000067 0.000061 0.000054 0.000047 0.000042 0.000044 0.000056 0.000066 0.000064 0.000055 0.000047 0.000046 
7035.590699 7036.035382 7036.370908 7036.773799 7036.820939 7036.656123 7040.091521 7042.726526 7042.289406 7037.669747 7034.389474 7036.387522 7038.904275 7038.680650 7036.418233 7030.606099 7030.670703 7034.904078 7038.618595 7039.508749 7037.987007 7038.431451 
0.000310 0.000314 0.000230 0.000118 0.000065 0.000058 0.000082 0.000111 0.000111 0.000083 0.000049 0.000035 0.000034 0.000031 0.000028 0.000030 0.000040 0.000050 0.000054 0.000055 0.000052 0.000041 
7315.872129 7315.893234 7316.057612 7316.926176 7318.553654 7318.394020 7315.901914 7314.823490 7314.385276 7314.208421 7315.028145 7317.839782 7318.999135 7318.887743 7318.376604 7317.567342 7316.204195 7315.103858 7314.516801 7314.714270 7315.119731 7315.173644 
0.000315 0.000330 0.000258 0.000156 0.000087 0.000072 0.000072 0.000078 0.000064 0.000038 0.000025 0.000027 0.000028 0.000023 0.000016 0.000015 0.000016 0.000021 0.000025 0.000025 0.000023 0.000024 
7507.079482 7506.864278 7506.447455 7505.792437 7505.261073 7505.517006 7505.579128 7506.062099 7505.901092 7504.634932 7504.835610 7505.566714 7507.787019 7508.998424 7507.577840 7504.964925 7506.333626 7507.197782 7506.224458 7506.224569 7507.571029 7508.271596 
0.000776 0.000889 0.000747 0.000465 0.000230 0.000127 0.000093 0.000086 0.000078 0.000065 0.000056 0.000052 0.000054 0.000058 0.000060 0.000061 0.000060 0.000057 0.000061 0.000064 0.000061 0.000054 
7811.720766 7810.080626 7808.953425 7808.971981 7811.473816 7809.016472 7805.110753 7803.821191 7804.631688 7805.640214 7808.156510 7814.848954 7822.878232 7824.151064 7818.332190 7810.654030 7805.914893 7807.349942 7809.733854 7808.820648 7806.850948 7807.347312 
