0.079932 12.715621
0.031973 4.797147
0.031973 3.461659
0.047959 2.323151
0.000000 0.000000
0.095918 5.245127
0.015986 5.125070
0.031973 5.488161
0.031973 5.268989
0.031973 11.263763
0.047959 13.472709
0.031973 8.392782
0.047959 13.239530
0.031973 8.972269
0.031973 11.756382
0.031973 16.325965
0.031973 17.124060
0.015986 19.235682
0.031973 18.834934
0.015986 9.893071
0.015986 20.537086
0.015986 11.554642
0.015986 15.929289
0.063946 5.866983
0.015986 14.172149
0.015986 7.778028
0.031973 15.284485
0.047959 14.102303
0.031973 10.196322
0.079932 7.796136
0.015986 10.928617
0.015986 13.601707
0.015986 15.263383
0.015986 17.889652
0.015986 11.250886
0.031973 18.779715
0.015986 15.973649
0.015986 18.529965
0.031973 16.396781
0.095918 16.528411
0.079932 14.221597
0.031973 7.932174
0.047959 12.718915
0.031973 15.439552
0.063946 7.109935
0.015986 9.474245
0.015986 13.708012
0.015986 12.189682
0.031973 14.026675
0.063946 4.237306
0.047959 10.193843
0.047959 10.607851
0.047959 13.503006
0.031973 9.878949
0.031973 5.136209
0.015986 14.920036
0.015986 18.367044
0.047959 11.668890
0.031973 17.651762
0.063946 14.542565
0.015986 16.748804
0.015986 14.116697
0.015986 8.246897
0.047959 9.139924
0.047959 9.799962
0.031973 10.299816
0.015986 10.774385
0.031973 14.161793
0.047959 12.163017
0.015986 17.515266
0.031973 12.229756
0.047959 12.465647
0.015986 14.827209
0.031973 11.856847
0.047959 13.847291
0.063946 7.103099
0.031973 17.140887
0.015986 13.380268
0.031973 11.430934
0.015986 7.876975
0.031973 15.118659
0.015986 13.060324
0.015986 13.388617
0.015986 10.656358
0.031973 13.255032
0.063946 7.173287
0.047959 11.408902
0.015986 10.481527
0.031973 14.709408
0.047959 12.963630
0.031973 11.021021
0.031973 12.763608
0.063946 12.303393
0.063946 13.708873
0.031973 17.696594
0.047959 21.282458
0.047959 17.597151
0.031973 18.849774
0.047959 22.635715
0.031973 22.624124
0.031973 13.098920
0.047959 15.086315
0.031973 10.808258
0.047959 9.979685
0.047959 15.173302
0.047959 13.886267
0.031973 13.851525
0.015986 13.618243
0.015986 13.453179
0.015986 15.160622
0.047959 14.505212
0.031973 16.633952
0.015986 10.767528
0.031973 13.789606
0.015986 14.668658
0.031973 18.314421
0.015986 15.579102
0.031973 14.502231
0.015986 11.551367
0.015986 13.610684
0.031973 14.434799
0.031973 21.489492
0.031973 20.404329
0.015986 15.645456
0.015986 14.675707
0.031973 11.780078
0.015986 14.981362
0.031973 16.366812
0.031973 17.678439
0.031973 16.463883
0.047959 13.103991
0.015986 15.310269
0.031973 17.921418
0.031973 21.424945
0.015986 17.574568
0.015986 16.477485
0.031973 10.747752
0.031973 8.697026
0.031973 10.785115
0.031973 9.915789
0.031973 11.958721
0.063946 18.369323
0.063946 15.520196
0.047959 17.401488
0.031973 19.282515
0.031973 13.477614
0.031973 12.575865
0.047959 14.995925
0.031973 14.694322
0.031973 13.896841
0.031973 12.263736
0.015986 9.940069
0.015986 10.432569
0.047959 10.099937
0.031973 12.251441
0.047959 10.947793
0.031973 13.229666
0.031973 11.688217
0.047959 13.033754
0.031973 12.973222
0.031973 12.156876
0.031973 11.459626
0.015986 10.572074
0.031973 10.151530
0.015986 10.109398
0.047959 11.710803
0.031973 9.052589
0.031973 10.496631
0.031973 11.448484
0.031973 11.532077
0.031973 9.994300
0.031973 8.680533
0.031973 9.842135
0.047959 9.509966
0.031973 10.394173
0.031973 8.615429
0.031973 9.348040
0.031973 8.285613
0.031973 8.929070
0.031973 10.833379
