0.079932 5.697258
0.031973 11.519409
0.095918 4.325912
0.031973 9.030224
0.063946 5.327859
0.095918 7.829739
0.031973 6.752074
0.015986 5.381563
0.079932 8.498165
0.031973 8.702456
0.047959 8.232502
0.031973 19.006614
0.015986 10.612480
0.015986 10.346364
0.015986 18.833042
0.015986 20.343611
0.015986 21.273471
0.015986 12.413064
0.047959 22.096513
0.015986 17.823817
0.015986 16.880282
0.015986 8.193869
0.063946 5.388154
0.047959 20.888110
0.031973 19.074849
0.031973 8.818804
0.015986 5.206185
0.015986 10.244023
0.015986 13.804739
0.015986 14.334425
0.015986 15.696543
0.031973 17.835380
0.015986 13.425243
0.015986 11.281829
0.031973 14.826882
0.031973 16.314186
0.015986 19.172106
0.047959 9.487399
0.015986 18.828549
0.031973 20.262978
0.031973 15.490695
0.031973 18.178091
0.015986 19.170956
0.015986 11.346797
0.015986 5.426959
0.015986 10.484378
0.015986 17.601805
0.015986 17.180996
0.015986 18.598127
0.015986 18.119609
0.015986 11.262524
0.015986 17.939504
0.015986 16.176273
0.015986 14.558014
0.015986 8.327157
0.031973 13.005034
0.047959 10.544302
0.015986 10.419028
0.031973 8.622332
0.031973 16.149360
0.031973 14.471731
0.015986 11.157806
0.047959 14.408822
0.015986 20.907644
0.015986 20.985095
0.015986 16.782226
0.015986 12.735797
0.015986 13.911011
0.015986 9.589374
0.031973 11.517780
0.031973 17.240253
0.063946 17.999295
0.031973 14.241218
0.015986 14.956357
0.015986 18.698539
0.015986 18.945344
0.047959 11.387444
0.015986 8.808116
0.015986 21.346122
0.015986 18.668327
0.015986 19.058162
0.031973 19.736290
0.047959 10.349557
0.015986 13.819173
0.015986 17.310485
0.047959 21.749829
0.031973 18.737316
0.031973 18.938493
0.015986 10.300388
0.031973 12.983694
0.015986 13.584567
0.031973 14.741321
0.015986 9.926366
0.015986 13.950581
0.047959 11.973455
0.047959 8.768305
0.015986 15.271138
0.015986 13.047016
0.047959 16.597349
0.015986 13.036629
0.015986 11.531143
0.015986 10.822485
0.031973 12.988857
0.031973 10.491620
0.031973 14.566500
0.031973 10.714060
0.031973 14.307502
0.031973 16.347976
0.015986 17.125148
0.031973 17.680968
0.031973 19.033659
0.031973 12.875654
0.015986 12.912560
0.015986 15.958634
0.015986 12.570195
0.015986 13.204045
0.031973 14.744605
0.031973 18.677881
0.031973 15.834362
0.031973 13.516372
0.047959 12.638547
0.031973 15.483632
0.015986 11.547776
0.047959 10.399517
0.063946 14.242515
0.015986 10.332377
0.015986 10.310044
0.031973 8.847198
0.031973 9.834100
0.031973 19.122369
0.015986 13.305983
0.031973 14.291296
0.031973 8.444660
0.015986 9.112184
0.031973 14.042185
0.031973 16.508990
0.015986 16.847324
0.015986 14.400696
0.031973 13.186082
0.031973 6.506602
0.031973 8.004435
0.031973 9.726166
0.031973 9.678255
0.015986 10.587525
0.031973 12.066587
0.031973 13.834190
0.047959 13.738449
0.047959 14.018948
0.063946 10.765505
0.015986 14.565435
0.031973 8.844324
0.031973 9.859030
0.031973 13.935195
0.031973 13.532522
0.047959 16.353534
0.031973 12.033153
0.031973 15.360174
0.031973 9.428118
0.015986 10.851377
0.031973 15.915752
0.031973 13.643136
0.031973 15.620521
0.015986 9.344974
0.015986 10.351375
0.015986 11.538817
0.031973 7.660268
0.031973 12.180921
0.031973 14.900025
0.031973 16.163012
0.031973 16.365961
0.031973 16.931358
0.079932 12.557488
0.031973 14.800252
0.031973 11.218916
0.031973 12.529846
0.031973 10.535175
0.015986 7.667441
0.015986 9.719998
0.015986 11.294164
0.031973 13.602038
0.015986 9.795614
0.031973 18.021487
0.031973 13.675769
0.031973 11.161119
0.031973 12.633030
0.031973 15.064928
0.031973 10.087530
0.031973 11.250458
0.015986 10.421309
0.015986 12.056677
0.031973 12.933301
0.015986 12.784751
0.031973 13.179626
0.031973 13.791198
0.031973 13.584029
0.031973 9.753463
0.031973 9.854863
0.031973 14.641566
0.031973 13.732373
0.015986 11.048280
0.015986 10.419242
0.015986 6.646010
0.015986 8.464712
0.031973 6.471375
0.031973 5.563089
0.031973 11.451101
0.015986 3.875749
0.031973 6.782497
0.015986 9.939025
0.031973 11.822434
0.031973 9.980631
0.015986 13.434683
0.031973 10.795089
0.015986 8.049641
0.015986 7.397149
0.015986 4.902957
0.031973 7.089633
0.031973 8.984677
0.031973 15.012496
0.031973 13.899005
0.031973 9.804565
0.015986 1.942324
0.015986 6.788974
0.015986 6.766760
0.031973 3.784236
0.031973 4.990529
0.031973 4.218910
0.031973 4.061580
0.079932 1.634616
0.015986 6.545642
0.031973 10.704441
0.015986 6.882968
0.015986 8.927123
0.015986 7.402909
0.015986 7.370198
0.031973 10.377109
0.031973 6.380463
0.031973 2.630755
0.015986 3.524128
0.015986 4.742128
0.031973 9.178144
0.015986 7.682605
0.031973 8.018767
0.031973 4.478859
0.031973 4.671140
0.031973 4.504059
0.031973 7.204305
0.031973 4.947364
0.015986 4.309609
0.000000 0.000000
0.031973 4.368250
0.031973 5.306961
0.063946 3.529725
0.031973 4.339661
0.031973 4.077918
0.031973 1.617345
0.031973 5.709382
0.031973 3.874442
0.015986 3.418218
0.063946 7.765513
0.000000 0.000000
0.031973 2.046982
0.031973 7.923093
0.015986 4.573934
0.031973 7.736273
0.031973 2.152033
0.031973 2.797142
0.031973 4.235951
0.031973 5.348015
0.159864 6.144208
0.031973 4.104464
0.047959 4.660325
0.031973 3.016880
0.031973 7.432032
0.031973 3.096191
0.015986 6.685285
0.015986 4.910023
0.015986 4.315592
0.015986 4.521731
0.031973 5.161007
0.031973 2.454228
0.015986 2.613964
0.015986 4.898024
0.031973 5.897319
0.031973 4.414295
0.047959 3.054847
0.031973 4.436125
0.015986 4.462994
0.015986 5.457203
0.015986 5.173978
0.031973 9.045133
0.015986 9.681471
0.031973 10.065951
0.031973 5.349422
0.047959 1.767386
0.000000 0.000000
0.031973 3.289019
0.031973 3.963826
0.031973 4.051121
0.031973 4.536003
0.015986 5.723438
0.015986 4.656606
0.015986 3.736791
0.047959 3.387895
0.239796 5.429500
0.031973 4.177190
0.015986 4.102742
0.031973 3.572995
0.031973 2.613360
0.000000 0.000000
0.047959 2.826729
0.031973 3.711055
0.031973 4.638281
0.047959 7.934840
0.000000 0.000000
0.000000 0.000000
0.303741 4.023701
