0.047959 10.200545
0.031973 11.176860
0.015986 5.368217
0.031973 7.855168
0.015986 5.849271
0.015986 8.512891
0.031973 10.601243
0.031973 10.221125
0.031973 8.517289
0.031973 3.860072
0.031973 8.292701
0.031973 7.342806
0.031973 5.597062
0.031973 7.814718
0.031973 9.344009
0.015986 4.927308
0.063946 4.804487
0.031973 13.103608
0.031973 10.199883
0.047959 5.731538
0.031973 17.506240
0.031973 15.796058
0.047959 6.334201
0.031973 17.606834
0.031973 17.046653
0.031973 14.435176
0.015986 14.903180
0.079932 3.802575
0.031973 9.499871
0.031973 11.485581
0.015986 11.274236
0.031973 14.072256
0.015986 12.782674
0.079932 6.864826
0.031973 15.670090
0.031973 14.602266
0.015986 12.331657
0.031973 5.015124
0.031973 13.809892
0.047959 7.558150
0.047959 5.701772
0.063946 5.513550
0.031973 11.029384
0.063946 3.891108
0.031973 12.473566
0.031973 10.482061
0.047959 5.012986
0.031973 8.563025
0.031973 8.987021
0.015986 12.436298
0.031973 16.604530
0.031973 17.858067
0.031973 19.882065
0.015986 17.068625
0.031973 13.146520
0.047959 8.459783
0.031973 14.085793
0.015986 13.145531
0.031973 8.192380
0.015986 9.433646
0.015986 7.053816
0.031973 8.778784
0.015986 9.984826
0.015986 13.299758
0.031973 11.859364
0.031973 11.870465
0.031973 6.029215
0.063946 5.864089
0.015986 5.160551
0.031973 7.853770
0.047959 10.135387
0.031973 3.891967
0.031973 6.220788
0.031973 4.980151
0.031973 9.763231
0.015986 9.336467
0.031973 8.523551
0.031973 7.411729
0.047959 10.389272
0.047959 6.524828
0.015986 12.866649
0.047959 11.817364
0.015986 15.806634
0.031973 13.913842
0.015986 14.472346
0.031973 9.302322
0.063946 11.039985
0.031973 10.801922
0.015986 10.203092
0.095918 7.184915
0.191837 9.039283
0.095918 8.574759
0.015986 5.605734
0.031973 6.814778
0.031973 4.802924
0.031973 7.451075
0.015986 5.236195
0.031973 6.556747
0.095918 1.613814
0.079932 2.921350
0.031973 5.017653
0.015986 7.069579
0.031973 4.097392
0.031973 5.825854
0.047959 7.955267
0.031973 4.635316
0.015986 3.561803
0.031973 4.930877
0.047959 3.788629
0.047959 4.359399
0.031973 5.075915
0.031973 4.909078
0.031973 4.323403
0.031973 3.863098
0.191837 5.663326
0.063946 7.189118
0.111905 7.048243
0.127891 5.809061
0.047959 5.467934
0.207823 7.785469
0.079932 4.927750
0.239796 9.038096
0.047959 3.757553
0.335714 7.947482
0.175850 8.419403
0.031973 5.730554
0.111905 5.680036
0.063946 4.419436
0.127891 6.196980
0.079932 2.964043
0.079932 3.513892
0.079932 5.898858
0.031973 4.546346
0.047959 4.651762
0.031973 2.408195
0.095918 5.946999
0.047959 3.192987
0.079932 5.709525
0.031973 6.637783
0.031973 6.842675
0.271769 5.939111
0.063946 5.014755
0.047959 2.526814
0.239796 8.082834
0.063946 5.921736
0.047959 4.370537
0.079932 5.485893
0.063946 4.492487
0.223810 4.643256
0.303741 6.891768
0.095918 6.349418
0.207823 8.049898
0.063946 5.848043
0.271769 7.157553
0.127891 4.596593
0.047959 7.113372
0.079932 5.953921
0.079932 4.854024
0.031973 5.353668
0.079932 5.814903
0.255782 4.567225
0.207823 5.069596
0.079932 7.354657
0.303741 8.516631
0.223810 8.255048
0.063946 6.081904
0.063946 6.317920
0.079932 5.465227
0.031973 6.181828
0.031973 6.529298
