1 10
17 25
31 36
46 49
52 55
56 59
60 70
71 75
80 83
84 89
90 95
103 118
121 129
141 148
151 155
158 162
165 172
174 177
178 181
190 194
195 208
221 225
226 229
230 246
254 258
263 266
267 271
276 284
285 299
312 318
319 324
325 328
332 336
339 357
358 362
364 375
376 380
381 384
385 389
390 400
401 408
412 420
421 424
425 431
434 438
439 446
447 460
466 477
484 496
499 505
514 523
531 538
556 566
567 571
574 586
592 609
610 629
635 642
644 658
663 674
680 685
686 694
695 700
708 717
724 729
731 746
747 752
770 784
800 807
810 817
822 826
830 844
845 850
851 866
871 876
879 889
890 893
896 911
912 921
925 933
941 948
964 969
976 980
981 987
994 1008
1014 1024
1025 1029
1032 1036
1037 1047
1055 1064
1068 1072
1082 1091
1096 1109
1111 1116
1120 1125
1129 1146
1147 1163
1171 1181
1187 1190
1194 1203
1209 1212
1213 1218
1235 1242
1244 1248
1249 1253
1254 1258
1263 1271
1274 1279
1280 1284
1285 1291
1292 1298
1300 1305
1306 1311
1312 1325
1330 1337
1341 1357
1358 1370
1378 1388
1395 1399
1400 1407
1410 1422
1426 1429
1430 1444
1445 1462
1477 1492
1497 1501
1502 1507
1508 1513
1516 1519
1520 1523
1524 1540
1551 1555
1556 1563
1565 1583
1588 1595
1607 1624
1631 1644
1650 1656
1663 1667
1670 1675
1677 1688
1689 1697
1698 1710
1711 1719
1724 1729
1730 1738
1739 1747
1748 1756
1763 1774
1775 1783
1789 1801
1803 1823
1835 1840
1841 1844
1845 1854
1855 1863
1868 1876
1877 1880
1881 1890
1891 1904
1913 1929
1931 1935
1936 1939
1941 1955
1961 1966
1971 1993
2001 2009
2010 2025
2026 2044
2045 2056
2059 2063
2064 2073
2074 2078
2079 2094
2103 2109
2112 2118
2122 2136
2137 2141
2142 2149
2156 2162
2163 2172
2176 2191
2192 2207
2208 2213
2222 2233
2248 2256
2258 2279
2280 2296
2301 2310
2311 2322
2331 2336
2345 2354
2362 2373
2378 2393
2400 2406
2413 2422
2425 2435
2436 2449
2458 2464
2474 2482
2489 2514
2520 2541
2545 2549
2552 2571
2572 2577
2578 2583
2587 2600
2602 2632
2633 2647
2656 2668
2678 2685
2687 2713
2726 2734
2743 2759
2764 2775
2793 2799
2801 2812
2813 2820
2821 2831
2837 2850
2851 2872
2903 2909
2916 2928
2929 2942
2956 2961
2977 2982
2992 3000
3043 3052
3133 3159
3163 3175
3188 3199
3210 3219
3258 3264
3275 3295
3302 3307
3308 3320
3349 3361
3378 3382
3391 3397
3409 3422
3431 3443
3444 3456
3469 3478
3479 3488
3489 3497
3508 3520
3530 3534
3556 3560
3589 3604
3611 3614
3654 3666
3683 3690
3778 3790
3792 3797
3826 3837
3895 3903
3907 3922
3926 3930
3934 3939
3975 3986
4001 4006
4040 4044
