0.063946 13.013792
0.031973 3.768386
0.015986 5.488660
0.031973 6.849396
0.031973 5.575831
0.031973 5.328626
0.031973 8.176776
0.031973 9.771209
0.031973 8.945951
0.015986 4.772168
0.031973 5.114969
0.031973 11.547478
0.111905 2.380971
0.031973 12.722731
0.031973 3.779843
0.015986 13.194090
0.015986 13.369279
0.031973 13.986152
0.031973 14.467030
0.031973 20.225373
0.031973 17.560365
0.031973 15.391699
0.047959 2.241918
0.031973 13.093295
0.031973 9.970292
0.031973 4.018848
0.223810 3.768811
0.063946 4.348953
0.031973 2.579388
0.031973 4.622753
0.031973 10.770226
0.047959 11.050047
0.047959 8.664232
0.031973 12.568047
0.031973 13.979551
0.031973 12.786018
0.031973 12.852162
0.015986 15.943999
0.047959 5.868211
0.015986 10.600293
0.015986 3.079125
0.047959 7.775309
0.031973 4.906760
0.031973 5.838070
0.063946 4.348157
0.031973 13.516215
0.031973 8.709533
0.015986 13.179673
0.015986 11.986523
0.031973 16.643288
0.015986 11.102447
0.031973 16.314268
0.031973 15.572513
0.015986 10.729947
0.031973 4.714026
0.015986 6.617450
0.031973 10.998156
0.031973 11.214284
0.031973 11.584602
0.063946 8.040216
0.031973 7.157347
0.031973 6.637658
0.031973 9.635783
0.031973 9.691650
0.031973 6.925321
0.063946 7.185695
0.031973 11.683925
0.015986 10.735320
0.047959 8.791740
0.031973 14.348615
0.047959 8.848415
0.047959 5.979037
0.031973 6.228168
0.031973 5.822033
0.031973 9.688255
0.031973 8.889733
0.095918 8.671207
0.031973 5.263499
0.031973 3.922920
0.031973 6.523967
0.063946 3.850263
0.031973 4.594669
0.047959 6.895315
0.031973 5.046887
0.079932 2.148834
0.031973 4.921142
0.095918 4.066851
0.047959 4.386913
0.031973 3.626912
0.031973 6.958375
0.031973 6.328629
0.031973 5.968544
0.031973 6.134567
0.031973 6.667352
0.031973 4.945780
0.031973 6.203864
0.031973 5.621371
0.031973 5.832215
0.047959 5.108490
0.047959 5.656466
0.031973 4.568283
0.031973 7.211748
0.031973 10.177719
0.031973 4.759066
0.031973 6.417400
0.031973 4.623072
