1 10
16 19
24 28
44 47
74 78
79 82
83 87
88 91
99 102
105 119
127 133
134 139
142 157
158 162
163 172
173 178
179 183
184 190
195 200
201 214
224 228
229 242
246 250
251 262
265 270
274 287
288 291
294 304
305 317
319 322
329 338
352 355
356 359
360 369
372 384
385 389
390 414
415 421
422 426
432 437
443 458
459 467
468 476
481 488
489 494
498 505
515 518
519 529
530 535
543 551
554 558
559 566
574 583
587 614
619 625
631 640
645 656
659 680
681 687
688 706
708 715
716 729
735 739
740 747
748 760
761 765
768 785
790 796
803 817
818 827
834 842
847 851
854 863
864 870
872 875
877 888
889 892
896 900
904 908
914 922
923 941
946 953
960 971
977 981
991 1011
1018 1022
1023 1030
1034 1037
1049 1056
1057 1065
1066 1071
1073 1093
1098 1113
1117 1129
1131 1141
1146 1151
1152 1175
1181 1194
1200 1208
1213 1233
1234 1240
1257 1260
1278 1289
1308 1316
1326 1329
1357 1360
1376 1379
1537 1543
1573 1577
1630 1648
2230 2240
2246 2257
2261 2289
