0.000000 0.000000
0.063946 5.518727
0.031973 6.634449
0.031973 5.321668
0.047959 9.993846
0.031973 8.456377
0.031973 4.436160
0.031973 11.412868
0.031973 1.280494
0.031973 8.173490
0.031973 20.286986
0.031973 14.680008
0.031973 23.945083
0.031973 19.126285
0.015986 21.047797
0.031973 23.661051
0.047959 12.247634
0.031973 21.958776
0.031973 19.850204
0.031973 19.463813
0.031973 8.855230
0.031973 12.151179
0.031973 12.764448
0.031973 17.239524
0.031973 7.759081
0.063946 15.418379
0.031973 20.292513
0.031973 10.561541
0.047959 14.559128
0.031973 19.780554
0.063946 14.649831
0.015986 12.411156
0.031973 16.964783
0.015986 11.778336
0.031973 9.355674
0.047959 8.492233
0.031973 12.684210
0.047959 15.513976
0.015986 18.755090
0.047959 9.885404
0.063946 7.791046
0.015986 12.180980
0.015986 19.406407
0.015986 20.092343
0.015986 21.467532
0.047959 17.594523
0.015986 24.107797
0.015986 20.037561
0.015986 11.767224
0.031973 14.726281
0.031973 10.168299
0.015986 14.763899
0.015986 12.210348
0.015986 12.095747
0.015986 12.949476
0.015986 10.186521
0.047959 14.265296
0.015986 16.915381
0.031973 13.899677
0.031973 7.898222
0.031973 13.820687
0.015986 16.356093
0.031973 19.004525
0.047959 9.419303
0.015986 16.733839
0.015986 15.827569
0.015986 17.140800
0.047959 17.314822
0.047959 18.041315
0.015986 24.051716
0.015986 19.116498
0.031973 18.437235
0.015986 17.962147
0.015986 18.838408
0.015986 18.990938
0.015986 14.574966
0.015986 16.757418
0.015986 18.814182
0.031973 14.754687
0.015986 14.861257
0.031973 21.581878
0.031973 18.726864
0.031973 13.013353
0.031973 11.039672
0.031973 15.383593
0.047959 15.627496
0.047959 20.291023
0.015986 13.685316
0.031973 19.659360
0.031973 20.786708
0.047959 26.174839
0.031973 24.892557
0.031973 21.739201
0.031973 17.090582
0.015986 16.093961
0.015986 14.533276
0.031973 17.174407
0.031973 18.930256
0.015986 16.089745
0.031973 18.700578
0.015986 14.932983
0.031973 17.809996
0.031973 19.994835
0.031973 21.661823
0.015986 15.928846
0.031973 22.872289
0.015986 18.854967
0.031973 17.081935
0.031973 21.658638
0.031973 18.272245
0.031973 15.717316
0.031973 14.010325
0.047959 16.822035
0.031973 13.494060
0.031973 16.914264
0.031973 13.422248
0.031973 11.650849
0.031973 12.123196
0.015986 13.666831
0.015986 16.593359
0.047959 13.107566
0.031973 14.772157
0.031973 18.405420
0.031973 21.880377
0.031973 24.912263
0.031973 17.109216
0.015986 15.087316
0.015986 14.379393
0.031973 10.036093
0.031973 13.211788
0.031973 13.416844
0.031973 13.491314
0.015986 11.262623
0.015986 12.454846
0.031973 12.756582
0.031973 15.249380
0.031973 17.578521
0.031973 15.270680
0.031973 15.159966
0.031973 12.524804
0.015986 11.803485
0.031973 11.283321
0.047959 12.631136
0.031973 13.003305
0.047959 8.609207
0.031973 15.451879
0.031973 14.606632
0.047959 14.222658
0.015986 9.418066
0.031973 12.978652
0.031973 10.920735
0.031973 9.695474
0.031973 11.744411
0.031973 14.934186
0.015986 12.845130
0.015986 14.263982
0.031973 15.943925
0.031973 14.871928
0.031973 15.385524
0.015986 12.336769
0.031973 12.590752
0.031973 13.622500
0.031973 9.682003
0.031973 14.322347
0.031973 9.472083
0.031973 10.282169
0.015986 9.023003
0.031973 10.375232
0.031973 9.860511
0.031973 9.144317
0.031973 11.248444
0.047959 10.913969
0.031973 10.904632
0.031973 10.154467
0.031973 10.477653
0.031973 9.023169
0.031973 10.137178
0.031973 11.414713
