0.047959 10.088987
0.031973 11.240123
0.015986 6.574643
0.031973 8.453178
0.015986 5.018951
0.031973 4.342029
0.031973 7.052010
0.031973 9.264903
0.031973 7.381093
0.031973 2.937161
0.031973 7.741311
0.031973 5.772627
0.031973 8.675116
0.015986 5.266882
0.031973 10.092187
0.063946 4.803818
0.031973 11.407898
0.031973 9.234017
0.047959 5.246994
0.031973 7.549270
0.031973 15.935749
0.047959 7.622072
0.031973 17.357380
0.031973 19.476408
0.031973 16.673366
0.031973 13.122170
0.015986 14.753584
0.079932 3.729699
0.031973 11.726692
0.015986 9.328036
0.031973 12.595271
0.015986 9.962939
0.015986 12.906476
0.031973 9.093508
0.079932 6.864826
0.031973 15.108601
0.031973 12.639519
0.015986 6.555664
0.031973 3.734028
0.015986 9.860310
0.031973 11.868818
0.031973 12.104797
0.047959 5.956742
0.063946 5.042407
0.031973 10.070653
0.079932 4.056200
0.047959 6.114039
0.031973 7.772262
0.031973 14.136940
0.031973 14.358863
0.015986 11.715359
0.031973 9.230308
0.063946 8.616964
0.031973 12.784102
0.015986 13.628881
0.031973 9.143883
0.063946 8.180540
0.015986 8.872151
0.031973 9.014259
0.031973 9.696749
0.031973 3.863952
0.015986 9.781835
0.031973 8.940799
0.031973 7.233223
0.063946 6.098612
0.063946 6.334328
0.111905 6.387012
0.031973 7.146865
0.047959 1.528209
0.031973 7.855968
0.031973 7.264317
0.031973 7.509574
0.031973 6.792193
0.047959 7.184115
0.047959 4.212528
0.015986 11.124793
0.047959 13.128884
0.015986 11.254413
0.031973 12.298835
0.031973 7.089116
0.015986 9.645029
0.015986 6.793060
0.015986 8.493786
0.047959 8.827731
0.207823 8.646135
0.207823 10.260828
0.031973 5.701465
0.031973 7.212535
0.031973 6.681494
0.111905 3.058470
0.031973 7.405863
0.031973 7.021575
0.031973 5.145690
0.031973 3.733704
0.047959 8.198654
0.063946 0.334383
0.255782 8.262466
0.079932 2.135799
0.031973 4.112446
0.127891 4.998152
0.047959 3.358661
0.175850 9.166550
0.047959 4.641955
0.079932 2.989492
0.287755 7.995353
0.047959 4.572961
0.063946 1.518234
0.095918 5.544536
0.175850 8.168644
0.239796 12.250565
0.111905 6.678815
0.063946 4.419322
0.191837 7.298106
0.079932 2.100437
0.319728 9.316481
0.031973 4.109315
0.239796 10.039339
0.095918 3.144263
0.287755 6.686189
0.255782 9.437338
0.127891 7.304437
0.079932 4.324786
0.063946 5.960813
0.095918 4.084751
0.047959 6.458250
0.143878 5.885148
0.063946 4.693195
0.255782 7.005269
0.143878 9.567816
0.063946 4.130679
0.079932 8.794068
0.159864 4.589501
0.255782 9.092934
