1 16
17 20
21 26
29 35
36 40
43 48
51 61
62 73
74 87
88 92
93 96
97 112
128 138
140 163
164 169
173 182
184 196
197 202
214 220
221 227
230 235
236 246
250 259
264 278
283 305
309 317
319 329
330 336
338 360
363 376
385 392
394 397
398 405
406 410
411 418
421 430
431 444
445 448
453 465
466 473
474 478
479 497
501 504
510 524
530 538
543 558
565 575
577 581
585 591
597 600
604 619
620 629
637 640
641 649
652 665
671 678
679 686
690 701
706 715
717 723
728 738
755 758
759 762
766 784
789 797
798 802
811 820
825 832
836 839
840 847
853 862
863 874
877 888
889 894
904 915
916 919
922 935
943 946
947 953
954 977
978 984
985 988
997 1013
1014 1018
1022 1043
1044 1051
1052 1058
1059 1062
1063 1070
1074 1082
1083 1090
1094 1102
1103 1109
1119 1131
1138 1148
1149 1160
1167 1174
1188 1204
1210 1221
1222 1234
1246 1255
1260 1271
1272 1275
1279 1287
1297 1303
1305 1314
1315 1323
1335 1347
1349 1357
1368 1382
1383 1398
1402 1418
1428 1436
1437 1446
1450 1461
1462 1472
1477 1483
1484 1487
1488 1492
1494 1503
1509 1527
1528 1535
1545 1553
1559 1565
1572 1594
1598 1602
1603 1619
1627 1643
1645 1648
1650 1660
1663 1674
1678 1691
1692 1709
1722 1728
1736 1748
1749 1763
1771 1780
1788 1796
1802 1808
1812 1815
1819 1826
1831 1838
1839 1862
1876 1900
1907 1911
1914 1924
1925 1933
1934 1945
1946 1950
1952 1965
1968 1972
1973 1982
1983 1992
1997 2010
2022 2033
2039 2057
2061 2074
2101 2107
2127 2136
2153 2166
2168 2178
2179 2184
2191 2206
2207 2215
2224 2230
2310 2317
2402 2410
2455 2460
2475 2484
2494 2507
2860 2865
3205 3211
