0.079932 12.523003
0.031973 5.505873
0.031973 6.516367
0.191837 1.853778
0.111905 5.915658
0.031973 8.995338
0.063946 8.567640
0.063946 5.254205
0.031973 11.491135
0.015986 12.640754
0.015986 13.674147
0.015986 5.517615
0.015986 8.094278
0.047959 17.765741
0.031973 15.499307
0.031973 11.196276
0.047959 18.940584
0.047959 13.727805
0.031973 11.146155
0.031973 9.550138
0.031973 19.014706
0.015986 17.141419
0.015986 10.530011
0.015986 9.953360
0.047959 13.759762
0.015986 11.869854
0.047959 8.389883
0.047959 9.184842
0.031973 17.697939
0.031973 14.798531
0.047959 11.950599
0.015986 18.231012
0.015986 17.681398
0.031973 14.126116
0.015986 7.815641
0.015986 10.614321
0.031973 4.860506
0.015986 10.957257
0.015986 13.590021
0.015986 10.781426
0.047959 11.248743
0.047959 16.329481
0.031973 7.506053
0.015986 17.067902
0.047959 10.380389
0.015986 8.860579
0.031973 11.287705
0.047959 11.096103
0.031973 7.039833
0.015986 8.172375
0.015986 11.124611
0.015986 8.736678
0.031973 6.853947
0.015986 10.588313
0.031973 12.247133
0.031973 8.758449
0.031973 9.889024
0.031973 8.244879
0.031973 14.830298
0.015986 13.426658
0.015986 15.381451
0.047959 8.897057
0.015986 15.106264
0.015986 12.289179
0.015986 9.650670
0.015986 11.238917
0.015986 9.394964
0.015986 8.606265
0.031973 8.514840
0.031973 7.624846
0.031973 7.990037
0.031973 13.474925
0.047959 13.441193
0.015986 14.078714
0.015986 16.704893
0.015986 17.792243
0.047959 13.455342
0.031973 14.047827
0.047959 10.095945
0.015986 16.640511
0.047959 18.410403
0.031973 15.464391
0.047959 14.512874
0.015986 10.813910
0.031973 11.988111
0.031973 11.081239
0.031973 9.068451
0.047959 10.076236
0.031973 15.557987
0.047959 16.540811
0.015986 13.006612
0.015986 6.763425
0.015986 12.309018
0.015986 13.763100
0.031973 15.006382
0.047959 14.784355
0.047959 13.255345
0.047959 12.674641
0.047959 14.441849
0.031973 14.153710
0.047959 15.096989
0.015986 15.274195
0.047959 20.600141
0.031973 19.440918
0.031973 23.173771
0.015986 16.649739
0.031973 20.053641
0.015986 12.403952
0.031973 16.405479
0.031973 21.996638
0.063946 18.308613
0.031973 13.260819
0.031973 17.486425
0.031973 15.710776
0.015986 12.595093
0.079932 12.405237
0.047959 17.613424
0.063946 14.515324
0.047959 18.665370
0.015986 15.198538
0.047959 21.492906
0.047959 20.385017
0.015986 13.216031
0.031973 13.450397
0.031973 16.150978
0.047959 13.822797
0.031973 10.465073
0.031973 17.425797
0.031973 22.159881
0.031973 21.154997
0.031973 17.642341
0.031973 14.142154
0.031973 10.298138
0.047959 15.936965
0.031973 14.263662
0.031973 14.561673
0.063946 22.997857
0.031973 15.846683
0.031973 11.428335
0.031973 20.331672
0.031973 22.605450
0.031973 18.205561
0.031973 15.153896
0.031973 18.886605
0.015986 11.265378
0.031973 16.700886
0.031973 18.954832
0.031973 17.825176
0.031973 13.879085
0.031973 12.004053
0.031973 11.357047
0.031973 10.289670
0.031973 11.617495
0.031973 10.281304
0.047959 18.014113
0.031973 15.293949
0.031973 14.993868
0.031973 17.185252
0.031973 17.294941
0.047959 16.689152
0.031973 12.866929
0.031973 12.194111
0.015986 9.250717
0.031973 11.328899
0.031973 11.911718
0.031973 11.317768
0.015986 8.064682
0.031973 12.065734
0.047959 12.018214
0.031973 14.084378
0.015986 10.854726
0.015986 8.034547
0.031973 10.343561
0.031973 14.594348
0.031973 20.576631
0.015986 12.079078
0.031973 8.782222
0.031973 10.046450
0.031973 8.226581
0.031973 7.385885
0.031973 8.976943
0.031973 11.548714
0.031973 12.027838
0.031973 8.170202
0.031973 9.372248
0.031973 7.774519
0.031973 7.170052
0.031973 14.713357
0.031973 10.008734
0.031973 11.782741
0.031973 7.284220
0.031973 12.308178
0.031973 9.877915
0.031973 11.901684
0.031973 11.965422
0.031973 10.559052
0.031973 8.417179
0.031973 9.367645
0.031973 7.816248
0.031973 10.451313
