1 13
16 21
22 27
31 36
42 48
51 56
57 60
61 75
81 89
94 106
111 128
132 138
141 156
157 163
173 185
192 196
197 200
201 205
206 218
219 226
227 233
234 238
245 256
265 278
285 288
289 293
294 301
309 314
323 332
338 350
351 360
363 368
369 372
380 391
392 403
404 409
412 423
424 434
437 456
458 466
467 473
476 481
482 491
493 500
506 520
528 540
541 547
548 554
555 570
578 584
588 607
609 615
616 627
628 634
643 654
658 665
668 680
685 696
698 701
702 711
720 727
736 750
755 762
764 768
772 783
789 796
797 808
815 822
826 846
847 851
852 860
865 883
896 904
907 911
912 922
926 929
930 939
945 952
955 967
977 985
989 995
997 1009
1016 1022
1029 1032
1033 1049
1050 1073
1077 1097
1106 1113
1116 1140
1143 1154
1159 1164
1169 1179
1182 1187
1188 1195
1210 1218
1228 1240
1242 1252
1253 1258
1259 1270
1273 1294
1298 1308
1316 1330
1332 1338
1345 1356
1357 1372
1373 1382
1383 1394
1395 1402
1403 1408
1412 1417
1434 1451
1452 1467
1473 1479
1487 1503
1511 1515
1526 1543
1544 1553
1554 1576
1583 1598
1599 1609
1610 1618
1627 1638
1639 1645
1650 1658
1659 1673
1674 1681
1683 1691
1692 1698
1701 1711
1720 1743
1750 1761
1762 1769
1770 1775
1776 1787
1788 1793
1795 1800
1810 1823
1826 1835
1848 1853
1856 1880
1881 1895
1911 1924
1925 1928
1935 1939
1940 1946
1952 1970
1974 1991
1992 2010
2011 2037
2042 2065
2066 2083
2084 2094
2095 2102
2107 2114
2121 2134
2143 2147
2150 2167
2170 2185
2201 2218
2220 2239
2240 2252
2253 2273
2279 2293
2305 2321
2326 2335
2350 2362
2491 2503
2518 2536
2552 2570
2589 2606
2720 2738
2752 2761
2849 2866
2880 2892
3015 3023
3038 3048
3049 3061
3262 3270
3339 3345
3461 3474
