1 11
12 16
20 28
29 39
42 48
51 57
59 67
68 72
75 83
87 93
96 109
116 120
121 125
129 139
149 160
162 182
183 190
191 198
201 208
209 213
214 226
227 230
233 236
237 247
250 253
254 262
265 271
280 286
287 295
298 307
308 313
316 330
334 338
340 344
349 363
375 386
388 391
392 399
400 406
413 416
428 433
434 438
443 450
455 464
468 472
473 477
481 499
501 507
508 525
532 539
540 550
556 559
566 583
587 593
603 606
614 620
623 628
630 634
637 645
646 654
655 665
666 675
679 688
691 708
709 718
719 724
728 736
751 761
768 782
789 799
800 806
810 817
833 841
844 850
854 871
876 879
889 895
905 918
923 933
934 942
946 959
965 975
979 988
990 1005
1013 1017
1021 1026
1027 1030
1041 1056
1068 1074
1077 1091
1094 1099
1111 1115
1124 1130
1135 1143
1144 1148
1150 1172
1179 1199
1200 1205
1206 1212
1215 1236
1241 1249
1253 1268
1270 1282
1286 1291
1294 1297
1302 1307
1308 1314
1315 1324
1325 1339
1340 1345
1347 1357
1358 1364
1367 1378
1379 1389
1396 1403
1410 1414
1415 1426
1431 1461
1462 1474
1480 1485
1486 1491
1492 1498
1501 1504
1505 1513
1515 1520
1523 1526
1540 1544
1545 1557
1560 1567
1576 1579
1580 1589
1590 1598
1603 1608
1636 1644
1655 1658
1661 1664
1665 1672
1676 1683
1687 1692
1705 1722
1725 1735
1740 1745
1753 1760
1766 1769
1779 1790
1807 1813
1819 1828
1858 1862
1868 1874
1875 1878
1879 1888
1889 1892
1893 1901
1902 1907
1910 1915
1936 1940
1972 1976
2015 2026
2033 2037
2038 2042
2046 2049
2050 2061
2078 2085
2087 2094
2095 2101
2105 2108
2109 2116
2121 2126
2127 2142
2143 2157
2175 2181
2183 2189
2199 2204
2217 2228
2231 2237
2247 2250
2261 2265
2268 2273
2276 2281
2283 2288
2293 2296
2299 2304
2312 2322
2329 2334
2363 2373
2381 2389
2394 2397
2398 2401
2403 2408
2409 2416
2464 2473
2489 2493
2520 2529
2539 2548
2592 2598
2612 2618
2619 2622
2628 2637
2640 2652
2691 2697
2698 2706
2710 2715
2747 2752
2753 2762
2790 2794
2833 2843
2845 2850
2917 2921
2946 2951
3048 3054
3110 3114
3204 3210
3254 3260
3383 3386
3390 3393
3467 3470
3675 3678
