1 13
20 28
29 36
40 52
55 73
76 82
83 87
88 93
96 107
108 112
124 142
149 159
160 174
176 180
183 189
190 198
199 202
214 221
222 230
233 236
237 247
250 263
264 268
269 276
281 294
295 298
307 312
316 328
339 346
347 359
360 370
371 377
389 398
399 411
412 417
418 430
431 443
444 448
452 461
470 476
479 496
501 506
507 529
530 536
537 544
545 551
552 558
559 564
565 585
589 598
602 609
622 627
642 648
662 669
682 691
702 722
733 745
747 756
761 770
772 778
784 796
799 803
806 816
827 835
841 854
855 864
867 870
871 879
890 893
896 899
906 917
923 937
943 959
964 968
969 978
979 993
1001 1007
1017 1038
1044 1049
1061 1070
1074 1083
1090 1101
1114 1122
1127 1145
1146 1154
1169 1184
1185 1188
1196 1212
1221 1226
1230 1247
1252 1268
1280 1285
1295 1308
1309 1319
1323 1338
1339 1357
1362 1366
1367 1373
1377 1385
1398 1403
1407 1418
1431 1434
1438 1441
1442 1452
1461 1467
1477 1489
1498 1515
1525 1537
1548 1551
1552 1567
1576 1585
1598 1606
1613 1616
1626 1631
1632 1637
1641 1646
1651 1654
1655 1669
1670 1687
1691 1696
1697 1711
1713 1734
1738 1742
1748 1751
1763 1774
1775 1790
1811 1822
1823 1848
1852 1878
1882 1911
1912 1932
1950 1966
1986 1993
2001 2010
2017 2031
2038 2048
2052 2065
2080 2096
2102 2122
2129 2134
2148 2159
2171 2182
2196 2203
2228 2263
2270 2292
2296 2300
2302 2325
2354 2366
2383 2393
2453 2459
2557 2579
2581 2598
2604 2627
2716 2722
2787 2793
2892 2913
