1 4
5 13
15 18
21 26
31 37
43 49
50 57
61 76
80 86
87 92
93 97
98 104
105 108
109 115
116 127
132 139
148 173
174 183
184 196
197 200
201 205
206 216
220 228
248 254
261 269
270 280
281 293
301 306
307 316
323 332
334 337
338 351
352 359
360 363
367 370
372 378
387 393
397 400
404 417
425 433
434 443
444 448
449 452
454 458
459 469
475 486
492 496
497 502
503 518
526 529
534 537
541 545
546 553
559 563
564 573
574 581
590 603
610 614
615 629
641 653
665 670
671 678
684 695
702 707
713 717
718 722
725 736
753 761
771 781
782 794
799 810
811 827
832 843
849 860
868 875
876 884
890 896
899 912
923 935
936 948
952 966
970 974
977 985
989 999
1000 1003
1004 1011
1012 1021
1022 1025
1030 1044
1055 1071
1076 1090
1107 1111
1112 1115
1116 1121
1123 1127
1128 1139
1143 1146
1147 1153
1154 1165
1166 1171
1178 1182
1185 1198
1200 1205
1206 1217
1220 1224
1230 1239
1240 1249
1250 1254
1255 1272
1277 1284
1288 1291
1292 1295
1299 1310
1317 1331
1332 1338
1343 1356
1362 1369
1370 1376
1377 1384
1393 1405
1406 1414
1421 1426
1434 1444
1457 1467
1472 1477
1479 1482
1483 1490
1491 1499
1500 1504
1505 1510
1514 1517
1518 1521
1522 1528
1540 1546
1548 1551
1552 1557
1558 1565
1579 1587
1588 1602
1604 1617
1619 1627
1628 1648
1650 1657
1660 1673
1683 1699
1706 1717
1726 1740
1742 1745
1746 1753
1754 1758
1759 1766
1780 1785
1787 1803
1804 1815
1823 1829
1830 1838
1839 1851
1853 1856
1862 1868
1872 1885
1886 1893
1897 1901
1902 1924
1932 1945
1946 1954
1955 1969
1970 1976
1977 1981
1983 1988
1992 2006
2018 2021
2028 2039
2044 2054
2056 2061
2065 2073
2080 2086
2087 2092
2102 2110
2111 2121
2122 2126
2142 2152
2153 2164
2165 2175
2176 2179
2180 2186
2187 2195
2199 2211
2212 2217
2219 2225
2226 2234
2239 2242
2245 2248
2249 2253
2257 2264
2265 2269
2272 2280
2296 2301
2302 2305
2309 2326
2327 2332
2337 2342
2347 2350
2351 2356
2361 2366
2369 2376
2405 2411
2422 2441
2448 2454
2455 2466
2467 2477
2490 2498
2499 2502
2506 2524
2525 2537
2540 2554
2555 2563
2564 2577
2580 2597
2599 2608
2640 2647
2651 2655
2660 2663
2664 2669
2673 2684
2702 2715
2723 2736
2754 2774
2777 2781
2785 2796
2850 2854
2872 2895
2899 2909
2926 2930
2942 2955
2977 2986
2992 3012
3019 3026
3197 3204
3256 3263
3278 3286
3292 3308
3334 3345
3354 3362
3377 3385
3387 3392
3397 3422
3447 3450
3454 3485
3541 3550
3603 3607
3622 3630
