0.095918 10.323095
0.031973 8.458724
0.271769 2.142563
0.095918 2.195272
0.031973 6.596249
0.111905 4.203954
0.031973 5.222843
0.047959 2.508411
0.031973 1.801080
0.047959 9.320758
0.063946 9.320231
0.031973 9.697775
0.031973 10.708058
0.063946 4.067859
0.031973 8.847538
0.031973 13.553743
0.031973 16.126979
0.031973 17.386895
0.015986 14.000965
0.031973 8.929000
0.031973 14.867768
0.015986 13.681624
0.031973 13.382119
0.031973 14.057116
0.063946 3.670655
0.031973 6.339101
0.031973 10.448211
0.063946 6.890207
0.095918 6.711634
0.031973 14.430903
0.031973 4.969933
0.015986 12.810018
0.031973 7.880699
0.031973 13.716845
0.031973 13.888008
0.031973 7.227929
0.031973 15.637631
0.031973 17.132606
0.031973 14.710700
0.031973 8.714300
0.047959 8.053038
0.063946 6.186833
0.031973 13.633396
0.031973 6.856035
0.031973 13.295160
0.047959 5.276745
0.047959 1.905216
0.015986 8.739827
0.031973 11.227391
0.031973 4.216228
0.015986 7.561751
0.031973 10.126522
0.031973 11.250629
0.031973 7.897047
0.047959 11.144240
0.047959 12.698959
0.063946 4.744859
0.047959 10.067130
0.015986 13.090406
0.015986 11.518095
0.047959 16.643295
0.031973 16.633001
0.015986 8.619252
0.015986 12.049541
0.031973 3.603523
0.031973 8.314219
0.031973 10.546242
0.031973 10.750349
0.079932 8.876699
0.063946 10.837718
0.063946 11.424522
0.063946 10.179525
0.047959 18.997028
0.047959 16.403242
0.047959 17.624101
0.063946 9.240734
0.031973 10.439717
0.063946 10.962464
0.047959 7.092041
0.031973 9.125852
0.063946 11.513268
0.047959 11.540473
0.031973 8.845439
0.015986 9.722653
0.031973 9.898098
0.015986 13.684102
0.031973 10.663885
0.031973 13.119814
0.031973 10.591944
0.063946 6.865709
0.031973 11.680899
0.063946 11.250362
0.031973 11.401525
0.031973 9.696664
0.031973 5.027274
0.063946 11.743373
0.015986 3.969640
0.047959 14.540351
0.031973 12.599301
0.047959 8.560162
0.047959 8.212624
0.031973 5.532652
0.047959 5.264034
0.047959 5.855534
0.063946 5.095187
0.063946 13.126577
0.047959 16.353823
0.031973 17.883912
0.047959 19.491773
0.031973 18.761825
0.031973 12.478647
0.063946 14.039890
0.031973 7.860747
0.047959 9.212919
0.047959 9.446366
0.047959 5.930431
0.063946 11.936153
0.047959 9.290468
0.031973 7.181193
0.063946 10.534282
0.063946 12.466757
0.063946 11.438096
0.031973 8.477372
0.031973 12.080802
0.047959 11.012452
0.015986 12.218042
0.047959 18.335245
0.031973 15.548210
0.031973 12.823432
0.031973 11.312417
0.031973 8.647546
0.047959 19.731159
0.031973 14.654634
0.031973 16.107816
0.047959 11.068615
0.047959 8.221944
0.031973 9.813901
0.047959 3.211118
0.031973 5.412550
0.063946 10.692026
0.063946 13.872645
0.047959 15.695387
0.031973 16.202680
0.047959 19.071019
0.047959 18.378515
0.031973 12.613523
0.063946 13.927543
0.079932 12.334988
0.063946 16.629193
0.047959 13.004654
0.031973 11.780669
0.031973 9.158139
0.031973 13.576449
0.063946 10.285734
0.047959 11.888401
0.031973 8.206993
0.047959 6.907131
0.031973 6.804889
0.031973 6.677084
0.047959 7.296624
0.031973 4.981431
0.031973 7.503291
0.031973 7.777965
0.031973 7.807369
0.111905 12.578948
0.031973 11.440131
0.047959 13.342124
0.031973 6.362192
0.063946 10.340377
0.047959 5.901607
0.047959 14.196488
0.031973 11.503872
0.031973 8.808214
0.031973 6.381890
0.031973 6.645400
0.063946 4.603678
0.047959 7.554039
0.031973 6.149571
0.063946 5.121800
0.031973 6.018857
0.047959 10.829197
0.047959 10.355258
0.031973 7.092316
0.047959 11.816676
0.031973 5.478603
0.031973 6.097353
0.031973 8.663341
0.031973 5.841334
0.031973 8.346860
0.047959 5.173811
0.031973 3.813669
0.031973 5.153311
0.031973 9.195340
0.031973 4.496939
0.031973 3.896551
0.031973 6.955999
0.031973 7.571564
0.031973 5.808170
0.047959 5.426114
0.031973 5.208777
0.047959 8.620006
0.031973 7.625962
0.047959 4.144476
0.031973 5.058340
0.031973 2.263701
0.047959 3.832871
0.047959 5.569002
0.031973 5.243019
0.047959 4.637188
0.031973 5.855389
0.031973 3.334525
0.031973 5.234714
0.063946 6.224921
0.031973 4.732475
0.031973 4.188564
0.047959 5.822301
0.031973 4.726899
0.031973 4.595982
0.063946 4.344642
0.031973 6.814268
0.031973 2.238139
0.031973 7.425055
0.047959 6.872285
0.047959 4.464120
0.031973 4.693953
0.031973 4.708831
0.031973 6.979661
0.031973 5.182935
0.031973 4.213007
0.047959 5.410635
0.031973 6.448637
0.031973 3.044293
0.031973 5.322330
0.031973 3.827789
0.031973 7.580978
0.031973 4.391388
0.047959 4.548671
0.127891 2.247330
