1 11
12 19
20 24
25 28
32 35
45 49
63 71
72 78
82 94
95 98
106 117
121 129
130 133
145 148
149 152
157 162
163 167
173 176
177 180
184 189
190 196
208 214
220 225
226 229
230 240
265 271
276 284
287 293
294 298
302 305
306 310
311 315
320 324
325 331
346 365
366 370
378 381
391 409
410 414
424 427
431 440
443 458
463 466
469 472
475 479
484 498
499 510
515 518
528 532
533 539
542 549
569 576
579 584
586 589
593 609
616 621
622 630
631 634
635 642
644 648
649 657
658 661
662 676
686 689
695 698
699 707
711 721
726 729
735 742
743 748
751 757
766 780
781 785
788 792
793 796
797 805
806 817
819 822
826 829
832 837
846 850
853 865
869 872
873 876
877 887
888 891
895 907
908 911
917 920
923 926
933 938
941 948
951 955
965 972
975 989
995 1002
1003 1011
1015 1021
1024 1028
1031 1036
1054 1066
1069 1072
1086 1090
1091 1094
1098 1108
1111 1116
1119 1124
1130 1151
1152 1166
1169 1178
1182 1191
1195 1200
1203 1206
1210 1217
1228 1231
1232 1235
1236 1240
1243 1246
1250 1254
1255 1258
1263 1267
1276 1279
1280 1288
1291 1297
1304 1314
1317 1320
1321 1325
1328 1331
1332 1335
1336 1339
1340 1346
1348 1361
1369 1378
1384 1387
1392 1398
1402 1411
1414 1423
1424 1429
1433 1437
1438 1442
1455 1463
1475 1482
1485 1489
1497 1502
1503 1508
1509 1514
1515 1518
1519 1522
1523 1528
1530 1537
1538 1542
1544 1547
1566 1570
1571 1577
1582 1585
1587 1590
1591 1597
1598 1605
1612 1617
1618 1621
1624 1630
1631 1634
1638 1641
1652 1668
1671 1674
1678 1688
1689 1693
1696 1700
1702 1706
1710 1713
1716 1719
1722 1726
1735 1739
1740 1747
1757 1762
1767 1773
1774 1778
1793 1798
1799 1802
1811 1815
1825 1829
1830 1833
1834 1838
1847 1853
1856 1859
1881 1885
1895 1904
1910 1913
1934 1938
1939 1942
1943 1946
1947 1954
1958 1961
1962 1966
1967 1970
1974 1980
1990 1994
1995 2000
2008 2015
2026 2040
2043 2046
2049 2052
2055 2065
2069 2072
2074 2077
2078 2081
2082 2085
2090 2094
2095 2098
2099 2103
2108 2111
2114 2119
2139 2142
2147 2150
2151 2160
2161 2167
2168 2181
2187 2191
2192 2196
2215 2218
2222 2231
2241 2246
2247 2250
2251 2260
2263 2267
2275 2282
2283 2286
2298 2301
2306 2312
2314 2318
2319 2322
2325 2330
2331 2335
2340 2343
2346 2349
2350 2355
2358 2368
2372 2376
2381 2385
2386 2389
2392 2395
2396 2402
2403 2408
2416 2421
2426 2429
2431 2434
2452 2455
2456 2470
2473 2476
2480 2487
2494 2501
2510 2513
2517 2520
2527 2537
2551 2555
2559 2563
2566 2576
2577 2582
2586 2589
2590 2598
2611 2617
2622 2626
2627 2630
2633 2638
2641 2647
2650 2653
2664 2668
2672 2676
2677 2682
2688 2692
2695 2698
2700 2708
2710 2713
2717 2722
2723 2726
2727 2730
2731 2738
2746 2753
2760 2763
2772 2778
2782 2785
2807 2811
2814 2817
2826 2830
2841 2850
2854 2858
2866 2870
2875 2879
2889 2894
2897 2901
2904 2908
2911 2917
2921 2926
2932 2937
2941 2945
2950 2957
2962 2967
2975 2980
2984 2988
2996 2999
3000 3003
3004 3009
3015 3018
3019 3022
3026 3030
3038 3042
3043 3047
3054 3057
3073 3076
3079 3082
3083 3087
3092 3095
3099 3102
3107 3110
3111 3115
3117 3121
3126 3129
3130 3135
3137 3141
3142 3145
3146 3149
3152 3155
3156 3164
3170 3173
3187 3190
3196 3201
3208 3211
3217 3223
3231 3235
3236 3239
3243 3248
3249 3256
3257 3263
3264 3267
3271 3277
3278 3284
3290 3293
3294 3297
3308 3311
3319 3322
3323 3328
3336 3341
3342 3346
3356 3359
3361 3366
3367 3375
3384 3387
3391 3394
3396 3399
3408 3412
3414 3420
3421 3424
3426 3433
3434 3437
3443 3449
3450 3453
3454 3461
3471 3474
3475 3479
3480 3483
3486 3489
3490 3494
3497 3501
3503 3506
3507 3510
3518 3527
3532 3535
3536 3542
3545 3550
3553 3556
3560 3564
3567 3572
3585 3589
3590 3594
3598 3605
3611 3617
3618 3622
3626 3629
3630 3633
3634 3637
3644 3648
3649 3655
3657 3662
3669 3673
3674 3677
3679 3682
3686 3689
3691 3697
3705 3708
3709 3713
3717 3723
3724 3727
3729 3732
3735 3740
3749 3752
3758 3762
3770 3774
3779 3782
3792 3797
3799 3804
3805 3809
3820 3823
3824 3827
3828 3832
3839 3842
3850 3856
3857 3862
3863 3868
3869 3875
3886 3889
3902 3905
3910 3915
3916 3919
3920 3923
3927 3933
3934 3940
3941 3945
3946 3949
3951 3955
3957 3962
3969 3973
3977 3983
3997 4001
4006 4012
4013 4019
4020 4026
4038 4044
4045 4056
4060 4065
4068 4073
4080 4085
