1 10
11 16
20 24
30 38
39 49
52 60
63 71
72 76
79 85
86 92
93 102
103 107
110 114
115 122
123 126
129 135
150 162
163 171
175 185
189 197
200 213
214 219
222 225
230 236
250 258
264 272
276 283
286 304
308 312
313 320
330 337
338 353
354 357
360 376
381 384
385 388
396 399
406 424
425 439
443 446
451 461
466 478
481 484
485 495
499 503
507 511
512 518
519 524
525 530
531 537
540 546
557 562
563 570
571 575
576 581
583 597
598 603
604 612
621 626
631 643
647 660
661 671
672 687
688 694
695 699
700 711
715 728
729 745
753 757
758 761
765 791
796 807
817 830
836 849
850 870
873 878
879 892
903 921
922 929
930 936
938 950
957 973
977 983
989 998
1003 1009
1014 1022
1025 1028
1029 1035
1049 1053
1062 1071
1074 1080
1086 1091
1092 1099
1100 1119
1125 1135
1146 1162
1169 1179
1187 1194
1195 1198
1199 1202
1211 1222
1225 1231
1234 1241
1243 1254
1258 1265
1266 1269
1273 1278
1285 1292
1295 1304
1305 1310
1319 1331
1332 1342
1350 1364
1367 1373
1376 1380
1387 1392
1399 1402
1403 1406
1413 1423
1457 1469
1472 1486
1490 1496
1497 1501
1502 1508
1511 1526
1528 1533
1534 1541
1542 1551
1556 1559
1562 1568
1579 1585
1588 1593
1618 1623
1716 1720
1734 1744
1749 1752
1753 1760
1783 1788
1813 1823
1832 1840
1845 1849
1873 1877
1889 1900
1901 1914
1926 1933
1938 1944
1945 1948
2008 2019
2030 2033
2052 2064
2167 2179
2185 2190
2191 2195
2209 2213
2220 2226
2275 2278
2280 2287
2288 2292
2325 2333
2393 2396
2401 2405
2433 2436
2441 2445
2447 2452
2455 2458
2459 2462
2573 2576
2613 2620
2845 2851
2863 2878
