20.000000 178.000000 0.015986
0.000000 0.000000 0.000000 0.000000 0.000000 0.000000 0.000000 0.000000 0.000000 0.000000 0.000000 0.000000 0.000000 0.000000 0.000000 0.000000 0.000000 0.000000 0.000000 0.000000 
10.518923 12.299588 12.692329 10.941520 7.626750 5.833780 5.974571 7.147895 6.673633 4.633577 3.356915 3.193223 3.751108 5.517612 8.491436 9.294088 8.965130 9.953266 9.686739 8.613663 
0.000577 0.001027 0.000941 0.000861 0.000840 0.000830 0.000826 0.000759 0.000606 0.000417 0.000259 0.000194 0.000206 0.000262 0.000305 0.000321 0.000312 0.000272 0.000210 0.000152 
50.224726 49.740376 50.717170 53.803149 55.794126 55.953316 54.990003 53.724615 52.429175 51.284419 50.309930 48.686156 48.513787 49.374523 50.337775 50.932922 51.501590 52.254397 53.741334 56.384181 
0.000847 0.000944 0.000859 0.000704 0.000626 0.000654 0.000645 0.000562 0.000465 0.000430 0.000367 0.000262 0.000186 0.000163 0.000168 0.000161 0.000173 0.000202 0.000214 0.000208 
82.021293 82.087249 82.288666 83.478555 86.650200 88.771935 88.555958 86.741232 86.195284 84.989546 84.877869 83.774643 82.420863 84.376708 89.286873 91.788391 90.348717 87.558508 84.187360 80.750879 
0.000980 0.001085 0.001010 0.000861 0.000715 0.000638 0.000639 0.000636 0.000580 0.000551 0.000540 0.000506 0.000405 0.000323 0.000302 0.000309 0.000278 0.000271 0.000294 0.000301 
122.232646 120.938289 119.477089 118.969757 120.114669 120.784479 119.943899 118.718999 119.085803 119.582822 120.018491 119.886475 120.045533 120.266497 119.815194 119.482657 121.109855 122.740137 122.273182 121.361439 
0.002119 0.003394 0.002893 0.002655 0.002079 0.001535 0.001294 0.001240 0.001267 0.001208 0.001109 0.000979 0.000846 0.000690 0.000507 0.000335 0.000244 0.000224 0.000226 0.000197 
176.617555 177.913421 178.864035 179.242149 178.419102 176.751160 176.580286 177.401342 178.990630 180.882624 182.199898 182.316488 181.392162 180.692047 180.501793 179.709078 176.327687 171.122387 168.618482 167.431429 
0.001174 0.001247 0.001037 0.000840 0.000717 0.000731 0.000753 0.000678 0.000527 0.000391 0.000351 0.000338 0.000299 0.000227 0.000164 0.000143 0.000143 0.000155 0.000144 0.000110 
211.705426 212.257474 211.887310 209.250325 208.865335 210.996830 212.001056 212.698173 213.773086 214.532433 212.193353 211.456813 211.895803 212.104473 213.032235 214.867169 214.869603 212.650285 210.605399 209.036100 
0.000537 0.000597 0.000517 0.000375 0.000305 0.000291 0.000270 0.000220 0.000172 0.000149 0.000146 0.000146 0.000138 0.000130 0.000139 0.000162 0.000192 0.000213 0.000218 0.000201 
239.375598 239.004415 238.587557 237.860222 237.851938 238.859263 240.326344 241.368420 241.028667 239.495978 239.094564 239.758038 240.281219 239.797905 239.402061 239.606800 240.302021 240.624230 240.719474 240.903458 
0.000742 0.000928 0.000894 0.000659 0.000383 0.000239 0.000184 0.000165 0.000131 0.000097 0.000076 0.000076 0.000074 0.000059 0.000049 0.000050 0.000050 0.000061 0.000079 0.000086 
274.536614 275.207273 275.547978 275.597677 275.338190 275.623437 276.991910 278.058986 277.882166 276.789042 273.826588 272.011480 272.392037 273.473782 274.241848 274.490300 273.161236 270.537193 270.242556 269.228230 
0.000673 0.000782 0.000723 0.000580 0.000481 0.000458 0.000477 0.000504 0.000508 0.000509 0.000516 0.000521 0.000517 0.000519 0.000532 0.000548 0.000564 0.000576 0.000574 0.000534 
373.812537 371.141942 367.023118 362.235740 359.653426 359.034697 358.886648 358.869422 358.624412 358.511574 358.543005 358.645926 358.690729 358.688191 358.609576 358.367060 358.324008 358.529665 358.900082 359.547221 
0.003700 0.003787 0.002877 0.001824 0.001268 0.001028 0.000934 0.000911 0.000850 0.000770 0.000695 0.000631 0.000582 0.000546 0.000521 0.000496 0.000468 0.000441 0.000412 0.000369 
417.981488 417.956520 417.271692 415.529258 414.639780 414.336962 413.654944 413.777474 413.756298 413.424074 413.108761 413.015999 413.080666 413.283460 413.543423 413.596090 413.633146 413.742698 413.743555 413.161799 
0.013191 0.015166 0.015100 0.013559 0.010976 0.007336 0.004070 0.002038 0.001036 0.000614 0.000412 0.000247 0.000152 0.000117 0.000092 0.000085 0.000085 0.000067 0.000032 0.000020 
457.626604 458.968090 459.654861 459.361600 458.415291 458.069466 458.472307 459.169706 459.524634 459.824284 459.902322 459.220064 457.863448 457.352542 455.496725 454.680414 455.869116 456.653350 452.361598 453.463858 
0.015692 0.017327 0.014114 0.008522 0.003878 0.001174 0.000607 0.000575 0.000451 0.000403 0.000447 0.000443 0.000403 0.000390 0.000389 0.000394 0.000406 0.000411 0.000390 0.000336 
474.445920 473.626567 472.432336 470.841582 470.301532 473.446078 478.314569 474.557579 476.138743 477.125751 476.185066 476.661173 477.875798 478.103593 477.925753 477.786213 477.571903 477.521935 477.773529 477.930074 
0.015556 0.016308 0.012357 0.006714 0.002913 0.001416 0.000830 0.000448 0.000211 0.000097 0.000051 0.000042 0.000037 0.000034 0.000033 0.000034 0.000036 0.000040 0.000055 0.000091 
501.165328 501.369632 501.664192 502.118819 501.982643 501.114604 500.270278 500.047439 500.547218 502.109743 501.740098 501.882828 501.561270 501.160439 499.591562 498.259631 499.021873 501.434869 502.263662 501.834344 
0.021757 0.023249 0.017852 0.009513 0.003417 0.001315 0.000733 0.000431 0.000360 0.000337 0.000284 0.000249 0.000241 0.000243 0.000213 0.000182 0.000174 0.000187 0.000191 0.000190 
517.793917 517.652166 517.585214 517.931828 519.785069 519.746261 517.586917 518.910444 521.087558 520.843893 520.053950 520.136360 520.215520 520.413414 519.784581 519.155998 519.479796 520.609817 520.177358 517.889162 
0.013354 0.013232 0.008989 0.003730 0.000754 0.000408 0.000099 0.000109 0.000110 0.000094 0.000086 0.000076 0.000077 0.000080 0.000073 0.000061 0.000057 0.000058 0.000062 0.000072 
539.792685 539.942846 540.249446 541.135597 542.746916 537.842253 538.043402 539.914289 539.569789 538.367679 537.706753 537.214942 537.472765 537.908201 537.486972 536.556595 536.466521 536.678878 537.353659 538.939365 
0.014337 0.015432 0.012127 0.006826 0.002589 0.000632 0.000232 0.000156 0.000128 0.000094 0.000072 0.000065 0.000055 0.000047 0.000040 0.000036 0.000036 0.000038 0.000047 0.000071 
550.479570 550.564208 550.726583 551.036761 551.606731 551.688847 549.731086 550.436446 550.170178 549.778854 549.577727 549.690149 549.621815 549.266387 549.717642 551.040762 551.783369 552.750913 552.932086 551.842276 
0.050785 0.091521 0.075247 0.067436 0.053129 0.040961 0.032756 0.027277 0.022092 0.017396 0.013955 0.011436 0.009234 0.007193 0.005687 0.004661 0.003948 0.003281 0.002547 0.001816 
589.613905 589.385008 588.685971 587.577603 586.375848 585.927799 586.016540 586.500591 586.571965 586.306355 586.331097 586.646751 586.773636 586.402924 586.212396 586.389843 586.900883 587.242514 587.071906 586.295017 
0.007027 0.007549 0.005765 0.003061 0.001142 0.000550 0.000360 0.000307 0.000223 0.000135 0.000085 0.000069 0.000057 0.000043 0.000030 0.000024 0.000027 0.000032 0.000038 0.000053 
628.384238 628.567614 628.820661 629.167069 629.333734 628.630233 628.379104 628.546085 628.975858 629.983161 630.789114 629.934315 629.395310 629.104184 628.217950 627.585275 627.658363 628.035548 629.106638 629.118757 
0.008244 0.009355 0.007717 0.004568 0.001871 0.000707 0.000322 0.000216 0.000147 0.000114 0.000097 0.000083 0.000074 0.000071 0.000069 0.000066 0.000058 0.000050 0.000056 0.000080 
643.598850 643.287870 643.022020 642.991001 644.110310 644.573357 642.599329 640.707861 642.674700 644.038655 643.932402 643.569581 643.999714 645.700440 647.594623 648.338094 647.762977 646.433257 645.403326 644.911519 
0.006526 0.006901 0.005312 0.003045 0.001362 0.000571 0.000266 0.000186 0.000136 0.000102 0.000085 0.000073 0.000074 0.000062 0.000046 0.000047 0.000048 0.000056 0.000078 0.000101 
685.944785 685.770504 685.749800 686.925584 689.434098 691.614441 688.637709 688.318308 685.838197 682.201474 681.910849 685.507937 694.155722 695.616725 689.907341 688.734767 687.500302 693.563483 700.791103 702.256523 
0.003726 0.004091 0.003398 0.002205 0.001188 0.000642 0.000444 0.000419 0.000434 0.000440 0.000441 0.000452 0.000456 0.000449 0.000435 0.000426 0.000425 0.000427 0.000415 0.000372 
720.888221 721.107305 721.384649 721.611084 721.564943 721.096829 719.145528 717.874109 717.171914 717.162056 717.090173 717.218263 717.194227 717.201604 717.235029 717.173990 717.025516 716.997361 717.299284 718.213704 
0.000752 0.000762 0.000584 0.000341 0.000180 0.000140 0.000097 0.000068 0.000057 0.000048 0.000039 0.000031 0.000031 0.000032 0.000029 0.000027 0.000034 0.000042 0.000044 0.000049 
743.259051 744.243303 746.213109 748.069759 746.330980 744.397123 746.143769 748.067038 747.386282 746.896314 746.666814 746.317180 746.280640 746.318953 745.500872 744.194986 745.322968 746.080601 745.316321 744.370848 
0.002915 0.003159 0.002571 0.001569 0.000723 0.000286 0.000181 0.000165 0.000195 0.000200 0.000172 0.000144 0.000126 0.000121 0.000116 0.000116 0.000121 0.000115 0.000096 0.000084 
782.549549 781.462647 779.838028 778.164340 777.935648 779.928532 780.071439 783.636049 786.900464 787.554268 788.034509 788.308693 787.385854 786.172727 785.581125 784.972246 784.692749 785.012596 784.623912 781.082797 
0.002826 0.002895 0.002121 0.001061 0.000411 0.000222 0.000177 0.000127 0.000072 0.000048 0.000049 0.000043 0.000041 0.000042 0.000043 0.000039 0.000035 0.000033 0.000029 0.000033 
816.271892 816.795425 817.537547 818.825857 817.591800 814.696340 812.303588 814.020921 814.476324 813.015739 815.133913 814.117047 816.461527 820.090008 821.002167 819.905046 819.338587 820.326215 820.843026 821.454057 
0.002274 0.002686 0.002283 0.001421 0.000768 0.000509 0.000402 0.000364 0.000370 0.000376 0.000382 0.000399 0.000420 0.000424 0.000406 0.000379 0.000369 0.000374 0.000378 0.000348 
834.406147 834.590586 834.401909 834.018177 835.414339 837.088416 837.498356 837.240336 836.718258 836.354313 836.400729 836.708123 836.777676 836.589838 836.496967 836.737465 836.901966 836.976027 836.798898 836.729600 
0.007615 0.029963 0.023417 0.018301 0.016856 0.013804 0.010739 0.008313 0.006529 0.005204 0.004184 0.003345 0.002624 0.002009 0.001491 0.001062 0.000725 0.000483 0.000355 0.000303 
867.268896 867.472491 868.208585 868.922323 869.444662 869.797285 869.982958 870.021492 869.985795 869.895298 869.740071 869.591195 869.541100 869.568453 869.661495 869.947380 870.602657 871.731779 871.997536 870.628637 
0.004261 0.004580 0.003649 0.002149 0.000949 0.000368 0.000180 0.000130 0.000091 0.000067 0.000059 0.000054 0.000052 0.000045 0.000034 0.000029 0.000026 0.000022 0.000032 0.000057 
911.550567 911.479513 911.409360 911.379037 911.001192 908.534930 907.999703 909.880585 910.578662 909.390778 908.446209 908.599478 910.241379 911.727508 910.372788 905.944591 904.862769 908.810951 911.632234 909.296853 
0.005166 0.005512 0.004211 0.002277 0.001080 0.000704 0.000568 0.000450 0.000428 0.000461 0.000469 0.000436 0.000377 0.000327 0.000315 0.000342 0.000370 0.000386 0.000377 0.000320 
944.308069 945.546240 946.759915 947.330350 947.860103 948.510793 951.775751 954.079264 955.555523 954.968877 953.936166 954.442536 956.005458 956.176795 956.189138 955.745325 955.364016 955.796114 956.994880 957.975960 
0.015169 0.030303 0.024011 0.022711 0.018760 0.014017 0.009650 0.006145 0.004077 0.003093 0.002642 0.002356 0.001863 0.001236 0.000743 0.000615 0.000597 0.000580 0.000486 0.000376 
996.652030 996.221954 996.529303 996.916063 996.906451 996.810111 996.753474 997.265900 998.153553 998.145976 996.460803 994.299859 993.265898 993.380870 991.780926 989.012548 987.662018 988.913681 989.242519 988.932769 
0.014826 0.017363 0.016717 0.014685 0.011680 0.008385 0.005675 0.003795 0.002532 0.001698 0.001142 0.000765 0.000499 0.000337 0.000231 0.000156 0.000110 0.000076 0.000071 0.000088 
1035.627166 1034.896070 1033.512363 1033.325035 1034.194529 1035.076333 1035.249076 1035.362613 1035.075081 1035.258424 1035.166071 1035.192286 1035.277654 1035.121941 1035.203714 1034.905668 1034.493128 1033.707513 1032.819699 1030.284895 
0.012786 0.036019 0.028498 0.022548 0.020046 0.016362 0.012862 0.009920 0.007457 0.005549 0.004198 0.003242 0.002513 0.001856 0.001279 0.000926 0.000751 0.000667 0.000532 0.000363 
1059.101945 1061.102263 1062.374151 1062.861215 1063.093921 1063.414948 1063.578952 1063.627377 1063.689601 1063.571287 1063.605171 1063.833899 1064.360961 1064.593165 1064.057138 1063.983220 1065.180218 1067.394853 1069.075966 1070.862586 
0.003177 0.003052 0.002106 0.001077 0.000597 0.000478 0.000410 0.000326 0.000237 0.000194 0.000190 0.000195 0.000174 0.000138 0.000124 0.000133 0.000156 0.000164 0.000144 0.000110 
1104.880465 1104.168338 1103.487607 1103.834872 1107.764150 1108.315818 1107.159211 1104.679625 1102.498874 1101.811792 1102.895554 1103.983518 1103.915624 1102.535217 1101.322942 1101.434944 1102.414627 1103.114127 1104.004397 1106.497667 
0.004530 0.004532 0.003337 0.001873 0.000875 0.000442 0.000221 0.000155 0.000121 0.000097 0.000079 0.000070 0.000068 0.000072 0.000070 0.000065 0.000059 0.000056 0.000066 0.000088 
1141.012234 1140.964692 1140.582596 1140.168822 1140.371943 1142.425885 1141.845589 1139.256212 1140.310409 1143.562504 1141.443147 1138.671684 1136.779241 1135.482276 1136.307944 1139.062034 1141.557873 1140.684013 1138.553275 1138.375198 
0.005098 0.005011 0.003533 0.002007 0.001261 0.000899 0.000543 0.000346 0.000273 0.000237 0.000234 0.000243 0.000250 0.000251 0.000248 0.000251 0.000258 0.000270 0.000284 0.000293 
1178.166952 1178.706635 1179.405601 1181.376831 1183.962598 1186.360747 1188.530057 1189.547420 1188.808387 1189.752260 1192.093211 1193.541039 1193.970982 1194.214566 1194.497629 1194.740092 1194.998018 1195.089837 1194.641555 1192.989415 
0.000911 0.001127 0.001084 0.000742 0.000423 0.000315 0.000300 0.000279 0.000254 0.000213 0.000183 0.000169 0.000165 0.000150 0.000129 0.000111 0.000103 0.000101 0.000100 0.000090 
1218.481541 1219.344610 1220.635517 1222.510655 1224.373746 1224.080554 1223.759169 1223.894730 1223.741736 1224.045753 1224.286300 1224.205135 1223.828845 1223.837824 1224.031768 1224.228547 1224.099023 1223.381104 1221.667616 1219.733104 
0.000631 0.001458 0.001273 0.001167 0.000786 0.000552 0.000461 0.000433 0.000388 0.000342 0.000306 0.000275 0.000250 0.000234 0.000221 0.000201 0.000174 0.000145 0.000112 0.000080 
1234.846663 1233.864293 1232.352417 1231.276457 1229.484279 1228.504067 1228.556300 1229.293266 1229.205296 1229.042786 1229.069294 1229.019781 1228.944534 1229.099511 1229.449013 1229.583449 1229.635302 1230.206389 1231.785431 1233.923251 
0.004775 0.004795 0.003444 0.001741 0.000741 0.000468 0.000374 0.000307 0.000268 0.000243 0.000226 0.000225 0.000231 0.000230 0.000215 0.000197 0.000187 0.000182 0.000188 0.000190 
1272.856019 1273.078699 1273.406943 1273.485774 1270.909530 1269.429000 1268.640810 1267.942763 1267.842181 1267.724625 1267.183257 1267.062229 1267.320143 1267.459258 1267.119962 1266.738103 1266.735209 1267.105056 1269.202874 1271.961444 
0.021860 0.038148 0.029769 0.026905 0.021721 0.016295 0.012310 0.009702 0.007920 0.006123 0.004450 0.003229 0.002362 0.001676 0.001106 0.000747 0.000609 0.000563 0.000535 0.000478 
1313.203655 1313.998327 1314.405674 1314.369643 1314.420817 1314.840259 1315.117940 1315.018156 1314.500667 1314.513447 1315.010781 1315.062496 1314.514376 1313.742696 1313.177534 1311.785908 1310.593264 1310.185216 1311.000061 1310.615156 
0.005444 0.005184 0.003502 0.001802 0.000923 0.000513 0.000246 0.000193 0.000202 0.000163 0.000132 0.000121 0.000120 0.000091 0.000058 0.000045 0.000053 0.000063 0.000122 0.000219 
1343.344071 1343.871676 1345.392438 1348.785772 1351.683483 1352.326758 1349.552891 1348.994304 1350.982453 1351.112289 1349.287778 1349.852403 1351.081257 1351.790827 1350.725775 1350.298309 1350.379120 1348.869941 1350.057243 1351.965668 
0.000960 0.001593 0.001360 0.001189 0.000820 0.000421 0.000241 0.000286 0.000252 0.000141 0.000093 0.000113 0.000143 0.000080 0.000049 0.000037 0.000090 0.000109 0.000128 0.000219 
1366.582575 1368.669526 1371.017489 1371.620785 1370.673515 1368.185638 1369.167536 1371.215239 1371.123320 1368.414543 1366.102140 1368.183808 1370.432822 1368.937790 1367.458029 1367.212595 1371.765479 1370.331201 1367.665858 1368.228760 
0.016679 0.048973 0.043238 0.038175 0.037190 0.032427 0.026094 0.020383 0.016978 0.015184 0.014562 0.013617 0.011871 0.009638 0.007589 0.006415 0.005805 0.005598 0.005204 0.004397 
1398.900634 1395.899526 1393.573734 1392.217775 1391.766157 1391.888561 1392.410037 1393.153529 1393.336819 1393.130533 1392.326412 1391.801173 1391.754579 1392.189411 1392.983972 1393.202962 1393.106855 1392.411494 1391.949639 1391.905309 
0.005298 0.005217 0.003646 0.001787 0.000773 0.000452 0.000345 0.000286 0.000246 0.000248 0.000248 0.000240 0.000233 0.000229 0.000231 0.000235 0.000234 0.000222 0.000188 0.000171 
1433.470507 1433.574390 1433.849900 1434.547049 1434.892556 1434.244007 1433.560811 1433.479290 1433.924847 1433.885074 1433.959773 1433.976229 1433.978199 1434.174084 1434.229809 1434.022217 1433.889955 1434.164183 1435.437817 1436.418456 
0.007611 0.007496 0.005394 0.002885 0.001321 0.000723 0.000434 0.000239 0.000215 0.000125 0.000129 0.000110 0.000093 0.000065 0.000059 0.000053 0.000049 0.000058 0.000114 0.000201 
1458.689151 1458.521116 1459.022884 1461.355964 1465.016791 1464.782830 1462.727295 1457.136764 1461.115015 1456.774778 1459.600270 1458.394398 1460.508553 1459.672959 1459.525756 1459.779546 1460.892617 1462.574495 1457.210855 1456.235334 
0.005543 0.005113 0.003401 0.001642 0.000765 0.000443 0.000302 0.000181 0.000121 0.000084 0.000068 0.000060 0.000052 0.000043 0.000037 0.000032 0.000028 0.000030 0.000046 0.000078 
1497.389307 1497.339403 1497.063431 1496.197479 1495.805668 1496.744565 1497.783610 1497.278916 1497.087369 1497.011974 1497.179641 1497.211160 1497.314819 1496.969526 1496.003886 1495.271415 1494.305509 1493.374428 1494.202026 1495.615930 
0.009149 0.008055 0.004824 0.001800 0.000840 0.000585 0.000380 0.000224 0.000143 0.000113 0.000091 0.000073 0.000058 0.000049 0.000044 0.000038 0.000033 0.000031 0.000042 0.000073 
1512.623235 1512.483132 1512.202429 1511.612856 1511.983367 1512.573874 1511.779291 1511.356101 1511.247162 1510.816180 1510.827879 1510.745419 1510.795918 1511.113185 1510.889501 1510.356055 1510.466571 1511.358172 1512.123622 1511.890552 
0.092229 0.172096 0.129902 0.115455 0.091276 0.066837 0.046838 0.032732 0.023451 0.017245 0.012886 0.009438 0.006761 0.004845 0.003541 0.002634 0.001967 0.001443 0.001028 0.000690 
1550.231125 1549.839522 1549.446582 1549.136463 1549.090024 1549.320371 1549.845032 1550.349652 1550.456581 1550.201889 1549.731844 1549.573697 1549.750753 1550.016757 1550.111477 1550.043004 1549.978800 1550.154376 1550.461198 1550.604027 
0.013740 0.012926 0.008554 0.003696 0.001057 0.000519 0.000421 0.000308 0.000210 0.000155 0.000124 0.000105 0.000090 0.000071 0.000048 0.000029 0.000024 0.000027 0.000045 0.000067 
1590.616866 1590.263835 1590.048400 1590.599474 1595.004977 1595.149613 1592.440741 1591.353924 1592.290363 1593.429802 1593.206651 1592.650861 1593.192702 1593.377278 1593.179693 1595.165196 1595.945067 1594.798056 1593.630292 1593.987155 
0.006161 0.006009 0.004271 0.002170 0.000825 0.000363 0.000225 0.000158 0.000120 0.000095 0.000075 0.000067 0.000063 0.000054 0.000041 0.000037 0.000038 0.000044 0.000045 0.000045 
1634.596377 1635.364132 1636.240995 1636.999503 1635.650223 1631.835609 1632.272522 1632.310359 1633.093611 1633.547382 1633.254251 1633.018255 1633.942613 1635.580001 1638.042299 1639.032242 1638.086846 1635.744757 1634.110022 1632.788867 
0.003084 0.002932 0.002068 0.001082 0.000479 0.000272 0.000212 0.000193 0.000187 0.000171 0.000151 0.000138 0.000134 0.000137 0.000146 0.000152 0.000147 0.000138 0.000129 0.000116 
1686.848395 1687.840600 1688.260464 1686.994092 1681.222813 1678.095426 1677.864778 1677.236391 1677.570732 1677.633448 1676.808078 1675.722900 1675.076503 1675.017239 1675.418542 1675.561510 1675.157256 1675.014199 1675.566941 1676.569710 
0.002205 0.002247 0.001679 0.000925 0.000421 0.000237 0.000165 0.000122 0.000091 0.000076 0.000076 0.000079 0.000074 0.000065 0.000059 0.000055 0.000052 0.000051 0.000053 0.000052 
1736.029481 1736.391438 1736.699558 1737.151874 1738.241535 1739.150072 1740.815964 1742.706557 1743.030732 1743.574930 1745.582111 1745.018551 1742.097919 1740.447948 1742.298156 1743.583995 1741.203358 1739.857855 1739.711792 1738.336223 
0.001779 0.001887 0.001439 0.000774 0.000368 0.000257 0.000231 0.000210 0.000196 0.000183 0.000179 0.000174 0.000163 0.000149 0.000146 0.000147 0.000140 0.000134 0.000136 0.000142 
1798.985200 1797.570290 1796.069535 1794.365296 1792.105235 1790.590249 1788.696792 1787.797648 1788.391095 1791.115700 1792.996348 1792.917589 1792.316302 1792.962535 1793.099492 1792.166520 1792.417908 1793.671158 1793.879371 1793.491766 
0.002519 0.002417 0.001653 0.000786 0.000321 0.000199 0.000152 0.000123 0.000099 0.000080 0.000064 0.000053 0.000051 0.000055 0.000057 0.000058 0.000058 0.000058 0.000062 0.000075 
1850.787945 1850.811986 1850.981379 1851.657610 1854.162137 1854.712635 1855.501659 1855.555030 1854.784325 1853.536606 1852.779047 1853.753895 1854.820941 1853.947102 1853.207293 1852.398848 1851.785543 1851.464499 1849.468423 1846.767593 
0.002236 0.002170 0.001522 0.000779 0.000358 0.000236 0.000187 0.000147 0.000140 0.000147 0.000143 0.000144 0.000139 0.000126 0.000112 0.000098 0.000089 0.000092 0.000093 0.000089 
1905.809410 1905.796725 1905.758461 1906.074701 1906.979080 1908.920116 1911.022773 1911.580643 1912.175904 1912.703084 1912.582499 1912.450275 1912.154061 1911.287371 1910.242133 1909.855091 1910.690924 1912.479098 1913.051400 1912.068654 
0.001101 0.001008 0.000670 0.000352 0.000188 0.000111 0.000084 0.000056 0.000060 0.000076 0.000082 0.000072 0.000056 0.000048 0.000049 0.000050 0.000047 0.000044 0.000039 0.000036 
1950.128512 1951.065958 1952.462978 1953.046987 1950.177214 1949.019562 1950.562173 1953.331688 1953.049231 1952.091619 1951.594899 1951.292139 1951.338517 1951.843745 1952.624681 1952.582032 1951.088896 1948.910643 1947.104728 1946.318319 
0.002071 0.002000 0.001397 0.000713 0.000335 0.000235 0.000159 0.000133 0.000118 0.000094 0.000084 0.000078 0.000072 0.000072 0.000078 0.000075 0.000056 0.000042 0.000046 0.000060 
1990.081422 1990.596266 1990.822093 1989.100136 1984.055206 1983.856306 1985.083161 1989.382819 1992.033540 1991.220586 1991.881318 1990.782817 1988.938289 1986.313613 1984.150596 1983.734688 1984.204524 1983.470323 1981.976845 1981.773471 
0.001269 0.001206 0.000809 0.000360 0.000149 0.000127 0.000111 0.000091 0.000095 0.000097 0.000098 0.000102 0.000106 0.000105 0.000099 0.000094 0.000094 0.000100 0.000105 0.000102 
2034.850827 2034.997844 2035.239552 2035.666508 2034.568509 2034.189330 2033.206904 2033.832546 2032.864493 2032.562365 2032.708529 2032.750140 2032.794373 2032.901530 2032.872540 2032.637595 2032.574795 2032.715348 2033.175325 2033.628191 
0.001576 0.003265 0.002599 0.002430 0.001951 0.001427 0.001094 0.000870 0.000705 0.000499 0.000298 0.000185 0.000149 0.000141 0.000124 0.000094 0.000070 0.000068 0.000083 0.000104 
2074.654502 2074.412126 2074.483520 2074.395048 2073.493391 2072.153927 2071.899115 2072.832428 2074.414637 2075.266886 2075.817080 2076.602542 2077.900623 2078.150365 2078.474574 2078.413730 2076.924330 2075.940173 2077.865066 2079.203123 
0.001172 0.001168 0.000866 0.000505 0.000270 0.000156 0.000104 0.000077 0.000059 0.000043 0.000033 0.000032 0.000033 0.000031 0.000023 0.000015 0.000018 0.000029 0.000039 0.000043 
2116.426962 2117.496250 2118.685600 2118.966249 2116.459223 2114.205938 2114.109118 2114.035812 2114.422776 2114.884655 2113.840664 2111.606183 2111.192887 2111.544809 2111.236055 2112.865162 2113.766802 2113.382165 2114.551281 2116.529699 
0.001392 0.001524 0.001212 0.000682 0.000288 0.000165 0.000122 0.000096 0.000081 0.000062 0.000054 0.000066 0.000079 0.000078 0.000065 0.000049 0.000044 0.000053 0.000058 0.000053 
2135.409712 2135.495798 2135.507528 2135.429017 2136.270267 2137.552224 2137.130106 2138.258600 2139.868626 2140.100991 2141.433428 2143.351010 2143.959729 2143.914734 2143.432148 2142.609321 2142.730572 2142.964183 2142.071037 2140.504231 
0.000576 0.000701 0.000645 0.000475 0.000304 0.000201 0.000167 0.000147 0.000124 0.000108 0.000102 0.000093 0.000086 0.000086 0.000088 0.000090 0.000093 0.000092 0.000082 0.000076 
2156.399573 2156.524630 2156.920497 2158.213294 2159.990812 2159.764032 2158.593071 2158.092972 2157.655199 2157.219617 2157.019931 2156.267728 2154.990198 2154.241980 2153.827785 2153.902929 2154.634628 2155.211711 2155.691231 2157.321093 
0.000479 0.000538 0.000474 0.000342 0.000221 0.000153 0.000122 0.000104 0.000082 0.000057 0.000038 0.000032 0.000030 0.000025 0.000019 0.000017 0.000016 0.000016 0.000028 0.000044 
2185.091237 2185.079073 2184.731214 2183.667390 2181.974204 2181.536720 2182.429968 2182.835888 2183.041000 2183.692978 2184.610311 2183.480833 2182.000797 2181.730246 2182.316854 2183.072573 2183.778398 2183.153209 2181.403496 2181.602848 
0.003542 0.003537 0.002476 0.001146 0.000397 0.000245 0.000186 0.000146 0.000123 0.000108 0.000089 0.000067 0.000051 0.000044 0.000047 0.000054 0.000058 0.000059 0.000068 0.000092 
2221.072835 2220.710712 2219.920010 2217.885238 2215.400754 2218.102505 2218.487186 2218.420112 2218.377920 2217.852629 2217.001992 2216.914418 2217.771701 2216.613733 2213.174314 2212.681032 2214.002203 2214.360672 2213.128300 2214.272620 
0.004247 0.004984 0.004127 0.002157 0.000214 0.000209 0.000202 0.000218 0.000118 0.000084 0.000087 0.000051 0.000033 0.000046 0.000034 0.000026 0.000039 0.000032 0.000041 0.000084 
2241.513489 2242.011677 2242.587662 2243.267345 2238.431461 2238.830129 2241.609103 2243.602987 2243.149179 2242.396224 2242.340530 2239.928867 2239.183823 2242.158324 2241.885736 2242.272362 2242.856651 2239.793701 2239.415471 2241.522975 
0.013257 0.032217 0.027713 0.027243 0.022719 0.018934 0.016123 0.013388 0.011417 0.009905 0.008213 0.006871 0.005814 0.004796 0.004021 0.003422 0.002901 0.002491 0.002099 0.001654 
2276.588890 2274.449455 2273.517739 2273.819783 2274.961834 2275.420932 2275.368946 2275.929588 2276.160667 2276.065919 2276.636423 2276.823778 2276.696723 2277.051470 2277.106667 2276.979020 2277.111371 2277.064003 2277.054800 2277.328842 
0.003514 0.003377 0.002423 0.001360 0.000679 0.000356 0.000227 0.000156 0.000147 0.000133 0.000108 0.000092 0.000087 0.000081 0.000068 0.000049 0.000036 0.000036 0.000047 0.000071 
2356.392497 2357.394811 2358.441079 2358.528602 2355.670176 2352.730402 2354.501700 2352.519094 2354.292495 2355.093874 2353.028787 2350.754208 2351.141988 2351.214879 2350.005202 2348.972328 2350.386186 2353.872675 2354.512346 2353.798985 
0.002019 0.001637 0.000938 0.000500 0.000379 0.000265 0.000124 0.000083 0.000056 0.000043 0.000041 0.000044 0.000040 0.000039 0.000040 0.000035 0.000029 0.000031 0.000040 0.000048 
2377.784925 2377.327379 2376.503931 2376.536116 2378.001914 2378.216556 2377.113817 2377.693645 2376.210439 2375.450926 2376.769712 2378.944967 2380.181062 2379.719414 2378.543405 2377.800237 2378.097055 2379.890849 2379.717171 2378.604921 
0.005514 0.005414 0.003894 0.002035 0.000864 0.000536 0.000293 0.000242 0.000230 0.000110 0.000142 0.000118 0.000100 0.000109 0.000082 0.000069 0.000069 0.000071 0.000069 0.000060 
2400.465255 2401.153871 2401.506622 2400.908476 2398.142801 2396.444672 2400.464621 2397.773960 2395.401213 2401.437105 2393.428774 2392.308215 2391.522903 2392.140282 2393.167653 2392.976310 2392.550211 2392.563095 2394.158694 2397.870672 
0.036876 0.069727 0.052868 0.046050 0.036191 0.027028 0.019816 0.014280 0.010240 0.007384 0.005356 0.003853 0.002806 0.002095 0.001586 0.001155 0.000840 0.000631 0.000486 0.000348 
2454.764071 2453.007500 2451.326951 2449.936235 2449.470985 2449.454197 2449.624336 2449.628147 2449.609462 2449.690373 2449.798664 2449.695945 2449.745878 2450.026314 2450.442578 2450.248861 2449.864390 2449.815893 2450.296108 2450.117863 
0.189038 0.351769 0.263634 0.228137 0.175361 0.128069 0.091973 0.065729 0.046601 0.032337 0.021639 0.013917 0.008828 0.005929 0.004336 0.003465 0.002983 0.002611 0.002157 0.001598 
2501.497793 2502.447086 2503.215155 2503.757173 2504.048267 2504.150323 2504.155709 2504.086969 2503.948477 2503.855681 2503.977671 2504.462742 2505.241061 2505.655554 2505.655261 2505.271319 2504.327494 2503.184058 2502.341250 2501.847319 
0.020206 0.018875 0.012292 0.005181 0.001484 0.000871 0.000626 0.000471 0.000322 0.000228 0.000159 0.000116 0.000081 0.000063 0.000047 0.000043 0.000044 0.000051 0.000060 0.000068 
2550.081343 2550.026040 2550.132977 2550.844753 2553.453876 2551.036252 2552.260760 2551.573583 2551.937262 2552.432277 2552.739793 2553.077293 2553.655643 2552.831128 2552.917226 2552.713790 2552.064051 2551.973729 2552.170604 2551.466135 
0.014283 0.014238 0.010337 0.005588 0.002554 0.001271 0.000815 0.000579 0.000466 0.000373 0.000295 0.000238 0.000199 0.000164 0.000129 0.000107 0.000099 0.000089 0.000072 0.000054 
2595.299251 2595.708278 2595.781236 2594.364931 2592.639719 2592.679908 2595.278294 2595.068800 2594.113408 2594.799962 2595.847348 2596.087896 2595.288236 2594.525332 2594.481233 2594.775474 2594.507961 2594.204819 2594.642861 2598.143086 
0.006496 0.006507 0.004611 0.002175 0.000626 0.000321 0.000243 0.000173 0.000125 0.000093 0.000070 0.000053 0.000044 0.000041 0.000038 0.000043 0.000058 0.000070 0.000073 0.000065 
2643.277330 2643.373621 2643.564120 2643.975179 2644.388709 2643.055154 2644.216206 2643.727428 2643.053511 2642.161450 2640.320187 2638.259023 2637.681510 2639.278090 2640.546153 2639.608763 2638.447475 2637.817956 2637.827226 2638.911056 
0.003040 0.002925 0.001999 0.000995 0.000508 0.000334 0.000246 0.000186 0.000141 0.000112 0.000090 0.000070 0.000055 0.000044 0.000036 0.000031 0.000028 0.000030 0.000034 0.000034 
2662.991637 2662.783343 2662.338925 2661.542413 2662.372812 2664.439548 2665.284134 2665.479317 2665.683331 2665.544444 2665.298278 2665.117270 2664.954767 2664.574443 2663.741360 2662.887486 2662.713315 2663.014551 2663.196412 2663.298443 
0.002379 0.002239 0.001475 0.000633 0.000238 0.000167 0.000092 0.000095 0.000062 0.000045 0.000027 0.000018 0.000016 0.000013 0.000017 0.000019 0.000017 0.000013 0.000011 0.000012 
2703.636107 2703.533279 2703.297807 2702.474238 2702.274826 2704.068362 2703.869399 2704.852935 2703.747983 2704.439553 2704.599009 2703.891931 2703.989449 2704.062079 2704.796579 2703.801730 2702.814290 2701.844707 2702.689036 2703.759187 
0.003905 0.003690 0.002463 0.001096 0.000388 0.000257 0.000160 0.000143 0.000100 0.000074 0.000056 0.000040 0.000030 0.000025 0.000028 0.000030 0.000031 0.000025 0.000022 0.000027 
2724.607066 2724.484893 2724.274209 2724.008332 2723.530412 2723.178793 2726.769945 2722.185079 2723.970770 2725.290958 2726.125191 2724.279214 2723.019405 2724.233718 2722.216589 2724.491764 2726.910190 2726.458119 2726.920421 2730.652154 
0.002022 0.001866 0.001216 0.000549 0.000229 0.000143 0.000115 0.000099 0.000093 0.000092 0.000090 0.000082 0.000070 0.000058 0.000050 0.000049 0.000052 0.000055 0.000054 0.000049 
2746.792853 2746.826581 2746.955725 2747.405200 2747.717206 2747.013251 2746.788345 2747.482522 2747.954496 2747.941282 2747.874801 2748.021899 2748.410968 2749.044532 2749.174771 2748.866060 2748.005674 2747.586765 2747.424364 2747.233849 
0.003611 0.003365 0.002199 0.000943 0.000300 0.000199 0.000136 0.000097 0.000071 0.000060 0.000057 0.000056 0.000056 0.000054 0.000052 0.000050 0.000050 0.000050 0.000050 0.000050 
2773.399041 2773.729389 2774.195203 2774.805666 2772.860969 2770.949242 2772.041806 2772.396432 2772.466619 2771.538784 2772.024713 2773.682048 2774.411024 2774.582629 2775.536730 2777.006992 2777.065991 2777.456745 2777.916298 2777.992378 
0.002742 0.002604 0.001751 0.000791 0.000265 0.000150 0.000101 0.000079 0.000074 0.000072 0.000061 0.000045 0.000034 0.000030 0.000026 0.000022 0.000018 0.000018 0.000023 0.000028 
2811.114283 2811.043275 2810.894798 2810.435021 2809.577306 2810.864304 2810.741740 2810.250889 2811.354720 2812.101119 2812.339078 2812.091018 2811.582108 2811.981789 2812.693846 2813.068091 2811.390947 2808.412692 2808.797017 2811.070815 
0.003413 0.003458 0.002728 0.001739 0.000944 0.000484 0.000270 0.000169 0.000146 0.000136 0.000113 0.000080 0.000064 0.000063 0.000072 0.000077 0.000079 0.000077 0.000072 0.000065 
2854.268288 2856.456662 2860.184412 2863.913380 2864.964290 2861.134253 2858.588173 2859.259540 2861.870739 2863.866290 2864.443337 2862.746651 2861.745044 2863.340677 2865.222634 2865.201126 2863.599323 2862.096435 2862.256953 2863.855889 
0.001180 0.001143 0.000900 0.000575 0.000327 0.000185 0.000089 0.000082 0.000073 0.000067 0.000057 0.000046 0.000038 0.000030 0.000027 0.000026 0.000022 0.000017 0.000014 0.000015 
2888.883063 2888.112825 2885.584144 2883.029193 2882.999125 2885.230600 2883.618440 2884.569338 2883.986886 2883.179181 2882.547971 2883.158257 2885.944973 2888.489279 2888.329226 2886.391437 2885.664481 2884.233813 2881.918324 2882.195148 
0.006556 0.007060 0.005516 0.002906 0.000775 0.000501 0.000449 0.000495 0.000237 0.000098 0.000074 0.000123 0.000105 0.000039 0.000017 0.000015 0.000028 0.000035 0.000032 0.000027 
2903.869257 2904.355984 2904.826318 2904.886746 2900.467554 2899.842763 2902.766978 2905.258785 2904.305562 2900.125990 2900.372628 2904.481004 2904.292437 2899.907530 2897.796811 2898.558004 2902.551507 2903.452040 2903.916814 2903.862318 
0.031960 0.041076 0.040035 0.032069 0.023736 0.016793 0.011115 0.007450 0.005199 0.003591 0.002530 0.001844 0.001306 0.000931 0.000683 0.000482 0.000341 0.000255 0.000185 0.000137 
2940.062088 2941.002346 2942.447756 2943.850194 2943.872637 2943.392358 2943.813883 2944.065845 2943.842714 2944.114507 2944.201682 2943.730101 2943.974793 2944.207043 2943.961860 2944.310708 2943.736001 2942.790998 2943.493836 2944.572382 
0.000879 0.000994 0.000778 0.000413 0.000172 0.000110 0.000097 0.000093 0.000086 0.000075 0.000067 0.000062 0.000059 0.000055 0.000048 0.000038 0.000036 0.000042 0.000054 0.000058 
2988.972649 2989.471861 2990.081802 2991.133590 2991.753191 2989.993691 2988.931778 2989.645566 2989.223515 2988.360966 2988.240638 2988.918815 2989.395406 2989.496695 2989.345875 2988.464448 2988.385080 2989.115518 2990.130372 2990.417758 
0.000587 0.000718 0.000616 0.000369 0.000164 0.000094 0.000064 0.000051 0.000042 0.000036 0.000033 0.000029 0.000029 0.000034 0.000040 0.000043 0.000043 0.000039 0.000033 0.000029 
3005.538927 3005.329200 3005.145071 3004.848274 3004.091559 3003.932964 3004.457349 3004.338826 3004.245155 3004.797288 3005.894005 3007.563475 3008.049976 3006.787859 3005.146958 3004.605534 3004.766899 3005.080560 3005.259208 3005.012684 
0.001017 0.001104 0.000865 0.000482 0.000200 0.000105 0.000071 0.000053 0.000041 0.000038 0.000040 0.000040 0.000033 0.000022 0.000016 0.000017 0.000022 0.000025 0.000025 0.000025 
3051.179651 3050.988882 3050.633895 3050.143981 3050.307971 3051.379907 3051.543333 3050.604322 3049.832473 3050.054309 3051.657175 3052.383310 3052.626626 3053.425434 3054.532564 3054.448355 3054.097838 3052.923049 3050.774669 3049.425435 
0.000619 0.001914 0.001491 0.001394 0.000962 0.000487 0.000213 0.000113 0.000071 0.000050 0.000040 0.000032 0.000028 0.000034 0.000040 0.000039 0.000032 0.000027 0.000029 0.000027 
3087.820391 3089.160828 3089.957190 3090.472479 3090.678868 3090.090646 3088.516790 3088.763467 3090.707380 3091.460227 3090.408553 3090.503977 3092.287736 3091.529002 3090.055314 3089.078077 3087.918431 3086.668955 3086.903723 3086.994337 
0.004971 0.010767 0.007785 0.006486 0.004357 0.002634 0.001552 0.000918 0.000570 0.000377 0.000255 0.000172 0.000129 0.000108 0.000088 0.000066 0.000050 0.000043 0.000044 0.000046 
3129.831135 3127.736621 3125.787789 3124.157923 3123.450518 3123.619696 3123.802376 3123.848098 3124.093025 3123.774718 3123.428431 3123.508312 3122.880917 3120.186100 3117.558593 3117.673939 3121.416069 3125.733275 3124.135455 3122.197641 
0.001346 0.001342 0.001271 0.001092 0.000624 0.000213 0.000071 0.000051 0.000031 0.000023 0.000030 0.000029 0.000029 0.000031 0.000033 0.000041 0.000045 0.000043 0.000038 0.000032 
3170.206153 3169.725537 3170.739852 3172.916724 3174.753677 3176.147461 3173.781534 3173.994832 3171.516410 3170.311179 3172.627729 3172.647129 3172.893724 3173.039807 3172.462056 3172.392258 3172.539711 3172.375964 3171.882580 3171.576607 
0.003946 0.004724 0.004643 0.003844 0.002669 0.001693 0.001062 0.000669 0.000417 0.000269 0.000183 0.000123 0.000081 0.000061 0.000053 0.000043 0.000031 0.000025 0.000026 0.000025 
3189.395998 3189.646339 3189.134878 3187.617250 3185.853081 3185.044683 3185.373352 3186.061083 3186.225790 3186.163333 3186.029553 3186.404463 3187.419829 3187.832694 3186.418842 3184.313301 3182.645160 3183.579972 3185.035147 3184.780338 
0.011729 0.013135 0.010545 0.005881 0.002286 0.000901 0.000431 0.000196 0.000107 0.000090 0.000062 0.000054 0.000052 0.000061 0.000068 0.000068 0.000064 0.000059 0.000052 0.000045 
3211.488415 3210.674841 3209.324657 3207.274758 3207.102398 3207.946119 3204.518384 3207.533232 3211.152812 3211.621814 3214.762117 3215.098557 3220.707354 3221.376344 3219.479239 3218.389079 3218.323103 3219.165875 3221.053339 3222.217668 
0.008811 0.025481 0.016768 0.014262 0.009144 0.004909 0.002647 0.001501 0.000820 0.000458 0.000264 0.000156 0.000089 0.000047 0.000028 0.000025 0.000021 0.000021 0.000030 0.000039 
3245.385916 3246.365369 3246.928659 3247.093000 3246.507048 3245.455262 3245.329895 3246.194694 3246.177726 3246.106075 3246.072928 3245.532346 3245.978116 3246.806503 3243.213289 3241.271052 3244.574310 3243.867063 3239.648991 3239.267220 
0.017322 0.022136 0.021072 0.014999 0.007866 0.003280 0.001339 0.000591 0.000216 0.000136 0.000110 0.000071 0.000055 0.000054 0.000053 0.000048 0.000038 0.000029 0.000024 0.000026 
3268.414734 3266.951568 3265.617701 3264.765418 3265.439535 3267.537548 3267.103405 3263.529619 3267.320806 3268.214162 3267.731210 3269.839003 3269.005783 3266.998890 3267.482520 3268.066052 3268.270838 3268.724525 3269.562212 3269.479253 
0.008332 0.009432 0.008302 0.005872 0.003298 0.001458 0.000551 0.000246 0.000123 0.000076 0.000054 0.000040 0.000030 0.000029 0.000035 0.000037 0.000036 0.000036 0.000036 0.000032 
3295.182597 3295.271223 3296.195695 3298.205974 3299.983597 3300.983372 3303.626854 3308.569789 3310.110130 3308.697320 3306.200536 3303.096640 3298.509233 3296.755704 3301.860184 3305.858854 3307.001860 3306.082472 3305.179672 3305.258854 
0.004191 0.004530 0.004043 0.003105 0.001970 0.001086 0.000547 0.000329 0.000182 0.000112 0.000085 0.000085 0.000084 0.000082 0.000079 0.000072 0.000057 0.000038 0.000024 0.000020 
3327.729325 3327.314327 3325.902746 3324.856749 3325.302115 3326.623778 3325.001123 3322.040405 3322.377355 3323.960854 3322.771425 3322.136818 3321.592497 3321.437819 3321.544552 3322.240812 3322.795735 3322.778811 3323.502111 3327.295381 
0.002276 0.002087 0.001341 0.000721 0.000422 0.000317 0.000197 0.000131 0.000110 0.000093 0.000068 0.000049 0.000035 0.000031 0.000034 0.000037 0.000041 0.000044 0.000043 0.000038 
3345.258708 3345.660681 3346.794170 3347.161713 3345.623174 3343.002273 3342.319289 3342.546711 3345.168435 3347.703995 3349.059097 3348.796743 3347.824462 3345.872064 3344.750949 3344.489962 3345.205497 3346.510590 3347.696935 3348.106166 
0.001071 0.000944 0.000708 0.000530 0.000364 0.000229 0.000146 0.000092 0.000060 0.000049 0.000050 0.000051 0.000048 0.000040 0.000031 0.000026 0.000023 0.000022 0.000021 0.000021 
3365.450034 3364.457928 3365.076775 3369.186610 3372.190369 3372.625004 3371.508116 3368.986943 3366.551708 3365.521214 3365.978833 3367.137623 3367.913538 3367.419439 3365.871139 3366.042047 3369.272308 3371.307467 3369.983888 3367.697721 
0.004255 0.004484 0.003464 0.001923 0.000780 0.000395 0.000244 0.000187 0.000140 0.000108 0.000090 0.000076 0.000062 0.000052 0.000050 0.000054 0.000055 0.000048 0.000035 0.000024 
3400.338527 3400.752656 3401.221177 3401.895738 3402.341109 3402.438584 3402.912539 3404.391244 3404.822159 3404.331001 3402.627861 3401.084164 3400.909510 3402.113892 3401.868787 3399.709249 3396.996452 3395.300409 3395.078399 3397.812205 
0.005851 0.005965 0.004375 0.002223 0.000737 0.000333 0.000220 0.000182 0.000151 0.000125 0.000103 0.000080 0.000061 0.000052 0.000050 0.000048 0.000047 0.000051 0.000056 0.000056 
3422.858675 3421.831548 3420.677834 3419.750751 3421.527946 3424.339404 3425.893420 3424.040884 3427.672045 3433.039190 3435.839987 3436.069182 3435.098055 3432.285734 3428.412514 3424.962099 3424.773730 3428.908497 3433.025585 3434.159673 
0.003340 0.003089 0.001993 0.000886 0.000408 0.000299 0.000224 0.000176 0.000135 0.000114 0.000101 0.000078 0.000057 0.000052 0.000055 0.000055 0.000051 0.000053 0.000056 0.000053 
3464.895624 3465.175314 3465.692457 3466.979183 3468.504074 3469.236758 3469.207349 3468.809441 3467.667110 3465.229657 3462.860324 3462.178542 3462.843016 3463.595755 3464.036774 3465.128780 3467.260306 3468.160550 3467.587026 3467.143957 
0.005449 0.005745 0.004508 0.002675 0.001265 0.000665 0.000395 0.000255 0.000166 0.000115 0.000090 0.000077 0.000070 0.000064 0.000062 0.000059 0.000048 0.000038 0.000037 0.000045 
3496.108287 3497.177536 3499.239978 3502.439444 3505.284556 3503.078563 3503.669964 3508.104028 3508.904552 3508.451492 3509.060999 3510.016574 3510.131056 3510.378446 3508.001341 3505.554115 3502.874494 3501.295695 3501.088783 3502.976451 
0.001666 0.001540 0.001121 0.000736 0.000443 0.000261 0.000183 0.000126 0.000084 0.000055 0.000055 0.000054 0.000047 0.000041 0.000039 0.000037 0.000033 0.000033 0.000035 0.000033 
3540.579304 3540.393900 3538.413445 3534.903633 3533.936463 3537.974086 3542.194520 3544.207506 3543.865624 3541.997119 3535.378417 3533.839989 3533.802367 3534.146054 3534.508571 3534.345757 3534.336969 3535.872999 3537.083351 3536.864060 
0.003740 0.004454 0.004157 0.003141 0.001971 0.001063 0.000506 0.000241 0.000158 0.000119 0.000082 0.000050 0.000036 0.000037 0.000042 0.000047 0.000047 0.000047 0.000047 0.000043 
3574.043302 3575.233570 3576.075459 3575.946433 3575.178789 3574.190169 3574.645438 3576.760366 3579.780555 3581.978260 3581.334392 3579.885258 3579.796831 3578.990736 3579.744212 3581.424717 3580.663325 3578.705278 3577.735217 3578.126072 
0.008678 0.010913 0.010282 0.007378 0.004412 0.002746 0.001903 0.001321 0.000843 0.000516 0.000309 0.000180 0.000115 0.000089 0.000080 0.000071 0.000066 0.000064 0.000064 0.000061 
3638.527185 3639.448900 3640.004222 3640.032826 3639.941393 3640.766673 3642.325557 3643.339661 3643.671141 3643.712859 3643.555334 3642.617148 3638.815302 3634.240815 3633.807786 3635.871136 3636.262564 3632.582416 3627.670045 3627.333943 
0.013998 0.017605 0.016407 0.011506 0.006443 0.003285 0.001775 0.001020 0.000611 0.000335 0.000216 0.000145 0.000102 0.000079 0.000072 0.000072 0.000069 0.000063 0.000055 0.000042 
3689.839894 3688.207524 3686.576634 3685.051669 3684.546658 3685.148080 3684.560575 3683.548974 3682.030860 3681.117125 3680.563700 3680.158457 3682.867352 3681.627639 3677.397493 3677.631260 3681.817764 3686.516336 3687.049339 3683.290626 
0.001499 0.001357 0.000961 0.000547 0.000309 0.000210 0.000155 0.000084 0.000031 0.000020 0.000022 0.000031 0.000037 0.000037 0.000031 0.000025 0.000020 0.000016 0.000015 0.000015 
3743.435428 3743.744259 3743.640844 3743.172167 3741.703059 3739.925122 3739.402189 3739.433991 3739.796133 3741.208658 3741.712761 3741.279799 3740.587887 3739.856997 3739.488637 3739.887780 3740.457777 3740.652009 3741.269018 3742.464700 
0.019695 0.022647 0.019606 0.013028 0.007116 0.003878 0.002241 0.001307 0.000770 0.000491 0.000334 0.000206 0.000112 0.000080 0.000072 0.000070 0.000065 0.000060 0.000058 0.000057 
3794.221117 3795.205153 3796.300410 3797.565548 3798.881634 3799.505350 3799.987305 3800.241555 3801.122404 3802.705926 3804.793198 3804.850526 3800.407441 3793.097314 3789.619937 3789.647348 3792.985897 3797.143233 3795.841533 3789.164873 
0.002718 0.002583 0.001831 0.001156 0.000716 0.000453 0.000271 0.000173 0.000097 0.000050 0.000032 0.000026 0.000022 0.000019 0.000020 0.000022 0.000021 0.000022 0.000023 0.000020 
3832.590333 3833.594505 3835.138929 3835.011552 3832.245932 3829.610182 3829.076684 3829.638947 3828.910949 3827.914372 3829.240672 3830.507787 3833.220886 3836.765017 3836.695255 3834.456630 3831.627744 3830.318883 3830.322730 3829.775724 
0.001639 0.001914 0.001697 0.001127 0.000547 0.000213 0.000096 0.000066 0.000028 0.000018 0.000015 0.000018 0.000024 0.000028 0.000030 0.000029 0.000024 0.000020 0.000019 0.000018 
3843.808977 3843.967580 3844.161629 3844.437782 3845.037929 3846.073896 3845.864625 3844.773039 3844.052318 3842.990300 3842.462362 3843.757371 3844.095965 3843.836016 3843.867856 3844.434215 3845.185696 3845.809959 3846.331675 3846.936633 
0.009492 0.012310 0.012303 0.009792 0.006479 0.003808 0.002135 0.001228 0.000737 0.000459 0.000288 0.000177 0.000109 0.000070 0.000049 0.000040 0.000048 0.000062 0.000065 0.000053 
3895.791133 3895.647197 3895.269682 3894.722350 3894.344639 3894.660836 3895.471504 3896.050221 3896.327553 3896.423891 3896.671513 3896.329376 3894.193334 3891.864627 3892.080004 3892.259150 3887.885726 3885.422735 3885.189583 3885.577542 
0.003178 0.003337 0.002580 0.001488 0.000721 0.000388 0.000231 0.000134 0.000073 0.000048 0.000039 0.000039 0.000039 0.000040 0.000042 0.000038 0.000031 0.000033 0.000038 0.000037 
3932.709363 3932.373111 3932.006984 3931.832030 3933.106398 3934.468037 3935.623258 3935.920985 3934.908961 3933.866859 3934.884722 3937.491728 3937.852197 3936.619867 3935.572658 3935.158799 3935.454515 3937.584142 3939.505060 3940.440894 
0.002153 0.002576 0.002562 0.002170 0.001559 0.000987 0.000604 0.000386 0.000242 0.000153 0.000103 0.000072 0.000052 0.000042 0.000043 0.000047 0.000046 0.000040 0.000037 0.000041 
3977.978072 3979.172321 3980.361514 3981.164044 3981.532007 3982.239207 3983.306500 3984.153615 3984.113084 3983.329447 3982.076338 3980.934550 3980.787917 3980.835392 3979.060977 3976.976739 3974.303166 3972.757882 3974.573998 3976.119064 
0.001211 0.001361 0.001346 0.001160 0.000793 0.000428 0.000223 0.000123 0.000076 0.000051 0.000039 0.000034 0.000033 0.000032 0.000031 0.000033 0.000038 0.000042 0.000042 0.000038 
4012.800702 4012.417444 4012.046061 4011.375809 4011.360628 4012.072421 4012.782430 4014.041695 4014.581130 4014.429277 4014.631808 4015.262254 4017.593428 4019.103983 4019.125147 4017.710148 4016.031675 4015.593829 4014.720891 4012.584219 
0.002594 0.004607 0.003521 0.003024 0.002230 0.001492 0.000946 0.000591 0.000363 0.000219 0.000137 0.000085 0.000056 0.000047 0.000051 0.000054 0.000053 0.000048 0.000044 0.000040 
4052.214465 4052.536172 4052.756274 4053.278074 4054.140999 4054.788676 4054.894435 4055.045497 4055.593116 4056.388813 4057.285326 4056.712171 4056.097545 4054.437223 4059.159534 4064.575729 4066.893113 4067.054374 4066.632479 4066.278417 
0.001359 0.001457 0.001132 0.000625 0.000261 0.000137 0.000116 0.000126 0.000121 0.000096 0.000078 0.000069 0.000067 0.000060 0.000050 0.000043 0.000046 0.000050 0.000043 0.000029 
4114.692939 4114.144863 4112.784930 4109.898346 4104.569197 4103.987047 4101.517579 4097.867696 4097.656033 4099.068428 4099.050486 4098.773412 4099.735279 4101.055128 4103.621849 4108.269876 4108.503987 4105.646367 4104.384361 4106.171039 
0.002154 0.002785 0.002626 0.001818 0.000911 0.000340 0.000119 0.000077 0.000060 0.000065 0.000058 0.000044 0.000039 0.000045 0.000045 0.000039 0.000037 0.000036 0.000032 0.000026 
4151.071437 4151.528527 4151.889656 4152.182157 4152.367056 4151.955869 4151.397541 4148.908209 4148.068975 4149.147250 4151.122619 4152.390025 4152.827023 4152.238672 4152.897542 4153.338878 4152.495411 4152.365851 4153.131822 4153.721844 
0.000963 0.001047 0.000832 0.000473 0.000202 0.000101 0.000073 0.000064 0.000056 0.000046 0.000043 0.000047 0.000050 0.000048 0.000041 0.000035 0.000034 0.000041 0.000053 0.000057 
4189.131426 4189.074595 4189.887948 4192.532713 4197.799588 4199.266160 4195.775812 4191.584606 4188.504577 4184.901952 4184.160744 4185.852058 4188.163746 4190.741714 4193.849221 4196.135675 4194.571570 4191.433328 4190.973157 4192.009044 
0.000815 0.000945 0.000846 0.000565 0.000253 0.000096 0.000073 0.000076 0.000065 0.000056 0.000052 0.000049 0.000046 0.000043 0.000044 0.000046 0.000048 0.000053 0.000058 0.000055 
4236.000751 4238.509251 4241.131320 4243.623007 4245.502594 4241.903978 4239.979285 4243.016861 4241.305400 4239.596556 4241.700360 4243.258391 4242.532427 4241.255066 4241.333092 4241.333167 4238.438172 4232.880486 4229.856257 4229.199500 
0.000814 0.000963 0.000899 0.000662 0.000391 0.000218 0.000138 0.000096 0.000063 0.000042 0.000031 0.000029 0.000030 0.000035 0.000041 0.000043 0.000043 0.000039 0.000030 0.000023 
4275.160818 4272.896819 4269.844160 4266.669374 4263.819002 4262.582771 4263.032331 4263.995494 4264.639046 4267.129796 4272.574962 4275.224716 4275.668328 4276.196308 4277.051995 4277.649936 4277.436894 4276.880244 4276.557418 4274.927201 
0.001359 0.001320 0.000903 0.000401 0.000120 0.000068 0.000063 0.000056 0.000045 0.000038 0.000040 0.000036 0.000031 0.000033 0.000039 0.000041 0.000036 0.000028 0.000025 0.000030 
4316.741771 4316.903585 4317.222810 4318.069768 4317.670410 4316.372954 4315.141376 4317.409879 4318.402909 4316.795103 4313.931460 4313.985074 4315.029765 4315.068133 4314.279722 4313.745860 4313.516841 4313.932986 4316.766413 4318.853157 
0.001756 0.001704 0.001174 0.000546 0.000168 0.000096 0.000071 0.000056 0.000053 0.000060 0.000067 0.000067 0.000058 0.000045 0.000032 0.000025 0.000026 0.000032 0.000040 0.000045 
4357.924170 4358.796046 4360.083372 4361.430951 4357.982672 4354.225762 4353.346815 4356.267094 4361.016922 4362.763059 4362.373118 4360.953452 4359.546475 4359.360847 4359.161187 4356.933593 4355.614214 4359.454086 4362.683460 4362.301840 
0.000457 0.000648 0.000526 0.000428 0.000246 0.000101 0.000044 0.000027 0.000025 0.000024 0.000017 0.000015 0.000020 0.000025 0.000027 0.000026 0.000021 0.000018 0.000019 0.000019 
4380.851609 4380.957942 4382.290213 4383.501868 4384.287555 4384.117513 4382.164781 4382.050909 4382.747674 4383.311532 4383.449766 4383.527406 4383.636451 4383.634333 4383.325221 4382.461005 4380.590144 4380.066597 4380.657616 4382.056923 
0.000948 0.001094 0.001064 0.000838 0.000498 0.000215 0.000086 0.000044 0.000033 0.000035 0.000033 0.000027 0.000022 0.000024 0.000027 0.000027 0.000025 0.000021 0.000018 0.000018 
4400.781112 4400.691445 4399.719671 4398.544536 4397.948934 4398.695925 4400.507664 4399.832201 4396.884775 4395.709140 4395.483946 4395.094773 4395.127833 4396.107028 4396.946880 4397.328829 4397.376572 4396.798237 4395.612454 4395.908197 
0.004868 0.004964 0.003652 0.001890 0.000643 0.000187 0.000090 0.000060 0.000049 0.000048 0.000048 0.000048 0.000044 0.000041 0.000042 0.000044 0.000045 0.000041 0.000035 0.000032 
4438.494019 4439.068821 4439.503653 4439.155207 4436.308186 4432.384008 4434.756888 4432.385670 4430.090972 4428.205232 4427.361226 4427.274877 4426.560094 4425.382746 4426.638177 4428.876213 4432.073089 4434.943551 4436.041087 4435.222947 
0.011396 0.015006 0.014756 0.011110 0.006834 0.003984 0.002340 0.001291 0.000690 0.000439 0.000325 0.000246 0.000173 0.000114 0.000078 0.000063 0.000056 0.000049 0.000044 0.000042 
4478.020914 4478.878881 4479.624013 4480.310203 4481.269964 4482.167659 4483.385028 4484.047523 4483.722657 4483.235757 4482.473723 4482.766754 4483.315718 4483.401934 4482.789816 4481.531136 4480.379772 4479.815928 4480.727706 4481.095646 
0.016298 0.020257 0.018816 0.013225 0.007173 0.003361 0.001515 0.000683 0.000317 0.000165 0.000102 0.000076 0.000070 0.000060 0.000051 0.000044 0.000035 0.000028 0.000027 0.000026 
4531.235768 4530.031707 4529.079599 4528.493975 4528.603924 4529.116954 4529.375510 4529.562025 4529.772215 4530.401931 4531.048089 4533.526234 4535.324029 4536.439003 4537.232420 4535.945147 4534.037845 4534.119612 4536.080852 4538.585851 
0.003571 0.003724 0.002905 0.001712 0.000789 0.000368 0.000209 0.000142 0.000094 0.000071 0.000058 0.000049 0.000047 0.000054 0.000060 0.000056 0.000047 0.000041 0.000039 0.000038 
4589.901876 4589.482301 4589.257412 4589.506802 4590.416213 4591.913572 4593.639697 4596.429567 4597.528610 4597.537328 4597.521679 4597.657183 4598.845506 4599.592540 4599.460526 4599.116664 4598.875778 4597.729447 4594.914030 4590.406510 
0.001974 0.001961 0.001402 0.000708 0.000268 0.000107 0.000059 0.000037 0.000027 0.000029 0.000031 0.000029 0.000031 0.000038 0.000042 0.000042 0.000038 0.000035 0.000038 0.000040 
4632.371805 4631.860114 4630.834623 4629.103459 4629.345549 4634.835620 4637.197694 4636.288342 4634.292775 4632.335959 4631.909435 4633.234735 4635.594959 4636.650637 4636.614115 4635.375759 4633.756446 4633.069311 4633.305646 4633.881193 
0.000753 0.000721 0.000478 0.000201 0.000072 0.000049 0.000043 0.000042 0.000043 0.000037 0.000029 0.000026 0.000026 0.000022 0.000019 0.000019 0.000018 0.000020 0.000029 0.000035 
4678.737001 4678.850792 4679.036486 4679.211267 4678.170258 4678.967609 4681.430829 4680.719412 4678.892553 4677.024901 4675.318857 4675.095284 4675.932682 4675.118281 4674.617107 4676.058249 4675.792949 4677.384052 4680.158844 4680.897504 
0.000555 0.000605 0.000485 0.000297 0.000167 0.000120 0.000090 0.000063 0.000052 0.000057 0.000058 0.000054 0.000049 0.000046 0.000040 0.000041 0.000046 0.000049 0.000044 0.000036 
4735.232473 4736.088638 4737.598585 4739.362457 4740.266626 4738.913967 4739.324892 4738.391572 4736.016602 4736.231888 4737.163560 4735.919682 4733.824205 4734.690133 4737.838019 4740.012853 4740.148240 4738.664329 4736.099141 4735.551826 
0.000724 0.000885 0.000831 0.000610 0.000362 0.000217 0.000153 0.000108 0.000071 0.000056 0.000047 0.000033 0.000021 0.000020 0.000023 0.000026 0.000030 0.000035 0.000037 0.000037 
4780.089274 4780.284514 4780.021962 4779.383178 4779.170960 4779.828497 4780.014563 4778.767641 4778.246825 4777.459261 4778.041282 4779.116996 4776.578602 4774.781605 4776.042767 4775.417743 4774.861183 4776.665021 4778.707146 4779.305389 
0.001258 0.001400 0.001131 0.000635 0.000240 0.000104 0.000082 0.000064 0.000047 0.000040 0.000043 0.000054 0.000062 0.000063 0.000061 0.000053 0.000045 0.000046 0.000052 0.000055 
4803.310190 4802.460904 4802.335225 4803.598401 4806.468372 4808.178125 4804.808286 4806.854671 4811.221377 4810.316477 4807.147611 4806.058854 4807.201943 4809.096341 4810.282425 4808.716471 4806.904445 4810.412276 4814.991960 4815.151570 
0.001132 0.001226 0.001007 0.000641 0.000353 0.000206 0.000141 0.000106 0.000071 0.000048 0.000047 0.000056 0.000065 0.000068 0.000062 0.000049 0.000039 0.000039 0.000046 0.000047 
4852.464294 4852.555484 4851.389858 4848.510501 4845.511649 4844.344500 4843.923581 4843.974525 4845.059827 4847.123411 4849.666063 4851.115820 4851.788358 4851.795720 4850.921016 4849.980655 4850.249207 4850.819617 4850.949664 4851.448534 
0.000587 0.000585 0.000462 0.000301 0.000182 0.000109 0.000065 0.000060 0.000068 0.000069 0.000057 0.000038 0.000025 0.000029 0.000035 0.000033 0.000026 0.000018 0.000013 0.000016 
4879.184374 4878.224858 4877.880911 4878.858898 4882.276054 4883.069100 4880.718822 4880.001585 4882.521213 4882.947735 4882.632577 4882.679440 4884.704142 4885.022687 4884.294467 4884.123597 4884.226568 4885.022228 4886.041870 4882.550365 
0.000844 0.000794 0.000543 0.000273 0.000154 0.000120 0.000104 0.000082 0.000064 0.000062 0.000063 0.000058 0.000049 0.000044 0.000040 0.000035 0.000032 0.000035 0.000038 0.000036 
4911.577380 4912.225971 4912.199238 4910.325901 4903.119876 4900.015316 4899.726912 4899.790723 4901.096741 4903.312387 4903.715664 4903.714062 4902.973828 4900.111827 4898.009171 4898.073373 4898.663975 4899.416498 4901.751716 4904.845835 
0.001449 0.001537 0.001197 0.000684 0.000319 0.000186 0.000136 0.000102 0.000071 0.000060 0.000068 0.000072 0.000068 0.000062 0.000057 0.000056 0.000059 0.000055 0.000044 0.000034 
4952.503196 4953.607877 4954.659621 4955.454261 4956.128277 4957.348235 4959.700281 4959.990720 4959.974626 4958.750232 4955.492984 4952.864766 4952.174854 4956.537856 4962.602622 4962.950659 4960.039533 4960.047315 4961.707356 4960.156159 
0.002576 0.003050 0.002641 0.001653 0.000716 0.000242 0.000121 0.000091 0.000082 0.000079 0.000080 0.000084 0.000087 0.000083 0.000073 0.000064 0.000062 0.000063 0.000064 0.000062 
5032.987024 5031.161172 5029.077047 5026.557227 5023.663103 5022.084643 5026.564937 5029.587523 5030.438596 5030.809090 5033.426441 5035.988987 5035.813420 5034.056975 5029.314082 5021.276663 5017.873973 5022.103015 5030.668891 5039.486134 
0.002393 0.003023 0.002903 0.002226 0.001441 0.000825 0.000423 0.000188 0.000099 0.000069 0.000063 0.000055 0.000047 0.000043 0.000040 0.000036 0.000034 0.000032 0.000033 0.000036 
5098.128919 5096.810142 5095.432583 5093.838155 5092.195366 5090.700999 5089.256180 5088.690595 5090.214319 5089.899131 5090.898466 5094.674339 5095.287499 5091.879238 5089.133050 5086.367322 5086.945424 5091.421740 5093.553986 5092.304429 
0.002615 0.002864 0.002268 0.001282 0.000520 0.000188 0.000100 0.000078 0.000061 0.000048 0.000040 0.000036 0.000035 0.000035 0.000041 0.000053 0.000058 0.000056 0.000056 0.000058 
5135.957899 5136.253214 5136.667012 5137.089356 5136.320756 5136.088101 5139.806301 5140.000954 5135.844604 5132.263164 5136.608938 5143.588840 5145.204464 5142.159694 5136.990242 5135.617661 5135.525142 5138.978686 5144.750729 5147.513446 
0.001236 0.001431 0.001242 0.000866 0.000545 0.000329 0.000169 0.000072 0.000044 0.000036 0.000040 0.000048 0.000051 0.000042 0.000029 0.000026 0.000030 0.000033 0.000034 0.000033 
5180.915747 5181.313936 5182.208636 5184.317256 5186.785557 5187.922462 5186.799082 5183.689428 5182.601948 5182.576207 5183.465499 5183.517271 5181.983981 5180.585206 5178.626556 5177.008499 5177.234941 5177.535268 5178.192764 5180.073723 
0.001094 0.001137 0.000875 0.000523 0.000292 0.000190 0.000137 0.000101 0.000077 0.000063 0.000053 0.000043 0.000037 0.000039 0.000042 0.000043 0.000046 0.000049 0.000049 0.000046 
5222.300647 5221.468793 5220.536407 5218.644167 5217.189867 5215.917171 5217.481426 5220.935677 5222.064377 5219.730427 5218.594302 5221.059651 5225.256938 5225.895714 5224.119500 5222.558415 5222.777729 5224.972947 5227.550747 5228.203338 
0.000753 0.000749 0.000560 0.000336 0.000179 0.000087 0.000045 0.000044 0.000048 0.000053 0.000053 0.000047 0.000039 0.000035 0.000036 0.000037 0.000038 0.000041 0.000041 0.000036 
5292.379811 5292.893281 5293.966075 5295.370403 5295.866855 5295.164240 5295.870812 5297.490530 5297.124934 5295.387473 5294.374880 5293.363858 5291.531866 5290.124715 5290.527943 5291.903055 5291.509115 5290.337180 5290.242421 5290.707313 
0.001039 0.001077 0.000816 0.000437 0.000165 0.000091 0.000078 0.000081 0.000083 0.000079 0.000074 0.000070 0.000065 0.000059 0.000058 0.000060 0.000060 0.000058 0.000053 0.000047 
5353.525607 5356.169016 5359.070486 5361.963737 5360.908850 5356.220680 5350.707638 5346.737735 5345.692964 5346.158277 5348.341028 5351.411529 5354.499442 5356.654959 5357.049419 5356.327716 5355.099756 5352.741631 5348.096941 5342.357412 
0.000401 0.000637 0.000520 0.000399 0.000234 0.000119 0.000069 0.000054 0.000053 0.000046 0.000031 0.000023 0.000025 0.000030 0.000031 0.000030 0.000027 0.000021 0.000024 0.000027 
5404.023342 5402.406137 5399.923071 5397.397019 5395.417546 5395.842630 5396.408878 5397.486306 5398.830744 5398.365360 5397.362954 5397.222725 5397.152319 5398.911280 5399.089575 5396.525847 5395.252295 5397.724627 5402.052544 5401.346533 
0.001151 0.001541 0.001526 0.001155 0.000724 0.000409 0.000216 0.000114 0.000081 0.000068 0.000058 0.000051 0.000048 0.000050 0.000054 0.000056 0.000055 0.000054 0.000054 0.000052 
5446.266029 5446.406929 5446.813867 5447.230851 5446.694918 5446.499448 5447.608953 5452.212532 5455.217399 5453.145197 5450.858187 5451.561736 5455.178915 5457.467479 5457.711163 5459.589050 5462.228794 5459.301529 5451.434430 5447.441722 
0.000182 0.000246 0.000214 0.000209 0.000207 0.000197 0.000168 0.000122 0.000071 0.000033 0.000018 0.000016 0.000015 0.000018 0.000029 0.000033 0.000027 0.000024 0.000029 0.000031 
5503.257762 5503.792602 5504.038381 5503.629392 5503.098806 5502.897671 5502.803039 5502.709172 5502.898491 5503.944139 5503.887494 5501.550485 5500.021552 5501.056130 5502.761875 5503.568870 5505.113430 5506.283162 5504.536853 5503.624980 
0.003206 0.003640 0.003002 0.001770 0.000734 0.000254 0.000133 0.000101 0.000082 0.000067 0.000064 0.000060 0.000052 0.000044 0.000041 0.000052 0.000070 0.000079 0.000074 0.000059 
5561.880190 5560.631724 5559.011931 5556.917440 5556.094862 5556.049722 5554.746367 5552.527108 5549.106547 5543.227938 5540.923582 5545.320486 5553.232284 5555.923187 5553.964436 5553.517901 5554.702706 5554.501880 5552.652338 5549.265237 
0.001202 0.001337 0.001071 0.000592 0.000209 0.000085 0.000059 0.000045 0.000051 0.000056 0.000051 0.000042 0.000036 0.000031 0.000023 0.000022 0.000032 0.000044 0.000051 0.000050 
5609.853114 5609.937756 5610.125112 5610.503767 5611.489163 5611.346182 5612.213963 5614.327340 5615.384132 5613.552924 5611.247925 5608.492905 5607.610251 5608.848700 5611.703877 5614.403481 5614.215752 5614.338860 5614.481709 5614.558086 
0.001228 0.002377 0.001893 0.001511 0.000893 0.000418 0.000206 0.000133 0.000095 0.000076 0.000066 0.000057 0.000054 0.000056 0.000058 0.000058 0.000055 0.000050 0.000042 0.000034 
5687.809472 5685.736374 5683.912565 5682.064233 5679.802585 5677.938515 5680.145766 5684.313381 5685.772807 5685.914225 5684.304260 5683.770555 5685.688978 5684.870305 5682.297566 5680.984980 5681.619719 5683.908924 5687.754049 5689.663703 
0.000493 0.000490 0.000359 0.000192 0.000093 0.000064 0.000054 0.000049 0.000051 0.000052 0.000045 0.000033 0.000025 0.000027 0.000034 0.000044 0.000056 0.000063 0.000059 0.000045 
5733.305688 5733.938661 5735.155934 5736.413279 5734.454881 5734.176872 5734.981289 5736.468145 5737.883598 5737.854373 5737.518583 5737.085662 5737.343206 5737.470688 5734.917134 5732.344944 5731.672427 5731.837586 5732.945250 5734.468400 
0.001586 0.001827 0.001583 0.001037 0.000519 0.000218 0.000105 0.000078 0.000069 0.000065 0.000059 0.000050 0.000043 0.000044 0.000054 0.000064 0.000066 0.000062 0.000054 0.000044 
5783.697039 5782.462799 5780.459330 5777.432638 5773.873925 5774.761679 5780.777898 5784.787007 5782.322483 5779.902831 5779.340518 5780.080744 5782.407389 5783.633402 5784.659342 5784.966163 5784.572212 5783.973686 5783.778712 5781.909041 
0.000583 0.000704 0.000654 0.000481 0.000299 0.000171 0.000101 0.000066 0.000054 0.000050 0.000050 0.000046 0.000042 0.000041 0.000038 0.000039 0.000043 0.000048 0.000049 0.000042 
5865.367043 5865.257629 5865.149107 5865.301231 5865.450965 5864.974842 5864.974665 5867.726061 5867.038895 5861.471094 5859.743091 5860.214864 5860.560235 5862.303898 5863.381560 5861.714899 5858.574743 5858.266815 5860.248009 5863.085233 
0.000455 0.000510 0.000418 0.000252 0.000126 0.000070 0.000050 0.000040 0.000040 0.000045 0.000051 0.000057 0.000056 0.000048 0.000043 0.000041 0.000043 0.000044 0.000043 0.000038 
5921.123567 5920.523056 5919.445392 5917.366214 5915.381656 5915.127059 5916.453347 5914.915547 5912.151505 5913.165548 5916.429791 5919.641788 5920.618246 5920.161235 5920.630743 5922.247024 5921.715680 5918.555199 5915.760372 5915.416788 
0.000733 0.000759 0.000558 0.000274 0.000100 0.000068 0.000064 0.000061 0.000058 0.000056 0.000054 0.000049 0.000038 0.000026 0.000024 0.000029 0.000038 0.000041 0.000036 0.000028 
5973.813184 5973.624940 5973.291185 5972.734237 5972.302285 5972.622049 5973.604415 5974.002334 5972.647509 5971.499902 5972.348756 5973.829547 5974.841963 5975.441110 5976.036955 5976.401208 5974.206660 5971.570992 5969.005216 5967.839373 
0.000964 0.001229 0.001211 0.000956 0.000626 0.000365 0.000201 0.000108 0.000068 0.000052 0.000041 0.000032 0.000027 0.000023 0.000022 0.000025 0.000027 0.000024 0.000022 0.000022 
6033.572927 6032.169254 6031.028294 6030.639557 6031.441745 6033.173434 6034.474498 6034.702614 6033.834143 6032.778930 6030.695705 6029.210933 6029.522137 6030.630901 6031.389984 6032.483595 6032.144715 6031.556394 6031.018001 6031.680835 
0.001196 0.001157 0.000805 0.000417 0.000180 0.000087 0.000062 0.000065 0.000073 0.000074 0.000063 0.000047 0.000041 0.000042 0.000040 0.000045 0.000053 0.000051 0.000040 0.000030 
6063.441756 6063.790579 6064.910153 6066.443260 6067.041875 6063.416923 6061.161288 6064.762117 6066.874940 6067.230297 6066.920889 6066.050493 6062.042579 6060.345122 6060.916894 6063.702357 6063.847200 6062.614809 6060.373355 6058.352527 
0.000895 0.000812 0.000515 0.000236 0.000099 0.000060 0.000042 0.000034 0.000026 0.000025 0.000027 0.000025 0.000018 0.000016 0.000019 0.000023 0.000028 0.000030 0.000029 0.000025 
6092.967803 6093.811843 6095.198109 6095.370977 6091.144645 6089.094910 6089.725636 6088.902938 6089.889835 6092.543653 6092.393322 6091.142299 6090.263308 6091.256930 6091.589612 6090.755050 6089.663627 6088.886073 6088.680669 6089.517397 
0.003629 0.003835 0.002887 0.001478 0.000483 0.000173 0.000114 0.000090 0.000076 0.000060 0.000050 0.000049 0.000047 0.000049 0.000058 0.000066 0.000065 0.000061 0.000056 0.000049 
6139.440874 6139.652400 6139.698138 6139.306062 6138.350977 6141.020642 6148.531101 6152.679463 6152.584548 6151.822118 6147.030985 6140.731763 6138.086751 6138.091246 6138.811469 6138.840057 6138.634499 6138.701805 6139.688775 6140.995238 
0.001947 0.002075 0.001580 0.000827 0.000275 0.000105 0.000074 0.000067 0.000059 0.000048 0.000045 0.000050 0.000056 0.000059 0.000059 0.000055 0.000046 0.000037 0.000034 0.000029 
6180.836390 6180.481759 6180.025044 6179.490918 6180.384240 6181.393184 6180.062372 6181.262731 6183.533850 6184.861478 6184.874423 6184.421245 6183.370134 6181.746157 6179.863064 6178.128301 6177.185711 6178.307719 6181.853367 6182.947664 
0.001674 0.001874 0.001525 0.000891 0.000362 0.000119 0.000067 0.000054 0.000055 0.000052 0.000045 0.000039 0.000036 0.000033 0.000029 0.000032 0.000037 0.000041 0.000042 0.000037 
6224.691895 6224.226112 6223.675543 6222.973377 6222.126468 6221.800612 6222.172491 6222.368735 6223.393676 6225.823914 6226.909266 6226.347581 6227.107408 6227.764786 6226.061506 6224.138907 6226.331967 6228.611248 6230.066691 6231.610637 
0.000819 0.000814 0.000567 0.000261 0.000103 0.000072 0.000068 0.000058 0.000045 0.000040 0.000038 0.000031 0.000026 0.000028 0.000033 0.000035 0.000032 0.000030 0.000029 0.000026 
6256.960511 6256.971165 6257.058873 6257.251797 6259.119075 6261.405939 6262.650405 6260.679007 6257.225403 6255.294634 6256.451862 6256.761162 6253.813822 6252.428971 6253.829388 6254.790047 6256.551004 6259.805283 6260.961285 6260.212677 
0.000859 0.000981 0.000812 0.000479 0.000194 0.000078 0.000056 0.000060 0.000060 0.000054 0.000047 0.000042 0.000035 0.000035 0.000041 0.000043 0.000039 0.000038 0.000040 0.000040 
6294.557857 6296.803071 6298.924577 6301.119615 6302.877446 6297.959117 6291.414783 6289.629222 6291.340282 6295.982254 6302.563604 6303.473718 6300.750732 6296.680076 6294.959814 6294.051755 6294.881894 6296.581477 6297.908788 6298.645890 
0.001704 0.002012 0.001758 0.001138 0.000544 0.000213 0.000098 0.000072 0.000062 0.000065 0.000070 0.000073 0.000076 0.000073 0.000064 0.000059 0.000062 0.000065 0.000066 0.000064 
6354.001785 6352.213434 6350.729767 6349.525630 6349.051717 6351.009974 6356.287962 6358.282752 6357.235403 6354.958449 6359.186319 6367.921317 6370.969757 6367.431996 6361.756392 6359.966137 6363.752954 6369.364408 6374.424692 6376.376115 
0.000528 0.000532 0.000395 0.000210 0.000101 0.000076 0.000065 0.000045 0.000037 0.000042 0.000045 0.000040 0.000030 0.000025 0.000028 0.000037 0.000045 0.000047 0.000044 0.000035 
6430.773203 6430.850231 6430.629760 6429.716503 6427.550555 6426.123059 6426.902703 6429.098965 6429.994850 6428.230787 6427.193707 6426.845750 6425.406047 6423.608657 6424.422061 6427.578963 6429.089272 6429.211465 6428.763599 6428.492637 
0.002360 0.002633 0.002155 0.001276 0.000527 0.000206 0.000127 0.000092 0.000063 0.000047 0.000046 0.000056 0.000063 0.000063 0.000062 0.000063 0.000068 0.000072 0.000074 0.000069 
6484.807010 6486.075240 6487.344917 6488.339550 6487.353730 6480.272603 6476.090235 6477.867791 6479.231633 6480.147382 6478.977380 6476.580120 6475.984932 6478.435379 6480.073506 6477.479851 6474.906984 6473.523131 6474.461817 6476.727114 
0.000227 0.000235 0.000184 0.000117 0.000074 0.000058 0.000050 0.000041 0.000028 0.000019 0.000015 0.000012 0.000009 0.000009 0.000011 0.000017 0.000021 0.000021 0.000019 0.000020 
6558.279361 6558.221694 6558.116091 6558.013043 6558.213316 6558.735492 6559.128248 6559.271434 6559.052836 6558.343393 6557.927787 6558.811263 6560.876550 6559.631869 6559.054199 6559.781448 6559.395202 6558.183450 6556.852661 6557.102002 
0.000394 0.000410 0.000321 0.000195 0.000099 0.000054 0.000042 0.000041 0.000042 0.000045 0.000046 0.000045 0.000042 0.000037 0.000030 0.000026 0.000030 0.000033 0.000031 0.000029 
6617.930145 6617.593747 6616.758622 6615.241890 6614.051942 6615.634095 6616.502208 6616.886392 6616.890216 6616.290104 6615.874826 6615.320244 6613.619484 6611.768929 6612.596796 6617.493679 6619.073600 6617.803117 6617.890903 6620.139069 
0.000307 0.000300 0.000208 0.000097 0.000051 0.000042 0.000042 0.000037 0.000035 0.000035 0.000040 0.000043 0.000040 0.000035 0.000033 0.000031 0.000027 0.000028 0.000035 0.000042 
6683.331197 6683.417842 6683.493214 6683.095302 6683.126274 6684.613553 6687.314434 6688.578320 6687.739369 6685.981074 6684.026138 6682.625315 6682.354707 6684.229029 6686.777997 6687.320207 6685.788907 6681.441737 6679.817914 6680.633280 
0.000753 0.000866 0.000738 0.000463 0.000218 0.000101 0.000068 0.000063 0.000070 0.000076 0.000078 0.000075 0.000063 0.000057 0.000059 0.000065 0.000061 0.000051 0.000041 0.000032 
6781.135509 6781.153821 6780.950870 6780.484529 6780.642925 6782.708399 6784.326708 6783.951987 6784.606318 6783.471580 6780.102485 6778.066219 6779.602390 6782.940709 6783.473400 6782.719813 6783.915794 6785.442985 6786.000991 6785.742937 
0.000629 0.000736 0.000659 0.000469 0.000280 0.000149 0.000078 0.000051 0.000043 0.000041 0.000040 0.000043 0.000048 0.000051 0.000050 0.000054 0.000059 0.000056 0.000049 0.000043 
6855.941975 6854.506598 6852.625814 6850.350669 6848.251635 6847.345589 6849.319375 6855.780312 6859.980786 6858.015237 6854.999065 6851.963005 6850.724408 6852.558117 6856.197887 6858.016943 6858.701958 6859.124908 6857.605383 6855.767194 
0.000642 0.000716 0.000578 0.000339 0.000155 0.000084 0.000068 0.000064 0.000060 0.000052 0.000045 0.000041 0.000041 0.000044 0.000050 0.000059 0.000069 0.000072 0.000065 0.000051 
6908.295741 6908.765840 6909.448264 6909.954006 6909.466620 6909.079517 6913.457190 6916.926332 6917.982676 6916.049184 6913.716729 6915.609000 6918.553547 6918.541301 6916.135317 6914.934295 6915.510952 6916.766457 6918.150032 6919.014563 
0.000538 0.000681 0.000647 0.000467 0.000263 0.000139 0.000072 0.000048 0.000039 0.000039 0.000042 0.000044 0.000044 0.000042 0.000040 0.000039 0.000038 0.000037 0.000032 0.000023 
6986.840741 6987.411077 6987.551660 6986.913067 6984.819666 6983.605412 6984.062957 6984.601445 6982.725883 6983.439873 6986.762415 6987.583118 6984.783431 6981.762696 6980.205208 6980.509884 6982.756935 6985.971982 6988.344709 6989.485552 
0.000606 0.001119 0.000940 0.000736 0.000422 0.000191 0.000111 0.000089 0.000074 0.000060 0.000047 0.000041 0.000043 0.000048 0.000049 0.000052 0.000056 0.000058 0.000056 0.000051 
7036.864990 7033.904762 7031.647669 7030.034789 7029.718828 7032.985240 7037.703166 7036.652333 7036.277997 7038.483919 7040.437091 7040.572527 7040.123215 7039.145001 7037.654919 7035.605048 7034.243054 7032.854577 7031.820926 7031.777701 
0.000622 0.000715 0.000597 0.000359 0.000160 0.000089 0.000083 0.000083 0.000075 0.000062 0.000056 0.000062 0.000066 0.000061 0.000050 0.000044 0.000044 0.000049 0.000052 0.000050 
7106.052145 7107.256899 7108.621637 7110.316412 7111.930670 7107.931467 7102.780497 7103.642964 7105.748000 7105.237943 7098.802919 7093.574307 7093.831392 7096.598664 7100.691440 7104.532985 7106.591443 7109.134056 7110.412838 7110.552050 
0.001098 0.001171 0.000902 0.000490 0.000197 0.000104 0.000080 0.000074 0.000083 0.000089 0.000082 0.000065 0.000054 0.000058 0.000069 0.000082 0.000087 0.000084 0.000075 0.000069 
7257.610901 7258.448026 7259.587739 7261.329779 7262.936955 7261.389547 7262.704625 7261.746360 7259.182808 7253.431196 7248.362692 7247.434192 7254.609589 7261.802906 7260.705679 7252.584751 7247.886703 7248.675263 7251.762887 7253.193950 
0.000315 0.000354 0.000296 0.000192 0.000120 0.000079 0.000055 0.000039 0.000035 0.000035 0.000028 0.000021 0.000018 0.000020 0.000022 0.000023 0.000024 0.000031 0.000038 0.000037 
7438.995050 7438.293149 7437.065534 7435.125146 7434.936160 7435.783522 7437.159647 7438.932776 7439.927523 7439.608229 7440.864315 7443.317526 7445.149063 7444.087933 7441.771904 7439.724995 7437.261502 7436.720546 7437.582530 7438.241554 
0.000530 0.000587 0.000474 0.000281 0.000136 0.000079 0.000060 0.000057 0.000052 0.000047 0.000049 0.000057 0.000063 0.000066 0.000064 0.000059 0.000058 0.000062 0.000066 0.000063 
7796.595663 7796.753474 7796.765257 7796.394444 7795.366906 7794.621459 7793.997758 7797.132004 7799.807417 7801.086184 7800.410922 7799.508801 7799.662215 7799.928363 7799.538849 7799.190894 7798.287597 7795.302295 7792.462551 7791.645894 
0.000431 0.000460 0.000352 0.000189 0.000087 0.000057 0.000046 0.000039 0.000039 0.000043 0.000045 0.000043 0.000037 0.000029 0.000027 0.000030 0.000034 0.000036 0.000036 0.000034 
7843.761349 7844.139801 7844.909840 7846.748596 7850.022889 7847.359308 7845.308815 7846.806274 7849.838768 7849.862441 7846.983273 7842.434206 7839.230984 7838.332320 7844.840817 7848.913225 7849.662041 7850.335586 7849.893637 7847.027311 
0.000361 0.000443 0.000405 0.000281 0.000164 0.000090 0.000051 0.000038 0.000037 0.000042 0.000052 0.000055 0.000044 0.000026 0.000019 0.000020 0.000024 0.000032 0.000042 0.000049 
7944.462246 7944.397751 7944.643302 7945.386773 7946.097383 7945.519875 7943.626042 7943.113565 7942.492910 7941.714332 7939.802390 7939.847085 7940.249015 7940.632227 7939.920076 7937.800126 7936.548031 7937.200747 7940.075767 7942.607265 
