1 10
12 15
22 28
33 37
40 44
45 48
53 56
62 67
68 71
74 78
80 83
86 92
97 102
105 119
120 131
134 137
142 153
154 158
159 163
172 177
178 184
190 194
195 198
205 215
216 221
225 228
229 244
256 262
265 271
274 285
286 293
296 300
301 305
306 310
311 317
327 331
341 346
347 352
353 358
359 369
372 375
382 386
392 408
415 424
432 436
442 450
455 460
469 475
478 492
497 508
511 514
517 521
532 538
542 552
560 573
578 584
592 595
597 613
614 624
627 640
645 655
660 665
666 680
687 696
697 702
704 707
708 713
714 727
731 742
745 757
767 781
789 794
798 802
805 816
818 826
830 841
847 851
852 869
870 875
878 896
901 906
907 916
917 920
924 938
975 981
996 1008
1016 1026
1040 1049
1065 1073
1082 1085
1101 1107
1109 1113
1117 1121
1158 1166
1168 1192
1198 1206
1227 1234
1244 1248
1253 1264
1288 1292
1298 1305
1333 1337
1374 1381
1466 1471
1485 1491
1511 1516
1536 1548
1549 1557
1558 1563
1578 1584
1632 1641
1644 1647
2310 2313
2660 2663
3480 3483
