1 12
16 21
22 26
27 31
32 38
41 51
60 69
76 83
86 92
96 106
124 140
149 161
165 175
176 182
191 197
203 207
209 213
214 225
233 240
250 253
254 261
262 275
286 294
298 302
304 307
318 333
339 343
354 359
362 365
368 375
378 384
391 405
406 409
413 420
428 433
434 440
444 451
456 460
466 472
473 477
481 498
502 509
510 525
531 537
540 545
546 551
559 562
570 577
578 583
587 593
600 603
607 611
614 620
621 627
629 635
640 646
647 656
661 677
680 683
684 688
690 693
698 705
707 716
719 725
729 735
741 745
750 761
764 772
773 781
784 799
800 805
809 812
818 821
822 825
826 834
837 843
859 868
869 873
876 881
882 891
892 895
904 917
925 941
942 948
949 954
955 959
965 975
976 980
981 985
988 991
997 1005
1012 1018
1019 1024
1025 1030
1036 1052
1064 1067
1068 1074
1077 1091
1101 1110
1111 1116
1118 1130
1131 1140
1141 1148
1149 1152
1154 1157
1160 1172
1179 1191
1195 1202
1208 1212
1213 1219
1220 1225
1226 1236
1243 1249
1250 1255
1256 1263
1270 1278
1281 1284
1285 1289
1294 1299
1300 1307
1310 1314
1315 1319
1320 1326
1329 1337
1338 1346
1351 1357
1358 1366
1367 1375
1376 1381
1382 1385
1391 1396
1397 1404
1410 1417
1418 1422
1423 1427
1428 1435
1440 1452
1453 1462
1463 1469
1470 1475
1481 1490
1492 1499
1503 1509
1513 1516
1521 1525
1540 1553
1554 1559
1560 1569
1571 1574
1579 1587
1595 1601
1608 1616
1617 1620
1621 1626
1630 1634
1635 1645
1649 1653
1664 1669
1670 1673
1675 1679
1693 1696
1698 1703
1712 1717
1721 1724
1733 1739
1753 1761
1768 1773
1775 1783
1784 1790
1792 1797
1798 1803
1806 1809
1815 1818
1820 1827
1828 1834
1838 1843
1844 1848
1849 1858
1864 1871
1872 1878
1882 1889
1890 1893
1894 1900
1901 1908
1925 1928
1935 1941
1942 1945
1949 1955
1968 1977
1994 2000
2012 2015
2016 2025
2027 2031
2032 2040
2041 2045
2049 2056
2057 2061
2077 2084
2095 2099
2100 2106
2107 2110
2117 2120
2124 2132
2133 2139
2140 2159
2163 2170
2173 2183
2186 2192
2194 2198
2200 2203
2204 2208
2213 2219
2220 2226
2227 2233
2237 2241
2242 2248
2250 2256
2265 2273
2274 2279
2280 2285
2286 2292
2293 2306
2311 2320
2324 2327
2328 2336
2360 2367
2368 2372
2374 2380
2381 2388
2395 2399
2403 2408
2413 2419
2427 2432
2443 2451
2460 2463
2466 2472
2475 2478
2479 2484
2486 2491
2493 2502
2515 2525
2526 2529
2533 2549
2557 2565
2570 2575
2585 2592
2597 2600
2601 2606
2614 2618
2619 2626
2632 2637
2638 2644
2645 2652
2653 2659
2661 2667
2687 2692
2696 2702
2703 2706
2707 2711
2719 2724
2733 2736
2748 2751
2755 2766
2775 2786
2793 2798
2799 2802
2811 2814
2825 2829
2834 2837
2838 2842
2847 2854
2883 2888
2895 2898
2906 2910
2932 2936
2952 2963
3044 3048
3053 3059
3072 3077
3088 3091
3129 3133
3154 3160
3170 3175
3183 3192
3201 3207
3208 3215
3236 3239
3247 3254
3256 3259
3261 3264
3268 3272
3329 3332
3362 3366
3376 3382
3387 3393
3396 3402
3409 3412
3424 3428
3434 3439
3451 3460
3463 3466
3468 3471
3479 3486
3506 3511
3566 3570
3618 3626
3637 3646
3664 3667
3697 3706
3720 3727
3776 3782
3785 3790
3828 3831
3835 3840
3848 3851
3859 3865
3909 3912
3933 3937
3985 3988
4027 4030
4064 4067
4091 4095
