0.079932 9.835627
0.079932 12.150067
0.047959 5.577838
0.031973 5.601909
0.047959 9.668225
0.031973 10.224293
0.031973 10.518895
0.031973 8.499687
0.031973 12.952406
0.047959 6.842923
0.031973 1.918009
0.015986 8.714737
0.031973 20.788086
0.031973 14.908159
0.015986 24.648300
0.031973 20.235117
0.015986 20.797930
0.047959 19.994814
0.031973 17.541491
0.015986 21.099872
0.031973 20.888512
0.031973 19.382127
0.015986 8.960403
0.031973 11.339055
0.031973 13.075781
0.015986 10.340843
0.031973 8.702056
0.047959 16.792233
0.031973 19.100264
0.031973 10.700738
0.047959 12.907953
0.047959 17.722727
0.047959 18.517750
0.031973 14.509094
0.015986 15.179744
0.015986 18.452225
0.015986 17.930508
0.031973 10.435603
0.031973 11.646354
0.015986 11.490746
0.047959 13.321801
0.015986 18.937732
0.063946 8.571051
0.015986 14.295337
0.015986 19.238031
0.015986 18.954477
0.015986 20.244486
0.015986 23.796062
0.031973 20.441101
0.015986 24.491174
0.015986 22.066847
0.015986 12.906693
0.015986 17.614562
0.031973 11.839198
0.015986 16.863663
0.015986 13.265489
0.015986 12.886338
0.015986 12.041173
0.031973 18.157209
0.031973 12.434585
0.031973 16.676881
0.031973 9.879595
0.015986 13.555091
0.015986 19.618486
0.047959 12.170290
0.015986 18.199030
0.047959 14.629423
0.031973 18.316330
0.015986 16.733200
0.015986 22.365009
0.047959 17.411333
0.047959 18.426536
0.015986 23.239210
0.015986 14.610301
0.015986 18.896037
0.015986 15.594777
0.015986 16.493452
0.015986 16.109627
0.015986 20.072473
0.047959 12.595386
0.031973 23.027918
0.031973 18.255685
0.015986 14.143156
0.031973 13.112122
0.031973 16.040145
0.031973 18.912841
0.031973 20.781291
0.031973 24.549334
0.031973 20.747290
0.047959 18.709881
0.031973 20.796468
0.015986 18.466590
0.015986 18.737601
0.015986 16.805193
0.031973 15.565302
0.031973 18.746633
0.031973 22.024365
0.031973 24.908866
0.031973 22.792574
0.031973 19.218532
0.031973 20.438222
0.047959 17.371780
0.015986 15.117243
0.031973 17.373767
0.015986 11.584372
0.047959 15.814358
0.031973 21.440234
0.015986 12.986476
0.031973 10.511348
0.031973 10.023270
0.031973 17.799793
0.015986 15.688154
0.015986 12.649271
0.031973 15.028713
0.031973 15.413955
0.015986 15.190143
0.015986 23.215569
0.031973 19.870864
0.031973 21.565157
0.047959 19.129483
0.047959 18.916470
0.031973 11.611211
0.031973 11.569606
0.015986 9.938748
0.015986 8.827852
0.031973 12.827605
0.031973 9.000041
0.031973 14.658941
0.031973 12.951295
0.031973 12.631249
0.047959 11.830824
0.015986 10.020417
0.031973 8.774645
0.031973 12.377992
0.031973 12.123982
0.031973 11.317363
0.031973 12.778885
0.031973 10.092626
0.031973 14.391298
0.031973 11.123664
0.031973 10.696972
0.031973 9.316877
0.031973 9.992023
0.031973 14.636161
0.031973 11.241124
0.031973 9.908999
0.031973 10.660566
0.031973 11.828742
0.031973 9.696625
0.031973 9.857650
0.031973 10.460134
0.031973 9.993030
0.031973 10.303382
0.031973 8.017494
0.031973 11.827499
0.031973 10.544768
