0.079932 13.091415
0.015986 3.862536
0.031973 2.466867
0.031973 7.305253
0.095918 6.127624
0.000000 0.000000
0.047959 6.351371
0.031973 7.878947
0.063946 9.967522
0.063946 5.205683
0.047959 10.132053
0.031973 13.807274
0.015986 4.962769
0.047959 15.187942
0.015986 17.999088
0.031973 11.251788
0.047959 22.179753
0.047959 16.976001
0.015986 10.552699
0.031973 8.058911
0.031973 18.481762
0.031973 19.188556
0.015986 18.365928
0.015986 9.790638
0.047959 17.447613
0.015986 9.832157
0.031973 18.377389
0.015986 11.231435
0.047959 12.477615
0.031973 13.030375
0.015986 18.801552
0.015986 15.948519
0.015986 12.211972
0.015986 20.850686
0.015986 9.929262
0.015986 16.865952
0.015986 14.194893
0.015986 10.981346
0.047959 24.266269
0.047959 16.635004
0.031973 23.646577
0.031973 9.583361
0.015986 18.943028
0.047959 17.435654
0.015986 11.333569
0.031973 14.909619
0.015986 14.778427
0.031973 10.280541
0.031973 11.684721
0.015986 16.209802
0.015986 15.317182
0.015986 9.977757
0.015986 12.506925
0.031973 13.263429
0.031973 12.577040
0.015986 12.483822
0.015986 13.700335
0.015986 13.006944
0.015986 8.933075
0.015986 14.148398
0.095918 10.153328
0.015986 12.079751
0.015986 15.376081
0.047959 9.260491
0.015986 13.963714
0.015986 12.465514
0.015986 14.663760
0.015986 13.962261
0.015986 10.994770
0.015986 8.561549
0.015986 10.080024
0.015986 8.318859
0.031973 10.288752
0.031973 5.753049
0.079932 11.256704
0.047959 12.820939
0.047959 13.001041
0.015986 13.687078
0.015986 12.674135
0.031973 11.749119
0.015986 13.828248
0.031973 22.164808
0.047959 10.229996
0.063946 12.367728
0.047959 15.531724
0.031973 9.632777
0.031973 9.875240
0.047959 17.007807
0.063946 17.183561
0.047959 23.366360
0.031973 22.110509
0.015986 15.960314
0.015986 15.659059
0.047959 16.747163
0.031973 10.158753
0.031973 9.088555
0.015986 9.461449
0.047959 15.225645
0.079932 12.600706
0.031973 9.452205
0.031973 13.108414
0.047959 10.250357
0.015986 11.794499
0.047959 14.679620
0.031973 15.990479
0.047959 16.583297
0.047959 14.488536
0.047959 10.606004
0.031973 10.434560
0.031973 17.205828
0.031973 20.202537
0.047959 20.895780
0.015986 12.376927
0.015986 11.316718
0.031973 14.157352
0.031973 16.117063
0.031973 14.352150
0.047959 18.132272
0.031973 14.884408
0.031973 19.398903
0.047959 20.841760
0.031973 16.493973
0.047959 14.550587
0.047959 13.323679
0.047959 19.578778
0.015986 11.130690
0.031973 15.750264
0.031973 14.273046
0.015986 7.085752
0.031973 10.076216
0.031973 9.466382
0.031973 11.092342
0.031973 13.273984
0.031973 12.167396
0.047959 13.808552
0.031973 15.209195
0.031973 14.569551
0.015986 13.465917
0.047959 9.205290
0.079932 9.604800
0.031973 10.276857
0.015986 10.692655
0.047959 16.245356
0.047959 17.660377
0.047959 10.074157
0.031973 10.204617
0.031973 15.133208
0.031973 14.636297
0.031973 12.641298
0.031973 9.731715
0.031973 11.723405
0.031973 13.383374
0.031973 13.053388
0.031973 10.922043
0.031973 14.853475
0.031973 19.240287
0.031973 10.726682
0.031973 8.637775
0.031973 8.190300
0.031973 9.172058
0.031973 16.229528
0.031973 17.070497
0.031973 13.410161
0.047959 13.374346
0.031973 8.184099
0.047959 7.769911
0.031973 7.432143
0.047959 8.616519
0.031973 8.528749
0.031973 8.641542
0.031973 7.243139
0.031973 8.536777
