0.063946 12.861397
0.031973 5.920046
0.095918 4.905940
0.031973 2.296135
0.015986 6.733897
0.047959 8.451679
0.031973 7.475247
0.031973 8.564646
0.031973 5.733860
0.031973 9.567787
0.031973 6.917571
0.015986 7.535934
0.031973 2.171966
0.031973 9.679061
0.047959 22.655707
0.031973 14.807432
0.031973 23.569068
0.031973 16.384132
0.047959 11.740790
0.015986 17.129403
0.031973 20.564917
0.031973 20.671035
0.031973 17.489636
0.031973 7.490284
0.031973 14.189140
0.015986 5.664666
0.063946 13.425426
0.031973 14.177526
0.015986 14.843792
0.031973 5.239955
0.047959 20.667091
0.031973 23.362075
0.031973 12.709699
0.031973 8.451779
0.031973 10.560142
0.031973 17.494576
0.063946 8.021372
0.031973 6.911256
0.015986 9.652636
0.015986 14.102967
0.015986 11.883093
0.047959 13.015646
0.015986 19.554566
0.031973 19.807149
0.031973 10.814188
0.031973 16.035175
0.031973 8.328804
0.031973 16.035637
0.015986 18.480634
0.047959 21.545962
0.031973 19.956481
0.031973 22.451978
0.015986 15.927142
0.015986 18.956299
0.015986 11.330705
0.031973 12.404651
0.031973 6.404679
0.047959 10.822330
0.063946 12.242300
0.015986 12.482404
0.031973 13.361166
0.015986 5.885949
0.015986 9.299297
0.031973 10.074911
0.031973 6.595484
0.047959 11.232098
0.015986 12.389402
0.015986 12.918563
0.031973 8.043316
0.015986 12.605240
0.015986 12.282680
0.031973 16.576504
0.063946 9.062168
0.047959 15.844671
0.047959 15.306740
0.031973 16.293736
0.031973 17.529085
0.015986 16.220752
0.015986 17.698335
0.047959 15.556950
0.047959 16.196705
0.015986 16.718415
0.015986 13.142728
0.031973 12.562384
0.031973 8.471500
0.031973 7.774863
0.031973 8.935126
0.015986 10.679699
0.015986 12.859875
0.015986 13.443459
0.031973 18.584356
0.015986 18.490895
0.047959 25.678576
0.047959 15.581491
0.015986 16.661996
0.031973 14.692733
0.031973 12.506773
0.047959 16.747558
0.031973 16.596975
0.047959 16.589443
0.047959 18.027830
0.015986 15.605298
0.031973 17.081589
0.031973 20.735017
0.047959 16.895293
0.031973 3.534986
0.031973 7.300179
0.047959 9.270246
0.031973 12.113000
0.031973 11.942189
0.015986 13.855797
0.031973 10.916625
0.031973 11.846942
0.047959 14.364315
0.047959 15.440694
0.047959 12.911106
0.031973 16.805813
0.015986 14.675470
0.031973 24.181603
0.015986 16.172261
0.031973 21.966570
0.031973 18.995044
0.031973 14.110146
0.015986 12.516416
0.031973 16.001332
0.031973 19.391286
0.031973 15.211904
0.031973 8.428700
0.015986 10.518159
0.031973 9.617115
0.015986 7.994624
0.015986 9.127581
0.015986 10.852373
0.031973 10.527995
0.031973 5.819585
0.047959 10.878952
0.047959 8.222391
0.031973 16.635982
0.031973 17.320492
0.031973 14.702509
0.047959 7.191247
0.031973 7.074553
0.047959 5.324194
0.031973 7.984922
0.031973 5.401920
0.047959 5.958772
0.031973 6.919246
0.031973 9.310146
0.031973 8.378975
0.031973 10.074907
0.047959 8.568117
0.031973 7.737632
0.031973 10.716434
0.031973 7.260462
0.031973 8.577754
0.015986 7.588311
0.031973 7.064671
0.031973 9.015429
0.031973 6.903586
0.031973 5.702615
0.031973 4.997823
0.031973 6.878524
0.031973 6.464695
0.031973 6.058803
0.031973 6.982672
0.031973 6.746221
0.031973 5.210623
0.031973 6.899801
0.031973 10.169425
0.031973 9.385880
0.031973 6.212173
0.031973 4.802274
0.031973 8.483263
0.031973 7.022944
0.031973 7.260313
0.031973 7.162567
0.031973 4.946667
