1 10
13 16
17 21
32 36
42 47
52 57
62 75
80 90
91 95
99 105
116 128
131 139
143 146
151 170
171 189
190 193
202 205
210 215
216 220
221 225
226 229
242 246
249 254
256 260
265 280
281 295
296 306
308 319
323 332
333 339
340 349
350 353
354 364
367 377
386 393
399 403
404 414
415 418
420 425
435 455
456 463
474 486
487 495
504 517
522 529
532 535
536 540
541 550
560 567
576 582
583 587
590 599
600 607
612 616
617 627
628 635
636 653
654 657
658 664
668 673
682 694
697 709
710 719
727 730
757 761
762 768
769 779
789 792
798 803
804 809
812 819
820 826
829 843
846 849
850 861
862 883
889 896
901 914
921 932
941 949
950 966
967 973
976 982
990 999
1002 1008
1014 1018
1019 1029
1032 1035
1036 1045
1050 1067
1070 1073
1075 1092
1096 1105
1106 1111
1112 1120
1130 1142
1156 1161
1165 1174
1175 1186
1190 1201
1202 1207
1208 1211
1212 1215
1216 1219
1220 1226
1227 1231
1243 1249
1250 1256
1257 1267
1275 1288
1289 1294
1298 1306
1307 1315
1316 1322
1325 1330
1331 1338
1347 1358
1359 1372
1373 1385
1386 1393
1394 1403
1404 1411
1416 1422
1423 1427
1429 1449
1450 1455
1456 1468
1471 1478
1486 1501
1502 1508
1512 1515
1525 1539
1540 1543
1554 1568
1574 1579
1586 1589
1591 1604
1605 1609
1610 1618
1620 1627
1628 1632
1633 1637
1641 1646
1659 1674
1682 1699
1700 1704
1705 1710
1713 1716
1718 1727
1728 1735
1736 1740
1745 1749
1756 1765
1769 1775
1776 1796
1800 1804
1811 1825
1830 1846
1852 1859
1864 1867
1868 1880
1881 1887
1888 1895
1902 1909
1910 1919
1920 1929
1934 1940
1941 1948
1949 1973
1975 1989
1990 2006
2015 2040
2041 2058
2062 2067
2074 2084
2086 2089
2090 2099
2100 2116
2118 2123
2124 2130
2131 2157
2158 2175
2179 2184
2185 2214
2219 2225
2240 2243
2245 2250
2251 2254
2265 2284
2289 2297
2303 2310
2315 2328
2338 2369
2370 2377
2385 2394
2417 2422
2424 2442
2443 2450
2468 2478
2508 2518
2520 2525
2529 2541
2583 2589
2598 2605
2625 2630
2643 2648
2654 2662
2720 2728
2732 2743
2751 2760
2851 2855
2881 2889
2890 2894
2895 2901
3019 3024
3036 3048
3051 3061
3063 3079
3098 3101
3189 3216
3241 3246
3251 3265
3266 3269
3272 3286
3291 3306
3319 3329
3339 3348
3373 3388
3396 3402
3422 3425
3435 3441
3463 3472
3480 3489
3577 3582
3598 3619
3625 3630
3665 3669
3803 3806
