1 13
15 19
29 41
45 48
53 61
62 72
75 87
88 92
94 111
112 126
127 130
131 134
135 139
140 164
168 175
176 179
185 197
198 205
214 220
221 227
231 246
252 260
261 268
269 278
282 301
302 317
325 333
334 338
340 347
348 359
360 376
379 383
386 391
393 399
400 405
406 410
411 417
421 429
436 445
446 449
452 465
466 474
478 496
500 504
510 523
538 541
549 559
564 570
579 582
585 590
599 614
620 624
625 634
635 648
649 670
675 684
695 704
708 717
724 746
755 758
759 763
766 785
786 789
791 799
801 805
806 814
829 834
840 853
862 874
883 895
897 900
901 909
922 934
938 942
943 947
948 953
957 971
984 988
995 1010
1011 1017
1019 1035
1041 1045
1058 1075
1082 1092
1093 1113
1124 1134
1141 1147
1149 1163
1174 1179
1184 1203
1205 1210
1211 1217
1218 1227
1231 1236
1238 1252
1253 1277
1278 1287
1292 1307
1314 1326
1328 1333
1336 1348
1357 1363
1366 1380
1388 1401
1407 1435
1436 1449
1452 1471
1474 1478
1479 1482
1484 1505
1509 1517
1518 1526
1527 1530
1531 1534
1539 1545
1546 1551
1557 1566
1567 1570
1574 1591
1601 1604
1607 1619
1626 1643
1644 1649
1650 1665
1666 1687
1694 1709
1715 1721
1722 1728
1736 1746
1750 1757
1770 1780
1794 1805
1809 1813
1820 1840
1847 1860
1862 1871
1875 1898
1904 1910
1917 1922
1923 1931
1940 1950
1953 1964
1965 1971
1972 1980
1991 1994
1995 2003
2006 2020
2025 2036
2039 2052
2053 2067
2076 2088
2090 2099
2100 2106
2119 2135
2138 2157
2162 2169
2170 2177
2183 2194
2195 2199
2206 2216
2220 2235
2239 2256
2259 2268
2280 2294
2297 2324
2327 2344
2346 2354
2367 2380
2384 2390
2399 2408
2413 2423
2424 2434
2439 2466
2469 2480
2487 2497
2510 2522
2544 2550
2574 2593
2603 2608
2624 2633
2664 2669
2681 2695
2706 2711
2716 2726
2737 2752
2760 2764
2782 2790
2808 2833
2837 2846
2850 2869
2934 2938
2940 2959
3074 3088
3200 3210
3214 3235
3327 3340
3402 3416
3462 3468
3513 3520
3547 3564
