0.079932 12.448744
0.127891 2.666878
0.111905 3.425787
0.031973 8.937011
0.095918 5.710678
0.111905 6.468746
0.031973 9.355646
0.031973 9.564658
0.063946 9.958323
0.047959 3.872675
0.031973 3.611604
0.095918 5.374787
0.031973 9.493437
0.063946 13.912142
0.015986 8.632084
0.031973 11.762989
0.031973 18.086431
0.015986 15.021602
0.015986 8.601983
0.015986 18.186437
0.031973 21.065058
0.031973 10.071206
0.031973 12.714589
0.063946 6.292018
0.015986 15.885038
0.015986 13.130214
0.031973 5.863381
0.031973 8.883104
0.047959 14.614180
0.015986 6.077515
0.015986 7.651517
0.015986 7.429511
0.015986 15.185111
0.047959 6.382928
0.031973 10.050571
0.031973 17.016510
0.015986 14.490223
0.015986 15.661488
0.015986 16.546746
0.031973 8.627515
0.047959 9.908987
0.031973 18.161529
0.047959 15.035514
0.031973 18.124914
0.031973 21.758748
0.047959 11.693174
0.063946 14.724251
0.031973 9.458627
0.031973 8.295809
0.047959 16.159427
0.047959 12.071805
0.047959 4.108058
0.031973 11.110170
0.015986 13.709956
0.031973 9.535714
0.047959 6.612369
0.015986 13.260806
0.015986 19.783336
0.047959 13.454047
0.047959 12.227532
0.015986 16.967985
0.031973 17.331777
0.031973 15.408050
0.031973 8.829950
0.031973 8.510495
0.031973 10.287888
0.031973 12.362840
0.047959 8.861451
0.047959 10.189903
0.047959 12.311224
0.031973 17.350672
0.031973 5.434263
0.047959 16.009603
0.047959 9.713431
0.015986 16.097875
0.047959 15.121538
0.047959 18.636759
0.063946 10.615021
0.015986 12.889790
0.015986 16.001637
0.031973 10.249691
0.015986 11.794143
0.015986 13.795544
0.015986 13.959212
0.063946 7.207329
0.063946 8.613217
0.015986 12.629064
0.015986 11.697807
0.015986 11.648121
0.047959 13.800709
0.031973 10.294324
0.031973 14.867966
0.047959 14.849194
0.015986 9.476227
0.015986 13.469017
0.047959 12.439207
0.047959 14.235681
0.031973 12.490309
0.031973 17.263513
0.031973 13.058023
0.015986 13.170853
0.031973 11.698221
0.015986 9.396692
0.031973 10.101244
0.031973 13.244918
0.047959 11.896328
0.047959 14.968830
0.047959 17.124946
0.031973 13.287239
0.047959 14.386132
0.079932 12.312831
0.031973 15.614961
0.031973 17.240225
0.031973 15.875968
0.031973 12.361219
0.031973 10.864225
0.031973 15.310101
0.031973 13.155787
0.047959 13.690504
0.031973 9.331957
0.031973 9.058035
0.015986 4.726904
0.031973 11.646443
0.031973 14.563539
0.031973 19.060548
0.031973 10.555321
0.079932 13.000464
0.031973 10.880884
0.031973 9.910227
0.015986 8.820857
0.047959 11.996606
0.015986 8.694298
0.031973 14.368996
0.031973 18.507671
0.015986 12.664865
0.031973 18.796243
0.031973 19.407620
0.031973 11.996900
0.031973 9.522995
0.047959 12.174318
0.031973 17.172273
0.031973 14.056341
0.015986 14.315902
0.031973 14.958466
0.015986 8.591321
0.015986 4.654879
0.031973 10.204976
0.031973 9.831706
0.031973 13.337473
0.031973 13.836853
0.031973 17.120452
0.031973 13.209252
0.031973 13.800209
0.031973 14.610302
0.031973 13.413376
0.015986 11.504926
0.031973 7.080865
0.015986 8.523257
0.015986 11.678960
0.031973 12.944284
0.031973 13.729765
0.031973 6.813700
0.015986 9.419913
0.031973 12.546387
0.031973 14.161982
0.031973 14.841741
0.015986 8.307793
0.031973 7.708577
0.047959 13.223645
0.047959 9.252914
0.031973 14.872808
0.031973 16.044064
0.031973 14.523139
0.031973 17.170116
0.031973 12.403351
0.031973 9.429384
0.031973 13.628359
0.031973 14.692302
0.031973 14.334437
0.031973 10.022381
0.031973 7.327493
0.031973 9.598563
0.031973 9.436665
0.031973 10.619346
0.031973 8.639196
0.015986 7.202777
0.031973 8.987121
0.031973 11.946124
0.031973 6.392076
0.047959 5.232509
0.031973 3.423645
0.047959 10.264763
0.031973 12.816498
0.031973 11.649225
0.031973 12.728255
0.015986 6.422376
0.031973 5.152884
0.015986 3.885731
0.015986 3.535620
0.031973 7.245370
0.031973 8.147223
0.031973 9.569727
0.031973 7.699221
0.031973 9.046044
0.047959 7.334534
0.047959 4.962244
0.031973 7.021022
0.031973 11.214676
0.015986 5.332401
0.015986 5.295971
0.031973 7.870832
0.031973 8.884060
0.031973 4.836282
0.031973 3.581196
0.031973 3.817484
0.031973 5.785344
0.015986 3.835419
0.031973 5.733180
0.031973 5.228366
0.031973 4.006911
0.031973 6.093472
0.031973 4.771314
0.015986 6.126496
0.031973 4.690150
0.031973 7.541294
0.015986 4.350316
0.015986 4.428091
0.031973 4.410833
0.031973 7.368674
0.031973 4.571387
0.031973 4.298325
0.015986 5.042169
0.031973 3.061834
0.031973 8.877933
0.015986 7.251975
0.031973 7.215547
0.031973 4.750471
0.031973 3.566961
0.031973 2.646117
0.031973 6.806599
0.031973 5.719236
0.015986 5.528286
0.015986 7.277803
0.015986 5.322346
0.031973 7.469604
0.031973 4.963962
0.031973 5.142956
0.031973 4.423178
0.031973 5.915337
0.031973 5.240297
0.031973 5.327634
0.031973 5.379164
0.031973 4.737713
0.031973 5.165247
0.031973 4.760327
0.031973 4.274335
0.031973 5.162622
0.031973 2.172402
0.031973 3.702722
0.031973 3.463580
0.031973 4.124574
0.143878 3.542106
