1 11
12 17
22 25
30 37
41 45
46 49
53 60
62 74
78 85
88 91
92 96
98 107
108 111
112 115
118 126
127 130
131 137
148 162
163 175
176 185
186 190
192 195
196 205
213 219
220 223
224 227
231 237
239 247
251 258
264 276
289 301
305 309
310 313
314 317
321 337
338 350
351 354
365 377
387 405
406 419
427 438
441 445
446 449
451 461
467 479
482 495
496 499
506 522
530 536
553 570
574 577
578 581
582 596
599 606
607 610
611 622
623 629
631 641
642 657
667 672
682 696
700 712
713 716
717 732
734 743
747 752
753 761
769 789
818 828
833 846
858 867
868 873
880 888
893 900
904 918
919 923
925 939
942 949
955 973
978 982
988 1006
1009 1014
1015 1024
1028 1035
1044 1054
1060 1071
1074 1079
1080 1087
1089 1092
1093 1097
1110 1116
1123 1133
1146 1155
1193 1199
1200 1209
1234 1241
1252 1268
1286 1297
1318 1323
1324 1327
1335 1338
1339 1343
1371 1380
1389 1395
1396 1403
1410 1422
1463 1466
1477 1482
1483 1491
1492 1497
1508 1521
1524 1531
1537 1541
1543 1549
1550 1553
1556 1559
1577 1590
1666 1671
1739 1743
1752 1759
1777 1783
1813 1817
1832 1841
1890 1896
1902 1906
1907 1911
1927 1934
1940 1948
1954 1958
2049 2053
2055 2058
2059 2064
2186 2191
2192 2200
2223 2228
2323 2330
2389 2395
2559 2564
2863 2873
3519 3522
