1 14
18 24
25 38
40 54
55 73
74 82
89 93
97 107
131 143
149 159
164 174
175 180
185 189
190 197
200 203
204 207
213 230
233 236
237 245
249 264
265 275
276 281
282 296
301 307
309 314
315 329
335 343
346 359
360 378
379 390
391 404
408 416
419 430
431 447
453 456
457 460
471 476
480 495
497 507
508 511
512 530
531 536
538 549
555 559
560 565
569 585
589 599
604 612
622 632
641 654
662 675
681 696
703 716
722 728
734 745
755 759
765 779
783 790
791 799
800 808
810 814
819 830
832 835
840 852
871 880
883 886
887 896
903 916
919 937
945 955
958 974
979 988
989 992
1004 1007
1008 1019
1020 1023
1026 1036
1043 1048
1055 1070
1071 1075
1076 1081
1089 1099
1110 1114
1116 1119
1132 1138
1146 1151
1156 1168
1178 1181
1182 1187
1188 1201
1202 1210
1211 1220
1223 1232
1233 1241
1242 1246
1250 1255
1259 1267
1268 1280
1284 1292
1293 1310
1311 1320
1323 1336
1342 1359
1362 1377
1389 1393
1394 1422
1423 1427
1428 1431
1439 1452
1460 1466
1473 1485
1486 1498
1499 1518
1519 1534
1538 1549
1554 1564
1567 1582
1583 1592
1601 1608
1614 1626
1628 1631
1632 1637
1643 1653
1661 1670
1678 1693
1703 1712
1718 1727
1737 1742
1754 1768
1772 1779
1780 1795
1796 1808
1812 1817
1818 1831
1832 1854
1855 1884
1885 1901
1902 1918
1921 1932
1933 1952
1961 1974
1976 2001
2003 2010
2017 2040
2044 2047
2052 2074
2083 2090
2103 2124
2127 2136
2140 2162
2174 2186
2195 2205
2216 2225
2238 2246
2247 2260
2261 2267
2272 2290
2294 2302
2309 2320
2322 2330
2333 2348
2352 2376
2385 2393
2396 2424
2436 2439
2455 2464
2481 2487
2512 2529
2541 2556
2558 2577
2592 2600
2607 2624
2632 2650
2682 2711
2761 2768
2891 2903
2910 2921
2947 2958
