0.095918 13.666705
0.047959 13.875773
0.031973 5.589648
0.031973 7.565651
0.031973 2.704665
0.063946 4.659690
0.079932 5.508949
0.047959 6.176967
0.127891 5.525169
0.047959 4.902574
0.031973 6.825759
0.047959 9.594855
0.047959 9.682475
0.015986 6.312251
0.047959 15.743042
0.031973 10.392382
0.063946 4.165553
0.047959 8.997753
0.031973 13.819226
0.031973 15.490265
0.015986 15.850942
0.031973 18.204685
0.031973 10.425473
0.031973 14.256539
0.047959 13.500612
0.063946 6.641979
0.031973 6.309953
0.047959 15.337511
0.047959 14.380785
0.047959 7.809530
0.031973 16.493049
0.063946 9.625530
0.031973 9.909621
0.015986 10.124854
0.015986 10.861176
0.031973 17.136024
0.031973 16.745416
0.047959 8.849240
0.031973 17.150137
0.031973 12.958078
0.031973 14.144292
0.047959 8.941462
0.063946 13.888383
0.063946 14.601354
0.063946 14.382398
0.047959 8.243694
0.031973 16.680838
0.031973 13.778745
0.047959 8.327804
0.031973 13.399792
0.047959 4.201484
0.015986 13.270627
0.031973 16.068065
0.015986 12.507582
0.015986 12.815337
0.015986 6.623575
0.015986 13.417347
0.015986 12.060194
0.047959 13.761451
0.079932 4.372040
0.015986 13.199570
0.015986 19.185240
0.047959 13.168251
0.063946 16.316543
0.063946 12.622252
0.031973 16.500568
0.031973 10.948014
0.031973 10.400095
0.031973 13.596781
0.015986 13.341209
0.015986 12.964413
0.063946 11.953988
0.047959 16.995248
0.047959 16.475608
0.063946 10.912151
0.063946 13.903630
0.015986 14.835993
0.047959 10.706891
0.063946 7.655451
0.047959 11.544867
0.047959 14.367793
0.047959 14.564883
0.031973 11.815739
0.031973 14.888652
0.015986 11.990007
0.015986 15.219933
0.015986 14.918487
0.015986 9.949789
0.031973 14.748971
0.063946 7.055437
0.047959 10.243184
0.015986 9.048233
0.015986 8.649463
0.015986 12.286109
0.015986 11.680535
0.031973 19.461699
0.015986 15.543436
0.031973 16.085820
0.047959 14.797539
0.063946 15.579481
0.047959 10.091614
0.047959 18.923963
0.047959 15.256798
0.031973 18.950058
0.015986 15.056401
0.047959 20.305699
0.047959 24.748113
0.031973 22.228039
0.031973 24.245082
0.047959 23.209712
0.031973 15.273324
0.031973 11.804760
0.031973 20.318851
0.031973 18.159950
0.031973 15.457456
0.031973 15.303979
0.047959 17.625278
0.031973 14.653261
0.047959 14.689514
0.047959 17.968276
0.031973 12.953261
0.031973 15.557796
0.047959 13.544394
0.031973 19.719686
0.031973 13.333357
0.031973 11.646018
0.015986 13.015196
0.031973 16.648952
0.031973 16.418899
0.047959 13.829749
0.063946 17.052667
0.095918 13.514652
0.031973 19.371440
0.031973 13.921620
0.031973 11.269553
0.047959 15.164393
0.047959 18.349994
0.031973 14.265960
0.031973 13.231370
0.015986 19.185489
0.031973 22.153046
0.031973 23.863583
0.031973 23.462178
0.047959 24.158774
0.047959 22.764665
0.047959 16.545376
0.047959 20.395178
0.015986 17.149345
0.031973 17.490899
0.015986 14.204437
0.031973 19.003362
0.031973 19.144974
0.047959 18.939733
0.047959 12.518054
0.031973 10.888296
0.047959 14.105347
0.031973 12.959984
0.031973 7.622211
0.047959 7.952483
0.031973 12.879005
0.063946 12.639060
0.031973 10.200475
0.047959 19.568810
0.031973 16.120720
0.031973 15.985141
0.031973 12.837814
0.031973 12.732681
0.015986 10.416099
0.031973 14.429175
0.031973 19.871756
0.047959 11.293943
0.031973 11.726075
0.031973 10.269826
0.047959 6.575254
0.031973 9.407485
0.031973 13.234593
0.031973 15.965194
0.031973 10.836152
0.031973 13.584127
0.031973 12.144372
0.031973 17.426019
0.031973 15.121690
0.031973 15.448054
0.047959 14.019416
0.031973 12.665204
0.031973 13.324528
0.047959 13.966605
0.047959 10.837972
0.031973 12.953352
0.047959 14.829821
0.031973 13.943045
0.031973 12.487517
0.031973 15.056073
0.031973 14.658062
0.031973 14.421045
0.031973 9.880212
0.047959 11.348822
0.111905 10.940525
0.047959 10.342558
0.031973 8.079114
0.127891 9.126180
0.015986 9.677221
0.047959 15.772229
0.031973 11.501002
0.031973 9.994474
0.031973 5.477992
0.031973 10.765239
0.015986 10.132995
0.015986 8.375491
0.031973 8.509858
0.031973 11.209754
0.031973 8.815898
0.031973 13.182722
0.047959 10.122194
0.031973 8.565568
0.031973 13.315855
0.031973 13.900629
0.047959 10.955005
0.047959 7.994887
0.031973 10.658074
0.031973 10.587809
0.031973 8.046926
0.127891 9.292819
0.127891 7.580391
0.031973 8.639393
0.047959 8.580389
0.031973 10.494137
0.031973 6.313569
0.031973 7.171361
0.047959 6.284164
0.031973 8.948712
0.047959 8.087245
0.031973 7.193022
0.031973 8.025195
0.031973 8.541455
0.031973 9.120402
0.031973 7.908702
0.031973 10.350567
0.031973 7.401788
0.031973 9.229168
0.031973 9.759802
0.047959 8.180178
0.031973 6.698709
0.047959 8.806674
0.031973 9.244055
0.031973 12.083073
0.031973 6.265431
0.031973 10.960341
0.031973 8.028266
0.031973 7.215335
0.031973 9.247484
