1 11
16 19
22 25
43 46
74 77
80 84
87 92
97 104
116 127
132 137
140 143
152 155
164 167
170 177
178 185
189 195
208 211
217 225
226 231
243 247
253 256
257 261
264 269
270 275
280 285
296 300
309 316
317 321
343 349
352 361
368 371
388 394
401 404
410 413
417 420
423 427
428 431
432 436
444 448
449 456
498 502
504 507
514 518
523 526
531 537
540 546
564 569
570 589
593 596
601 604
610 613
620 627
643 652
655 665
666 669
670 677
681 684
691 694
695 698
702 706
710 714
717 723
724 728
739 745
746 762
763 770
776 779
782 785
796 807
808 821
829 843
852 860
870 875
876 884
888 895
896 899
906 911
922 926
932 936
941 949
950 954
961 965
966 971
972 978
979 983
996 999
1002 1005
1006 1010
1022 1027
1028 1039
1040 1043
1049 1055
1057 1060
1068 1073
1084 1087
1091 1095
1096 1099
1105 1110
1111 1117
1121 1125
1131 1134
1137 1140
1141 1144
1148 1152
1155 1158
1161 1166
1168 1172
1176 1179
1186 1189
1190 1194
1198 1203
1213 1216
1224 1227
1228 1232
1233 1236
1237 1242
1243 1250
1251 1256
1258 1263
1266 1272
1273 1277
1294 1299
1300 1306
1317 1320
1321 1324
1346 1349
1354 1358
1365 1373
1376 1383
1386 1391
1392 1395
1407 1413
1415 1418
1420 1426
1431 1434
1436 1439
1450 1454
1455 1464
1465 1468
1469 1472
1474 1478
1479 1486
1503 1506
1511 1517
1518 1523
1526 1533
1534 1537
1546 1549
1558 1562
1563 1566
1574 1577
1586 1592
1595 1598
1606 1609
1615 1618
1619 1624
1625 1629
1640 1646
1653 1659
1660 1665
1666 1671
1676 1679
1683 1687
1704 1708
1715 1718
1725 1729
1735 1738
1750 1754
1761 1766
1781 1785
1798 1802
1810 1814
1828 1838
1845 1849
1852 1855
1856 1860
1861 1864
1867 1871
1881 1884
1885 1888
1894 1900
1912 1915
1916 1919
1929 1932
1937 1945
1947 1951
1953 1956
1963 1966
1967 1976
1977 1981
1982 1985
1986 1989
2002 2005
2011 2016
2020 2024
2025 2028
2033 2036
2037 2040
2044 2048
2049 2052
2060 2064
2065 2068
2069 2073
2077 2081
2082 2085
2088 2093
2094 2098
2120 2123
2130 2145
2151 2154
2165 2168
2171 2175
2179 2182
2207 2210
2214 2218
2221 2226
2230 2237
2238 2242
2243 2246
2247 2251
2264 2268
2274 2277
2281 2287
2292 2296
2299 2303
2304 2308
2309 2317
2319 2324
2325 2328
2341 2344
2351 2356
2357 2361
2376 2382
2385 2389
2395 2402
2403 2408
2409 2412
2426 2430
2431 2436
2438 2441
2442 2446
2465 2468
2469 2472
2481 2487
2494 2497
2498 2501
2502 2507
2509 2516
2527 2535
2543 2550
2555 2559
2560 2563
2577 2581
2582 2589
2594 2598
2601 2610
2616 2622
2623 2628
2630 2633
2634 2637
2638 2644
2651 2656
2670 2673
2697 2701
2706 2709
2717 2720
2734 2737
2738 2742
2745 2750
2751 2754
2758 2761
2765 2768
2769 2772
2774 2777
2778 2784
2788 2791
2793 2797
2799 2802
2812 2816
2823 2826
2834 2839
2849 2853
2854 2859
2873 2876
2882 2886
2895 2900
2923 2926
2928 2932
2933 2937
2940 2944
2961 2964
2975 2978
2983 2986
2990 2996
3011 3016
3021 3024
3029 3033
3035 3038
3043 3046
3047 3052
3058 3061
3067 3070
3071 3074
3080 3084
3092 3095
3096 3100
3104 3107
3110 3113
3127 3130
3131 3135
3139 3143
3149 3154
3161 3164
3165 3168
3169 3172
3174 3179
3184 3187
3189 3192
3193 3196
3197 3201
3204 3207
3210 3217
3226 3229
3230 3233
3249 3253
3259 3262
3274 3278
3279 3283
3287 3295
3297 3301
3302 3306
3307 3310
3316 3319
3320 3323
3324 3327
3328 3331
3332 3337
3338 3343
3347 3352
3357 3360
3367 3371
3373 3376
3377 3380
3381 3384
3385 3389
3390 3395
3399 3405
3408 3411
3417 3422
3425 3430
3433 3440
3444 3449
3450 3453
3456 3459
3460 3463
3472 3476
3487 3490
3500 3503
3504 3507
3509 3513
3514 3517
3522 3531
3533 3536
3549 3554
3556 3560
3561 3564
3569 3572
3573 3576
3579 3582
3590 3594
3597 3600
3601 3607
3611 3614
3615 3618
3623 3630
3638 3641
3644 3647
3651 3655
3656 3660
3661 3665
3673 3676
3679 3682
3685 3689
3690 3693
3694 3698
3699 3707
3708 3711
3716 3720
3721 3725
3728 3731
3739 3744
3745 3749
3754 3757
3772 3775
3776 3779
3783 3788
3793 3798
3799 3802
3806 3811
3816 3821
3825 3830
3837 3841
3845 3850
3851 3856
3861 3864
3870 3873
3886 3889
3901 3905
3906 3911
3912 3917
3919 3922
3932 3938
3941 3944
3947 3950
3955 3958
3962 3967
3973 3977
3979 3982
3983 3987
3994 3997
3999 4003
4008 4014
4015 4020
4022 4025
4032 4038
4042 4045
4051 4055
4056 4059
4071 4075
4091 4094
