0.079932 4.069381
0.031973 7.027903
0.719388 1.627428
0.015986 3.617602
0.095918 2.598572
1.742517 4.669450
0.031973 5.517124
0.047959 6.275130
0.031973 5.924860
0.031973 3.146193
0.031973 6.725167
0.047959 11.032329
0.079932 2.226620
0.031973 10.482198
0.111905 3.977789
0.031973 5.388671
0.031973 12.532724
0.015986 13.250519
0.031973 8.794202
0.031973 14.560053
0.031973 19.276303
0.031973 19.103158
0.031973 14.489442
0.031973 10.117043
0.031973 18.741825
0.031973 14.103104
0.031973 10.765043
0.031973 14.900147
0.031973 14.462197
0.015986 13.030114
0.079932 2.127917
0.031973 10.497313
0.031973 10.050566
0.095918 2.749161
0.063946 4.126925
0.063946 3.950097
0.031973 7.364707
0.015986 12.936152
0.031973 7.448210
0.079932 3.833860
0.031973 7.394557
0.031973 5.874980
0.031973 8.890861
0.031973 6.814267
0.015986 6.193639
0.031973 9.090152
0.063946 3.924695
0.031973 5.473040
0.031973 8.462060
0.031973 16.384933
0.031973 14.234899
0.063946 10.151592
0.079932 13.910127
0.031973 10.289309
0.079932 5.213891
0.079932 4.483335
0.063946 5.408853
0.063946 7.221449
0.047959 9.288614
0.015986 5.324051
0.031973 12.358677
0.047959 5.637935
0.111905 3.439918
0.031973 11.405682
0.031973 13.421889
0.031973 5.029931
0.031973 13.543642
0.031973 13.084781
0.015986 6.955107
0.031973 6.600530
0.015986 10.136220
0.015986 12.187663
0.031973 5.973996
0.031973 5.169792
0.031973 4.298141
0.063946 4.580956
0.031973 11.410619
0.015986 8.927875
0.031973 13.020841
0.047959 9.004439
0.047959 10.271702
0.063946 7.886690
0.031973 12.210823
0.015986 9.889786
0.031973 11.168696
0.031973 10.894656
0.031973 11.117122
0.031973 5.418748
0.031973 7.925478
0.047959 5.462050
0.031973 7.882582
0.031973 12.201607
0.095918 13.431109
0.063946 10.918951
0.063946 8.198553
0.079932 6.368665
0.047959 9.754097
0.063946 10.855609
0.031973 16.405644
0.031973 13.589731
0.031973 8.634416
0.079932 9.716631
0.015986 12.855141
0.031973 6.967899
0.031973 8.002092
0.031973 5.572369
0.031973 1.247086
0.063946 3.588816
0.095918 6.563225
0.031973 4.703878
0.031973 4.307877
0.031973 7.238231
0.031973 3.629451
0.079932 5.810088
0.047959 6.707628
0.031973 6.395287
0.031973 4.829455
0.031973 10.556576
0.031973 9.845326
0.031973 8.107776
0.031973 9.605913
0.047959 6.151764
0.095918 8.917647
0.031973 8.959979
0.031973 13.508696
0.031973 9.696763
0.031973 10.666310
0.079932 13.162851
0.063946 10.355106
0.031973 8.920453
0.015986 8.746662
0.031973 9.330472
0.079932 12.005119
0.047959 10.712702
0.031973 5.856618
0.015986 8.416461
0.063946 9.355068
0.047959 11.054736
0.031973 8.164210
0.079932 14.909038
0.047959 11.335306
0.063946 9.032069
0.047959 12.534150
0.031973 7.917099
0.031973 11.223954
0.015986 9.304574
0.047959 11.488519
0.031973 3.536047
0.015986 5.236556
0.031973 4.559622
0.095918 7.751043
0.079932 7.369028
0.031973 6.144063
0.031973 7.100618
0.063946 6.658234
0.015986 3.227200
0.063946 8.483571
0.047959 6.347942
0.047959 1.667815
0.031973 7.556437
0.031973 8.330940
0.015986 4.354641
0.047959 5.885170
0.031973 5.229539
0.031973 4.982675
0.031973 4.805823
0.031973 4.502355
0.031973 3.465511
0.063946 4.499102
0.079932 6.430282
0.031973 6.236792
0.031973 5.402753
0.015986 2.215924
0.031973 5.726112
0.047959 7.889030
0.831293 3.361075
0.031973 6.909644
0.047959 13.773760
0.031973 14.346399
0.047959 20.113899
0.047959 11.656618
0.031973 9.818300
0.031973 11.950747
0.047959 14.322421
0.079932 14.777109
0.063946 12.028585
0.047959 10.188968
0.063946 12.052179
0.031973 2.672059
0.063946 5.160231
0.031973 3.405475
0.063946 5.553626
0.047959 10.556863
0.031973 5.131258
0.031973 3.882364
0.047959 6.421125
0.063946 4.960581
0.031973 3.303092
0.031973 2.323777
0.031973 2.912373
0.031973 5.863112
0.063946 4.796904
0.031973 3.353444
0.031973 3.862101
1.406803 1.643302
0.079932 2.709835
0.031973 2.806723
0.015986 6.174082
0.063946 5.461921
0.111905 3.172163
0.095918 4.696618
0.031973 2.923530
0.031973 5.192366
0.031973 4.441292
0.031973 6.312890
0.031973 3.569143
0.031973 3.742373
0.031973 3.296747
0.047959 3.384614
0.031973 2.911149
0.127891 6.725995
0.031973 2.218169
0.031973 1.609165
0.031973 3.018666
0.047959 2.992027
0.047959 1.807288
0.047959 5.209581
0.047959 8.317517
0.063946 6.429201
0.031973 4.900568
0.047959 7.232894
0.063946 7.570183
0.047959 5.445283
0.031973 2.068306
0.047959 6.561181
0.015986 4.981425
0.015986 4.016571
0.015986 4.632307
0.047959 11.078522
0.047959 7.125636
0.431633 3.449396
0.031973 4.930294
0.015986 2.250055
0.031973 1.515100
0.047959 6.435430
0.031973 4.313426
0.031973 2.768211
0.047959 3.543239
0.047959 6.581406
0.127891 1.069829
0.031973 4.261992
0.047959 3.237494
0.031973 3.232862
0.047959 3.468430
0.239796 3.135996
0.031973 1.794119
0.031973 3.473703
0.047959 2.168385
0.000000 0.000000
0.000000 0.000000
0.031973 6.765153
0.031973 12.211575
0.031973 13.128615
0.031973 8.892093
0.015986 6.034620
0.031973 5.962327
0.015986 3.121574
0.047959 5.710407
0.031973 2.648649
0.751361 2.783237
0.111905 3.098416
0.223810 4.136665
0.111905 4.323150
0.031973 3.824380
0.463605 2.445646
0.031973 2.258716
0.127891 5.532464
0.063946 2.426392
0.031973 2.260035
0.031973 4.612009
0.031973 5.627509
0.095918 3.098502
0.063946 0.208346
0.303741 2.904972
0.031973 3.996884
1.406803 6.279037
0.111905 2.054937
0.127891 5.805523
0.000000 0.000000
0.079932 4.372733
0.751361 3.659302
0.095918 1.460372
0.863265 2.964864
1.262925 4.678401
0.543537 3.140060
0.079932 4.154186
0.959184 5.163698
0.095918 3.592937
0.191837 2.629653
0.047959 3.718818
0.031973 2.399665
0.031973 2.262322
0.207823 0.949990
0.031973 1.254276
0.031973 2.172784
0.079932 3.041215
0.815306 1.943878
0.175850 1.798999
0.415646 3.140929
0.079932 3.556628
0.783333 3.041926
0.495578 2.771298
0.031973 1.864420
0.031973 4.895086
0.095918 3.523756
0.463605 5.084231
0.207823 6.916759
0.047959 2.468523
0.047959 2.631139
1.550680 3.247459
0.031973 1.551480
0.031973 1.982857
0.463605 4.770172
0.047959 2.034982
0.447619 2.398460
0.031973 3.589065
1.182993 6.574777
0.031973 3.988345
0.047959 1.801061
0.063946 3.227675
0.047959 1.549126
0.191837 4.361982
0.079932 4.692088
0.031973 3.728766
0.911224 1.560808
0.000000 0.000000
0.383673 2.442734
0.351701 1.599478
0.479592 3.238034
1.182993 4.014584
1.055102 2.974643
0.031973 3.070485
0.863265 1.645281
0.000000 0.000000
0.367687 2.179943
0.191837 2.814067
0.671429 2.834912
0.095918 3.195232
1.678571 5.156950
0.031973 3.410689
0.191837 2.186167
0.239796 3.019741
0.031973 3.164473
0.031973 4.498484
1.710544 2.542886
0.047959 4.921732
0.031973 2.042371
0.031973 3.150815
0.703401 0.539839
0.127891 3.633872
0.399660 2.809213
0.031973 5.556755
0.047959 1.999578
0.031973 2.589989
0.239796 4.858938
1.151020 2.765696
0.000000 0.000000
0.047959 2.045033
0.031973 2.403529
1.694558 2.634675
0.623469 3.792454
0.047959 4.005229
0.047959 6.282857
0.031973 3.223114
0.031973 5.660901
0.031973 8.254229
0.031973 7.759055
0.031973 6.826323
0.159864 4.595808
0.783333 6.423631
0.287755 3.258977
0.783333 4.721986
0.047959 2.429902
0.431633 1.243175
0.000000 0.000000
0.575510 3.325577
0.415646 6.969987
0.031973 3.332798
0.143878 1.637066
1.422789 0.980508
0.335714 3.196818
1.071088 1.169563
0.559524 2.792915
0.687415 2.371691
0.687415 3.559809
0.159864 3.596715
0.735374 4.146129
0.047959 6.155320
0.095918 2.986934
0.735374 1.347847
0.000000 0.000000
0.303741 4.400875
0.031973 1.922602
0.207823 1.807574
0.255782 2.851298
0.719388 4.552349
0.607483 2.605177
0.959184 3.552385
0.095918 4.098211
0.079932 1.269217
0.319728 3.598633
0.575510 3.768384
0.111905 2.908052
0.399660 6.783444
0.111905 5.890738
0.031973 5.160592
0.031973 4.470408
0.031973 2.700069
0.399660 3.948294
0.047959 4.486103
0.047959 2.192471
0.383673 1.557922
0.000000 0.000000
0.047959 2.484279
0.159864 1.553452
0.047959 1.577736
0.399660 2.673679
0.031973 1.930139
0.367687 2.387690
1.055102 5.223935
0.639456 4.261364
0.031973 2.551101
0.655442 2.022596
0.159864 2.472606
0.000000 0.000000
0.911224 2.613180
0.319728 2.320101
0.735374 2.771589
1.103061 4.594259
0.031973 6.149438
0.639456 1.788884
0.863265 2.302053
0.175850 4.140832
0.031973 2.688507
0.367687 2.694440
1.406803 6.682671
0.223810 2.444923
0.159864 1.756726
1.278912 2.064430
0.000000 0.000000
