1 8
13 17
21 25
26 29
37 41
44 47
63 67
68 73
74 77
80 92
93 97
98 104
113 129
132 143
148 154
157 163
164 167
168 171
173 184
189 193
205 208
209 212
217 220
221 226
227 233
234 238
240 247
252 255
258 261
262 265
266 280
284 288
297 303
308 316
317 320
323 326
327 331
332 336
337 341
342 349
350 358
359 362
363 367
368 372
379 382
383 386
388 397
398 403
406 414
416 420
425 430
441 444
445 448
449 458
459 467
470 473
479 483
484 487
488 492
493 496
497 500
505 511
512 515
516 519
523 527
539 548
554 558
559 562
563 571
572 584
592 597
607 611
612 618
619 627
642 647
648 652
653 657
660 673
678 682
690 694
698 701
702 706
716 724
729 733
734 738
739 743
748 751
754 758
762 773
786 789
797 807
811 815
816 820
821 825
831 843
852 860
871 874
877 884
885 892
897 901
903 910
911 917
921 924
925 929
932 938
970 975
976 979
980 986
993 1000
1010 1017
1028 1031
1035 1038
1047 1053
1054 1066
1067 1072
1075 1079
1080 1083
1088 1095
1096 1101
1106 1116
1117 1126
1135 1141
1145 1151
1154 1157
1160 1167
1170 1173
1175 1178
1181 1184
1185 1188
1192 1198
1201 1205
1206 1212
1218 1222
1223 1226
1233 1236
1237 1242
1245 1248
1249 1254
1257 1261
1264 1267
1268 1271
1275 1280
1284 1287
1299 1303
1304 1307
1311 1314
1317 1328
1334 1339
1340 1345
1347 1356
1359 1366
1367 1371
1377 1382
1385 1388
1389 1397
1399 1402
1405 1409
1410 1414
1418 1422
1428 1433
1436 1441
1447 1451
1456 1459
1468 1472
1476 1481
1488 1491
1495 1499
1510 1516
1517 1523
1524 1531
1535 1545
1575 1578
1579 1583
1586 1589
1590 1600
1601 1604
1607 1617
1631 1634
1637 1640
1643 1646
1657 1662
1666 1669
1678 1682
1685 1688
1689 1692
1698 1701
1704 1716
1729 1732
1740 1745
1749 1753
1756 1761
1762 1767
1783 1790
1800 1807
1812 1816
1817 1821
1822 1826
1834 1837
1844 1848
1851 1855
1864 1870
1871 1877
1882 1892
1893 1899
1905 1909
1913 1917
1918 1925
1929 1932
1934 1937
1938 1941
1942 1945
1954 1958
1962 1968
1972 1977
1979 1983
1985 1998
2007 2010
2015 2018
2030 2034
2039 2046
2047 2052
2058 2065
2066 2070
2071 2084
2088 2091
2092 2095
2099 2104
2108 2111
2112 2116
2125 2130
2131 2134
2137 2141
2152 2155
2161 2168
2171 2178
2182 2188
2189 2192
2193 2200
2203 2207
2208 2212
2214 2218
2219 2222
2226 2231
2233 2239
2251 2256
2258 2261
2262 2265
2270 2275
2276 2279
2282 2285
2295 2298
2310 2317
2318 2322
2330 2337
2341 2345
2349 2353
2360 2371
2376 2382
2383 2386
2397 2401
2418 2424
2437 2442
2446 2451
2452 2456
2457 2462
2463 2466
2469 2472
2475 2480
2511 2517
2534 2537
2539 2543
2548 2552
2557 2561
2562 2571
2577 2582
2588 2597
2606 2609
2612 2615
2616 2621
2622 2625
2626 2630
2642 2646
2648 2652
2654 2658
2665 2668
2669 2673
2675 2679
2683 2687
2688 2692
2693 2696
2697 2703
2704 2708
2710 2713
2720 2723
2724 2727
2728 2731
2737 2740
2747 2750
2751 2756
2759 2765
2776 2780
2781 2786
2789 2793
2794 2797
2798 2806
2807 2811
2819 2826
2830 2834
2840 2844
2847 2850
2854 2858
2859 2862
2863 2868
2879 2885
2888 2893
2894 2897
2905 2908
2923 2926
2930 2936
2941 2944
2945 2949
2955 2966
2967 2970
2976 2981
2982 2985
2988 2992
2996 3000
3009 3014
3027 3033
3038 3044
3046 3054
3056 3060
3061 3065
3067 3072
3074 3077
3078 3081
3085 3088
3089 3093
3101 3104
3107 3112
3122 3125
3131 3136
3144 3149
3150 3154
3156 3160
3163 3166
3177 3180
3186 3190
3191 3194
3197 3208
3216 3219
3225 3230
3239 3245
3250 3255
3256 3261
3264 3269
3284 3290
3300 3303
3304 3307
3311 3314
3320 3325
3338 3344
3364 3367
3371 3376
3380 3383
3386 3389
3391 3396
3402 3405
3406 3411
3419 3423
3428 3431
3434 3442
3443 3447
3456 3461
3464 3468
3469 3472
3477 3480
3481 3484
3493 3496
3497 3500
3507 3510
3517 3521
3531 3537
3538 3542
3553 3557
3558 3562
3563 3566
3571 3578
3581 3586
3594 3597
3609 3613
3616 3619
3620 3625
3626 3629
3630 3633
3637 3640
3641 3644
3645 3650
3651 3654
3655 3659
3664 3667
3668 3671
3672 3678
3683 3686
3689 3692
3698 3703
3704 3707
3709 3714
3715 3719
3726 3729
3730 3735
3736 3739
3745 3748
3753 3757
3763 3766
3768 3773
3774 3780
3781 3785
3789 3792
3795 3799
3805 3812
3822 3825
3826 3829
3830 3836
3838 3845
3852 3856
3865 3869
3873 3876
3877 3882
3886 3889
3899 3903
3915 3921
3923 3929
3930 3936
3937 3943
3944 3948
3959 3962
3965 3969
3972 3976
3977 3985
3998 4001
4002 4006
4023 4027
4043 4051
4052 4056
4058 4061
4076 4080
4082 4085
4086 4089
4093 4096
