1 10
21 27
28 31
32 37
38 44
45 50
51 58
59 67
68 75
79 84
88 92
97 102
105 119
127 133
142 157
159 163
164 167
174 178
179 184
198 202
215 220
224 227
228 244
257 263
264 272
275 283
286 292
295 302
304 310
311 317
328 332
341 345
346 350
359 363
367 370
372 375
378 385
387 390
393 408
414 417
418 423
424 438
439 447
448 462
464 476
479 488
489 493
499 505
511 514
518 529
530 540
542 550
558 563
572 588
596 613
620 625
626 639
643 657
659 665
666 685
688 706
707 714
715 728
733 738
753 760
761 786
787 796
799 802
803 815
821 825
832 842
843 849
852 857
858 863
871 887
888 894
900 909
914 922
932 940
944 958
996 1015
1018 1035
1039 1049
1058 1069
1101 1104
1108 1112
1122 1125
1136 1139
1167 1170
1176 1184
1196 1206
1225 1232
1239 1257
1258 1274
1376 1385
1394 1402
1437 1446
1465 1468
1632 1635
2059 2064
2231 2236
2248 2259
2260 2281
2287 2291
2327 2337
2348 2356
