1 15
18 32
38 50
54 60
63 69
77 86
89 94
96 110
124 139
156 167
168 184
189 199
200 212
216 225
232 243
244 254
263 272
275 288
293 299
308 316
319 325
333 338
340 343
348 352
353 359
362 371
376 380
389 397
398 405
418 434
441 455
458 472
478 481
485 490
491 503
509 523
524 532
536 542
543 564
570 580
581 588
589 600
607 619
622 626
627 641
642 647
648 660
669 673
688 696
708 716
720 731
735 746
747 751
752 772
776 794
799 817
821 835
842 848
849 861
862 866
868 873
874 881
886 892
893 906
907 910
924 929
934 940
941 958
965 988
996 1001
1007 1017
1021 1039
1040 1043
1049 1059
1060 1063
1064 1082
1086 1096
1113 1129
1135 1141
1152 1157
1164 1179
1190 1196
1200 1208
1209 1213
1223 1228
1232 1249
1258 1268
1269 1281
1282 1288
1294 1306
1310 1316
1317 1326
1332 1342
1360 1363
1364 1378
1379 1383
1384 1392
1399 1410
1414 1419
1432 1441
1455 1467
1474 1486
1497 1504
1514 1521
1533 1547
1548 1556
1561 1573
1575 1578
1579 1599
1640 1647
1657 1662
1669 1681
1687 1697
1703 1709
1716 1727
1728 1747
1751 1758
1764 1772
1780 1786
1793 1797
1890 1894
1951 1959
1974 1982
1998 2006
2116 2121
2137 2140
2155 2159
2304 2325
2342 2357
