0.079932 9.142005
0.783333 2.298564
0.047959 4.100980
0.000000 0.000000
0.031973 5.842336
0.031973 6.252380
0.399660 1.374163
0.031973 5.374824
0.031973 3.552044
0.031973 6.295773
1.103061 0.327594
0.047959 6.770847
0.047959 4.059834
0.063946 0.782227
0.031973 7.433780
0.031973 5.998660
0.031973 0.794525
0.047959 6.789320
0.031973 11.025155
0.031973 4.508076
0.031973 8.368055
0.031973 14.905777
0.031973 13.035523
0.031973 4.160308
0.015986 9.798531
0.031973 14.581005
0.031973 6.439570
0.031973 13.767513
0.031973 13.145930
0.031973 8.621394
0.031973 15.995614
0.047959 5.802898
0.047959 12.900851
0.047959 11.124052
0.031973 16.624787
0.031973 14.069594
0.031973 10.454874
0.047959 4.711536
0.031973 5.825240
0.015986 12.487609
0.015986 15.784388
0.031973 17.430727
0.031973 14.823586
0.015986 17.663697
0.031973 16.184344
0.031973 8.224241
0.031973 10.130621
0.031973 12.554848
0.031973 15.951569
0.031973 14.564234
0.031973 8.217302
0.031973 13.721304
0.015986 17.197586
0.031973 12.451280
0.031973 16.243751
0.031973 15.122061
0.031973 13.086917
0.031973 12.002468
0.031973 15.164654
0.031973 12.547875
0.031973 10.603569
0.047959 9.588800
0.047959 10.620663
0.031973 4.370548
0.031973 11.804347
0.031973 10.253810
0.031973 14.198739
0.031973 15.219250
0.031973 10.769076
0.031973 12.131126
0.047959 7.372311
0.031973 11.381283
0.031973 8.825939
0.031973 12.061814
0.047959 19.239554
0.031973 13.748746
0.031973 10.266680
0.031973 5.783480
0.047959 14.477926
0.031973 12.954866
0.015986 8.473749
0.015986 11.568381
0.015986 13.497843
0.047959 15.045398
0.047959 11.276883
0.047959 14.358378
0.015986 12.425837
0.031973 8.087096
0.031973 10.322106
0.015986 10.796656
0.031973 9.415881
0.015986 6.174128
0.015986 7.747278
0.031973 7.600216
0.031973 3.417172
0.047959 5.039755
0.031973 5.457975
0.031973 5.923327
0.031973 6.814496
0.031973 7.581434
0.015986 6.328153
0.031973 7.964805
0.031973 6.166146
0.031973 7.318029
0.031973 8.154522
0.031973 6.658719
0.031973 7.343107
0.031973 7.609603
0.031973 6.237248
0.063946 8.552577
0.047959 8.169363
0.031973 4.170482
0.015986 5.530696
0.031973 5.408815
0.031973 8.346466
0.015986 7.771512
0.015986 9.676319
0.095918 8.291745
0.031973 9.474755
0.031973 9.350189
0.031973 6.172987
0.031973 7.022708
0.047959 7.007869
0.031973 4.739185
0.031973 6.227775
0.047959 6.710586
0.031973 8.853578
0.031973 7.512111
0.047959 7.106963
0.047959 7.578406
0.031973 4.354194
0.031973 6.947602
0.031973 3.959594
0.031973 9.173785
0.031973 5.986804
0.047959 5.169058
0.047959 3.254153
0.031973 6.584183
0.063946 8.189257
0.031973 5.501302
0.031973 4.616085
0.031973 7.626365
0.095918 8.297994
0.079932 5.945134
0.079932 4.399858
0.031973 5.437327
0.031973 6.464397
0.031973 4.226403
0.031973 5.721715
0.047959 5.629247
0.031973 8.196903
0.047959 8.554439
0.063946 9.521777
0.047959 6.523047
0.031973 4.091652
0.031973 6.373870
0.031973 5.625080
0.079932 4.917753
0.095918 5.113967
0.031973 4.966313
0.095918 4.722502
0.079932 6.792743
0.079932 6.404776
0.047959 6.150674
0.047959 5.019187
