1 7
17 32
34 41
42 49
64 69
74 77
81 88
89 100
101 104
105 108
109 112
120 123
128 137
138 142
147 154
155 158
161 166
169 187
188 192
193 196
217 231
261 268
271 277
278 283
305 323
343 346
350 354
355 359
360 367
369 372
385 389
397 400
401 410
411 417
430 433
443 447
453 461
462 466
475 479
480 498
501 506
512 516
521 525
528 532
544 554
558 562
565 570
572 579
580 586
591 596
604 608
612 617
620 635
637 642
652 659
663 669
670 677
678 681
690 693
698 701
708 712
713 719
725 728
735 738
748 754
755 760
761 764
769 774
790 793
794 804
805 810
814 820
831 836
841 853
854 857
858 862
869 873
878 882
886 894
895 899
903 909
925 930
931 934
935 943
965 969
970 975
976 987
993 997
1000 1004
1009 1016
1019 1024
1025 1033
1034 1039
1067 1072
1073 1077
1082 1085
1100 1103
1107 1110
1111 1115
1127 1130
1157 1160
1161 1166
1167 1170
1172 1175
1176 1180
1199 1205
1211 1215
1237 1242
1247 1250
1255 1258
1269 1272
1277 1280
1281 1285
1291 1295
1323 1326
1348 1351
1365 1368
1369 1374
1379 1383
1395 1400
1403 1406
1433 1436
1468 1473
1484 1487
1508 1511
1514 1520
1647 1651
1654 1659
1662 1665
1681 1684
1737 1740
1750 1753
1756 1759
1788 1791
1816 1819
1834 1838
1854 1858
1875 1878
1905 1908
1915 1918
1923 1926
1954 1958
1966 1969
2009 2012
2020 2023
2034 2037
2052 2055
2058 2061
2109 2112
2262 2265
2437 2440
2513 2517
2520 2525
2528 2531
2540 2543
2563 2566
2628 2631
2655 2658
2665 2669
2682 2686
2705 2708
2739 2742
2747 2750
2807 2812
2858 2862
2889 2893
2894 2897
2934 2937
2959 2962
2979 2982
3037 3040
3066 3069
3092 3097
3123 3126
3153 3156
3157 3160
3173 3178
3179 3182
3198 3202
3203 3206
3282 3285
3286 3289
3294 3297
3300 3303
3426 3429
3437 3441
3479 3482
3529 3533
3534 3537
3556 3559
3567 3570
3605 3608
3637 3641
3650 3654
3659 3662
3663 3666
3684 3689
3772 3776
3786 3790
3794 3797
3825 3828
3864 3867
3885 3889
3896 3899
3910 3913
3922 3925
3945 3948
3966 3969
4005 4010
4061 4064
4084 4088
