0.079932 6.444984
0.015986 6.468220
0.319728 0.946354
0.000000 0.000000
0.000000 0.000000
0.031973 1.535207
0.031973 5.780287
0.047959 2.641495
0.031973 6.245169
0.031973 9.841213
0.031973 5.952430
0.000000 0.000000
0.000000 0.000000
0.047959 5.703364
0.031973 1.025680
0.031973 7.280216
0.047959 4.828790
0.063946 0.344255
0.031973 10.453626
0.031973 13.417713
0.031973 12.154817
0.031973 13.170425
0.015986 5.707196
0.031973 14.038980
0.031973 23.147384
0.031973 17.484093
0.031973 13.131565
0.031973 4.750293
0.031973 13.319971
0.031973 10.216112
0.031973 12.687422
0.031973 10.102465
0.031973 5.148442
0.031973 17.221862
0.031973 13.608596
0.031973 2.605569
0.031973 8.718302
0.031973 14.133201
0.031973 8.067989
0.031973 14.220588
0.015986 15.972489
0.031973 12.886516
0.031973 17.427636
0.031973 19.385111
0.047959 15.776828
0.015986 9.168838
0.031973 14.089509
0.047959 7.110961
0.031973 20.972974
0.015986 13.391093
0.031973 15.387286
0.031973 18.276395
0.031973 18.533352
0.031973 20.778320
0.031973 15.727387
0.031973 9.588836
0.031973 16.179093
0.031973 14.491131
0.031973 16.240312
0.047959 10.007535
0.031973 12.514876
0.031973 14.268755
0.031973 14.911839
0.031973 11.671365
0.031973 6.094600
0.015986 9.617704
0.031973 12.731055
0.031973 13.390754
0.031973 8.973953
0.031973 14.720070
0.047959 13.305963
0.047959 14.343082
0.031973 13.588271
0.047959 15.609158
0.031973 13.582690
0.031973 15.835434
0.031973 11.815702
0.047959 6.495799
0.047959 7.071164
0.031973 15.713567
0.031973 18.314877
0.031973 14.613032
0.031973 13.217634
0.031973 16.382928
0.031973 18.178712
0.031973 18.295221
0.031973 18.872061
0.031973 13.314970
0.031973 16.938212
0.015986 18.406201
0.031973 10.447153
0.047959 11.535008
0.047959 9.434556
0.031973 9.325990
0.047959 9.847070
0.031973 11.521304
0.031973 11.853218
0.031973 10.224108
0.031973 13.781992
0.031973 12.609313
0.031973 11.354281
0.031973 10.126016
0.031973 9.269866
0.031973 10.270936
0.031973 9.652719
0.063946 8.732748
0.031973 9.056936
0.015986 4.295235
0.031973 4.567062
0.031973 7.526643
0.031973 11.919099
0.031973 11.178841
0.031973 9.044795
0.031973 10.777922
0.031973 8.746254
0.031973 11.946345
0.031973 10.212406
0.031973 10.305058
0.047959 17.767828
0.047959 21.513460
0.031973 8.295968
0.047959 7.053101
0.031973 8.686455
0.015986 12.094003
0.031973 7.978153
0.031973 13.017863
0.031973 8.310423
0.047959 14.460987
0.031973 8.223417
0.031973 5.717135
0.031973 3.494829
0.015986 5.684490
0.031973 5.811549
0.031973 3.475074
0.031973 1.653800
0.031973 1.772105
0.031973 5.968849
0.031973 1.863426
0.031973 0.704892
0.031973 6.374827
0.031973 5.861098
0.031973 2.941033
0.031973 10.645353
0.031973 9.106139
0.031973 6.999995
0.031973 7.362836
0.031973 8.595860
0.031973 7.108569
0.031973 7.047599
0.031973 7.641378
0.031973 12.859569
0.031973 7.626374
0.031973 8.826756
0.015986 5.004811
0.015986 4.549590
0.031973 2.857399
0.015986 4.376557
0.031973 7.895378
0.031973 4.461987
0.047959 8.181594
0.031973 5.083266
0.031973 4.102990
0.031973 0.884928
0.031973 5.920037
0.543537 5.114128
0.031973 2.378112
0.031973 1.362334
0.303741 2.303295
0.143878 4.204311
0.527551 2.487798
0.175850 2.955064
0.319728 5.596477
0.031973 3.957912
0.031973 1.528904
0.031973 5.510458
0.031973 5.608896
0.095918 3.098301
0.031973 4.486486
0.031973 3.811682
0.031973 3.932534
0.000000 0.000000
0.575510 0.446303
0.607483 0.581324
0.127891 2.409497
0.607483 2.986426
0.287755 2.324459
0.000000 0.000000
0.287755 2.844665
0.079932 1.701157
0.399660 2.274592
0.000000 0.000000
0.000000 0.000000
0.303741 1.794533
0.143878 1.230628
