1 16
17 20
21 32
38 49
56 63
99 118
127 131
132 137
158 171
173 181
184 199
203 206
216 230
232 240
242 253
259 263
265 268
271 283
292 300
301 319
322 330
331 348
349 352
353 358
359 367
376 380
383 390
392 408
414 419
420 436
445 459
462 475
479 493
501 518
519 533
534 537
540 550
560 566
568 575
579 585
592 605
615 625
632 644
655 664
674 681
682 693
695 712
718 728
729 746
752 761
763 770
774 789
801 810
824 833
856 861
864 889
896 907
914 927
929 946
965 994
1000 1021
1041 1059
1086 1111
1156 1165
1179 1188
1194 1205
1220 1237
1247 1252
1346 1351
1360 1367
2198 2204
2206 2211
