0.047959 10.602416
0.623469 0.381192
0.079932 2.576833
0.063946 8.069986
0.031973 7.112951
0.047959 3.205370
0.000000 0.000000
0.047959 6.912939
0.047959 0.617168
0.047959 8.507083
0.047959 7.705758
0.031973 10.976552
0.031973 5.581837
0.015986 13.147700
0.015986 13.935377
0.047959 8.105073
0.031973 17.078521
0.015986 12.446484
0.015986 10.788879
0.015986 16.661574
0.031973 17.705359
0.015986 15.818739
0.031973 10.593097
0.015986 13.322153
0.015986 11.821211
0.047959 2.993900
0.015986 7.881284
0.031973 9.113671
0.031973 10.859389
0.047959 10.401938
0.015986 6.573136
0.031973 15.636504
0.015986 15.768165
0.031973 10.308089
0.031973 15.282766
0.015986 7.804953
0.031973 16.873348
0.015986 13.941318
0.031973 7.341107
0.031973 13.307965
0.031973 12.509650
0.031973 10.333938
0.015986 14.790849
0.031973 15.720980
0.015986 11.713139
0.015986 16.505038
0.015986 16.971860
0.015986 10.473192
0.015986 7.949399
0.015986 9.630933
0.015986 6.709339
0.031973 12.171112
0.031973 14.616443
0.047959 4.290373
0.031973 12.042985
0.031973 11.728711
0.031973 14.571183
0.031973 18.290559
0.047959 18.323039
0.015986 21.274608
0.015986 16.730958
0.047959 13.964112
0.015986 18.262593
0.015986 14.637336
0.031973 10.773243
0.047959 14.359515
0.031973 12.619779
0.015986 5.613767
0.047959 7.742667
0.031973 8.312180
0.031973 10.083746
0.031973 7.907387
0.031973 7.926792
0.031973 5.729557
0.031973 10.650143
0.079932 12.503129
0.031973 4.219431
0.063946 14.292051
0.015986 10.319232
0.031973 10.980264
0.031973 11.447187
0.031973 11.696487
0.015986 9.903017
0.031973 13.795390
0.031973 11.681252
0.015986 11.030389
0.015986 13.684001
0.015986 10.672282
0.015986 14.202290
0.031973 11.284784
0.015986 9.255651
0.031973 9.984908
0.047959 12.751121
0.031973 11.273689
0.031973 11.455134
0.047959 14.416914
0.031973 9.390931
0.031973 8.044284
0.031973 7.438529
0.031973 7.308130
0.031973 8.461843
0.031973 9.093409
0.031973 11.911287
0.063946 10.697743
0.031973 8.665366
0.047959 12.840629
0.063946 12.949907
0.079932 12.324179
0.063946 10.219575
0.159864 10.695543
0.031973 9.584695
0.079932 10.453747
0.031973 12.473181
0.031973 10.127988
0.031973 9.463155
0.031973 10.061131
0.031973 10.104944
0.015986 9.403354
0.031973 11.154945
0.015986 9.577897
0.031973 9.083635
0.031973 8.829256
0.031973 9.181098
0.047959 9.867458
0.111905 7.670325
0.047959 5.677883
0.063946 13.452834
0.079932 11.392059
0.031973 11.574947
0.047959 9.020881
0.031973 11.871481
0.063946 10.147189
0.031973 7.471687
0.079932 9.720040
0.047959 10.492044
0.031973 9.223890
0.031973 9.396057
0.063946 12.732191
0.031973 10.436440
0.031973 11.743881
0.031973 8.146421
0.047959 10.190314
0.047959 8.436232
0.079932 7.589483
0.063946 6.398592
0.047959 6.607524
0.079932 10.145796
0.031973 7.236039
0.063946 9.606216
0.047959 6.454753
0.031973 8.364596
0.047959 7.456577
0.047959 8.684142
0.047959 10.507278
0.031973 9.906249
0.031973 12.572128
0.031973 8.291677
0.047959 9.813300
0.031973 9.424890
0.031973 8.971690
0.031973 8.594926
0.047959 10.337071
0.047959 8.869994
0.047959 7.727463
0.031973 7.383949
0.031973 8.788274
0.047959 9.435093
0.063946 8.539427
0.031973 7.959792
0.047959 8.273401
0.047959 7.700690
0.063946 6.808799
0.063946 7.745889
