1 5
6 12
15 18
19 30
32 39
42 49
50 56
57 63
80 97
99 103
107 118
120 125
129 142
148 152
154 158
164 168
172 183
184 202
207 212
222 231
238 255
256 272
282 286
287 304
307 320
321 329
330 340
341 345
347 351
354 359
370 378
382 395
396 399
400 404
405 422
423 438
439 448
449 455
464 477
484 492
496 503
504 524
525 544
545 559
560 573
574 581
597 601
602 607
611 621
622 627
630 644
645 665
668 675
688 704
712 715
716 723
732 750
751 754
755 759
760 767
768 792
800 808
826 839
847 858
865 872
881 886
907 914
915 934
946 958
963 967
971 976
980 984
987 997
1003 1010
1016 1024
1026 1037
1042 1052
1054 1070
1077 1086
1089 1092
1093 1102
1103 1106
1107 1118
1124 1131
1132 1136
1145 1152
1163 1175
1180 1191
1198 1202
1210 1219
1227 1234
1242 1246
1259 1262
1276 1280
1306 1327
1333 1350
1351 1355
1356 1360
1363 1368
1372 1379
1386 1400
1411 1419
1425 1441
1471 1480
1494 1500
1510 1515
1520 1531
1533 1537
1538 1541
1546 1553
1555 1558
1561 1567
1574 1585
1587 1595
1602 1612
1617 1620
1627 1635
1638 1642
1649 1652
1653 1658
1659 1662
1663 1669
1670 1673
1674 1683
1684 1693
1696 1705
1706 1718
1719 1725
1733 1739
1745 1760
1763 1768
1771 1786
1787 1795
1796 1805
1811 1826
1827 1839
1841 1858
1861 1871
1883 1894
1901 1911
1912 1915
1918 1929
1938 1951
1955 1965
1967 1972
2250 2266
2271 2282
2310 2320
2372 2376
2377 2382
2434 2441
2449 2455
2614 2623
3055 3066
3072 3079
3095 3104
3110 3116
3162 3172
3177 3180
3194 3204
3215 3218
