1 13
21 27
42 48
88 92
102 109
130 138
147 159
175 185
190 196
200 212
218 227
231 243
251 259
260 263
266 272
282 298
303 307
311 316
321 328
330 333
337 346
347 363
371 379
388 405
409 419
426 432
433 448
457 464
467 481
482 489
490 496
505 525
532 543
544 555
560 565
573 581
582 585
589 597
598 602
612 619
620 624
625 640
648 663
664 670
671 683
685 688
689 697
702 718
720 733
741 762
763 773
782 792
804 812
823 841
847 857
860 869
870 885
892 896
898 912
916 930
931 949
950 963
970 977
988 999
1005 1008
1017 1040
1046 1061
1070 1075
1083 1102
1111 1118
1121 1141
1146 1154
1155 1161
1166 1172
1182 1193
1209 1219
1232 1243
1309 1314
1319 1332
1333 1341
1342 1351
1354 1364
1392 1395
1455 1458
1682 1688
1693 1702
1709 1714
1746 1749
1759 1764
2143 2149
2396 2402
3601 3605
