1 14
15 18
19 30
31 34
36 40
45 50
51 55
56 60
63 69
72 76
78 95
100 107
110 113
115 118
119 124
125 141
145 150
165 168
174 177
178 185
189 196
198 202
203 209
210 220
221 224
225 228
230 234
237 253
260 267
268 272
276 283
284 296
297 311
312 316
317 328
330 334
335 338
339 344
351 359
360 368
370 393
396 402
403 406
410 418
424 428
429 432
444 450
453 470
471 474
481 487
488 492
493 496
503 508
519 531
532 538
539 550
551 556
557 565
567 574
575 583
588 593
594 599
603 608
609 618
621 626
627 638
644 653
654 663
668 673
688 701
712 716
719 726
734 741
742 749
751 755
756 760
762 771
776 793
795 802
803 813
821 832
844 848
849 852
861 873
874 880
882 886
887 891
892 899
900 905
909 915
920 929
937 944
949 963
968 977
978 984
985 992
997 1008
1009 1029
1039 1052
1053 1065
1066 1069
1070 1087
1101 1104
1111 1115
1119 1124
1127 1131
1135 1151
1152 1156
1157 1164
1176 1179
1189 1198
1199 1202
1203 1213
1217 1231
1232 1236
1237 1242
1252 1266
1272 1279
1288 1297
1303 1307
1308 1315
1324 1339
1340 1343
1346 1349
1350 1358
1365 1371
1372 1376
1377 1387
1388 1393
1402 1417
1426 1433
1435 1449
1451 1457
1468 1474
1475 1481
1482 1487
1488 1494
1495 1504
1508 1515
1516 1523
1525 1529
1531 1535
1541 1553
1559 1566
1568 1580
1583 1587
1588 1599
1603 1613
1614 1619
1620 1628
1629 1633
1634 1649
1658 1661
1664 1676
1681 1687
1693 1704
1710 1715
1717 1732
1738 1742
1743 1750
1754 1757
1760 1766
1767 1773
1780 1787
1788 1795
1796 1805
1814 1822
1828 1834
1847 1864
1866 1871
1875 1879
1880 1884
1886 1890
1906 1920
1937 1952
1974 1978
1979 1984
1991 1999
2000 2004
2006 2009
2012 2025
2038 2041
2068 2080
2102 2113
2142 2146
2152 2156
2157 2172
2174 2184
2185 2196
2199 2216
2217 2225
2226 2244
2246 2255
2259 2270
2271 2276
2277 2286
2287 2292
2293 2305
2314 2325
2338 2350
2356 2361
2362 2372
2373 2379
2381 2387
2389 2396
2403 2412
2420 2429
2431 2437
2438 2442
2450 2464
2465 2477
2483 2487
2488 2495
2496 2510
2511 2524
2525 2529
2530 2537
2550 2562
2563 2566
2585 2591
2667 2678
2729 2736
2751 2761
2769 2775
2848 2853
3003 3008
3010 3018
3029 3035
3070 3075
3089 3093
3096 3103
3108 3112
3114 3119
3140 3144
3158 3163
3164 3170
3173 3179
3219 3224
3248 3251
3275 3279
3300 3308
3309 3314
3317 3326
3385 3389
3440 3443
3466 3472
3494 3500
3524 3530
3539 3545
3558 3564
3577 3585
3596 3601
3631 3642
3651 3655
3670 3677
3688 3699
3754 3761
