0.159864 0.963821
0.111905 0.677092
0.175850 4.108741
0.000000 0.000000
0.111905 4.920003
0.111905 10.148729
0.127891 6.955451
0.175850 2.439686
0.191837 3.275508
0.127891 7.113537
0.111905 8.388567
0.127891 10.050616
0.000000 0.000000
0.127891 8.833460
0.111905 7.914338
0.127891 6.608214
0.111905 4.206956
0.127891 1.634438
0.111905 6.764362
0.127891 7.432586
0.143878 0.964623
0.111905 2.943429
0.127891 15.511835
0.127891 19.499059
0.111905 4.340483
0.127891 10.511728
0.127891 13.899797
0.111905 4.730918
0.127891 12.510187
0.127891 17.727159
0.127891 13.810100
0.127891 7.114446
0.111905 2.541031
0.127891 12.870935
0.111905 10.786978
0.127891 9.894828
0.143878 7.844869
0.111905 12.205912
0.111905 15.799251
0.127891 12.933638
0.111905 13.815031
0.127891 16.055226
0.143878 12.267678
0.111905 13.489571
0.159864 6.725094
0.143878 6.932078
0.111905 17.257882
0.111905 12.248947
0.111905 9.157372
0.111905 16.749053
0.111905 16.740997
0.111905 16.283404
0.111905 11.653862
0.111905 15.579667
0.127891 14.360536
0.127891 11.239987
0.127891 12.080931
0.111905 15.298720
0.111905 15.128105
0.127891 12.790360
0.127891 13.170948
0.127891 9.542045
0.127891 14.583490
0.111905 13.571469
0.111905 14.672143
0.111905 10.186676
0.127891 12.860960
0.111905 11.553830
0.143878 11.971556
0.127891 12.597063
0.127891 14.102044
0.127891 16.249374
0.111905 15.084070
0.111905 8.833293
0.111905 9.252372
0.127891 14.712997
0.127891 13.594078
0.127891 15.265521
0.127891 12.908205
0.111905 13.631881
0.127891 16.854324
0.111905 15.286501
0.111905 15.629629
0.127891 11.566230
0.127891 9.873637
0.127891 8.818714
0.127891 11.891137
0.127891 8.883089
0.127891 12.409435
0.127891 9.553176
0.143878 9.250419
0.127891 8.267451
0.127891 12.497585
0.127891 8.593921
0.127891 9.078884
0.127891 12.845913
0.111905 10.643212
0.127891 13.091442
0.111905 10.562121
0.127891 12.372100
0.111905 8.666202
0.111905 12.957411
0.111905 10.226308
0.111905 12.579510
0.111905 11.427414
0.111905 9.299254
0.111905 11.224436
0.111905 12.735800
0.111905 11.313583
0.111905 13.135207
0.111905 12.595809
0.127891 12.151512
0.111905 11.034218
0.111905 8.558827
0.127891 8.961959
0.127891 12.025091
0.127891 11.034140
0.127891 7.890300
0.127891 11.308303
0.143878 18.589517
0.127891 11.028041
0.143878 18.980549
0.111905 7.435139
0.127891 12.208083
0.111905 4.275610
0.127891 6.257230
0.111905 6.446618
0.111905 7.034040
0.111905 3.617724
0.127891 7.045167
0.111905 3.507167
0.111905 7.489605
0.111905 6.977128
0.127891 7.604812
0.111905 8.259286
0.127891 5.629374
0.175850 5.215536
0.111905 5.617457
0.127891 7.692835
0.111905 3.403613
0.351701 1.799708
0.127891 4.083697
0.127891 2.611547
0.111905 7.228608
0.111905 8.627408
0.111905 5.651295
0.111905 7.479798
0.111905 6.093032
0.111905 3.173665
0.111905 4.632492
0.127891 5.389435
0.111905 4.028807
0.111905 9.275481
0.111905 5.957224
0.111905 4.468100
0.127891 7.163507
0.127891 4.265542
0.111905 6.277744
0.111905 7.028038
0.111905 1.326401
0.111905 4.153159
0.175850 3.666138
0.127891 9.213845
0.207823 3.087602
0.111905 2.896772
0.607483 2.292335
0.000000 0.000000
0.191837 5.246507
0.159864 8.457781
0.111905 5.349389
0.000000 0.000000
0.127891 5.540197
0.111905 3.899823
0.127891 4.880174
0.175850 5.066382
0.543537 3.133319
0.111905 3.603576
0.111905 2.494920
0.111905 4.032082
0.127891 5.585047
0.127891 3.059602
0.111905 4.366268
0.127891 3.918190
0.127891 1.669072
0.111905 1.595479
0.543537 4.079837
0.207823 2.032618
0.111905 2.124544
0.111905 3.473026
0.111905 4.739059
0.111905 6.420951
0.175850 4.638085
0.127891 3.240121
0.575510 1.504274
0.000000 0.000000
0.303741 0.460233
0.623469 2.880110
0.463605 4.165734
0.127891 2.571694
0.511565 2.324102
0.111905 0.818298
0.239796 1.869644
0.000000 0.000000
0.000000 0.000000
0.111905 1.735609
0.111905 1.573264
0.000000 0.000000
0.575510 1.343787
0.000000 0.000000
0.335714 1.029143
0.000000 0.000000
