30.000000 117.000000 0.015986
0.004262 0.006788 0.007796 0.007160 0.006109 0.005620 0.004805 0.003242 0.002479 0.002400 0.002888 0.002968 0.002664 0.002172 0.001663 0.001263 0.001029 0.000913 0.000841 0.000715 0.000547 0.000531 0.000640 0.000953 0.001259 0.001505 0.001675 0.001742 0.001658 0.001406 
15.876076 14.144750 13.470346 12.555897 10.267882 7.118368 5.724859 6.826917 7.003863 5.938485 3.620326 2.720157 2.310913 2.041534 1.749549 1.525722 1.706585 2.114232 2.910646 4.205662 6.842510 7.295489 6.249626 3.564358 2.507397 2.134785 2.097796 2.306185 2.712023 3.583580 
0.001355 0.001587 0.001467 0.001144 0.000956 0.000932 0.000912 0.000927 0.000971 0.001043 0.001089 0.001141 0.001157 0.001084 0.000969 0.000928 0.000978 0.001052 0.001041 0.001012 0.001003 0.000999 0.000958 0.000895 0.000870 0.000905 0.000980 0.001056 0.001057 0.000942 
54.210883 53.580375 53.994253 55.961025 58.765938 59.819956 59.127787 58.568476 58.848927 59.212077 58.729447 58.173645 57.992225 58.355102 59.142721 59.307011 58.605842 57.901302 58.389047 59.225746 59.386126 58.740749 58.595380 58.983695 58.815630 58.367491 58.329377 58.814970 58.695942 57.858088 
0.000525 0.000499 0.000363 0.000261 0.000260 0.000307 0.000303 0.000266 0.000249 0.000228 0.000199 0.000172 0.000143 0.000107 0.000099 0.000083 0.000066 0.000070 0.000092 0.000145 0.000176 0.000159 0.000128 0.000109 0.000108 0.000122 0.000152 0.000176 0.000150 0.000103 
82.465136 82.986693 83.169518 82.129855 80.913055 79.071057 78.187519 77.580856 77.214401 78.435289 81.318952 81.785779 81.314524 84.246741 86.659822 87.840809 88.018511 86.006808 85.010375 83.090053 83.212277 85.188727 86.028032 85.728120 84.014406 80.397237 77.854433 77.335263 79.446087 83.939947 
0.000409 0.000418 0.000338 0.000305 0.000350 0.000427 0.000482 0.000498 0.000462 0.000408 0.000415 0.000454 0.000502 0.000528 0.000547 0.000565 0.000578 0.000574 0.000533 0.000477 0.000442 0.000422 0.000376 0.000313 0.000260 0.000223 0.000176 0.000134 0.000132 0.000154 
113.488215 113.811128 114.710264 115.417328 115.346036 114.383569 113.795892 114.019806 115.286977 117.589699 118.842265 119.031502 118.524647 118.258701 118.346441 118.706889 118.671246 118.240891 118.193253 118.425225 118.447211 118.214235 118.474073 118.860962 118.571210 117.905158 118.265200 118.041861 116.647310 116.286104 
0.000263 0.000327 0.000327 0.000283 0.000239 0.000225 0.000233 0.000248 0.000259 0.000251 0.000211 0.000149 0.000098 0.000059 0.000043 0.000047 0.000067 0.000080 0.000082 0.000079 0.000070 0.000047 0.000032 0.000029 0.000032 0.000031 0.000036 0.000038 0.000034 0.000038 
158.772602 158.785873 158.941470 159.374632 159.721497 159.266842 158.265842 157.637464 157.597301 157.769609 157.564404 156.493536 155.728601 156.443944 159.885544 159.298903 158.122861 157.858491 156.981369 156.299753 156.670325 156.128696 155.763180 159.846152 162.348366 162.223535 160.323862 160.326997 161.499485 161.146447 
0.000168 0.000202 0.000230 0.000247 0.000249 0.000264 0.000305 0.000358 0.000398 0.000411 0.000393 0.000358 0.000328 0.000305 0.000281 0.000256 0.000235 0.000213 0.000198 0.000201 0.000214 0.000226 0.000235 0.000248 0.000262 0.000272 0.000276 0.000268 0.000243 0.000199 
236.389959 235.675485 236.543760 238.605689 240.653455 241.007421 239.670315 238.415095 237.912867 238.032924 238.570907 239.185766 239.468851 239.541668 239.779866 239.894834 239.724868 239.937583 240.776000 241.016567 240.504872 239.868360 239.585397 239.478417 239.516022 239.603040 239.608956 239.447214 239.010304 238.315214 
0.000720 0.000803 0.000702 0.000533 0.000386 0.000263 0.000167 0.000123 0.000117 0.000110 0.000086 0.000062 0.000056 0.000059 0.000059 0.000059 0.000062 0.000065 0.000068 0.000066 0.000063 0.000055 0.000048 0.000046 0.000050 0.000055 0.000055 0.000049 0.000044 0.000046 
280.777341 279.799871 278.652566 278.367381 279.493254 280.674432 280.985742 281.430746 282.313693 282.990976 282.977525 280.880877 278.193340 279.683580 283.012459 283.917268 282.896036 280.688957 277.310529 274.764490 275.503882 279.257447 283.524332 285.996525 287.376505 288.187783 289.128710 289.186101 287.158604 285.234567 
0.000449 0.000509 0.000520 0.000538 0.000566 0.000564 0.000547 0.000534 0.000523 0.000515 0.000516 0.000525 0.000534 0.000540 0.000538 0.000524 0.000511 0.000508 0.000515 0.000516 0.000515 0.000518 0.000523 0.000526 0.000531 0.000545 0.000565 0.000583 0.000576 0.000514 
362.452262 363.026931 362.782536 361.634128 360.396422 359.998466 360.146489 360.273203 360.203211 360.108971 360.094561 360.120200 360.141986 360.210658 360.284987 360.226827 360.236321 360.297867 360.335855 360.248577 360.292404 360.428792 360.440384 360.271149 360.020702 359.877415 359.895085 360.073686 360.281870 360.474221 
0.000624 0.000686 0.000574 0.000396 0.000265 0.000190 0.000145 0.000119 0.000096 0.000080 0.000069 0.000065 0.000069 0.000064 0.000056 0.000056 0.000066 0.000073 0.000069 0.000058 0.000058 0.000072 0.000078 0.000071 0.000059 0.000055 0.000061 0.000064 0.000059 0.000053 
430.427837 430.609074 430.916510 431.321446 431.062299 430.088528 430.533117 431.033627 429.206280 426.295953 424.754324 425.271864 426.959262 426.961512 425.052871 423.746923 425.085508 427.193515 429.530896 429.949704 425.449168 422.564656 422.921838 424.511560 425.105930 424.369511 423.858208 423.280589 423.207901 424.812238 
0.000637 0.000690 0.000639 0.000608 0.000595 0.000551 0.000499 0.000469 0.000459 0.000456 0.000463 0.000458 0.000437 0.000416 0.000417 0.000436 0.000449 0.000440 0.000419 0.000408 0.000413 0.000425 0.000433 0.000436 0.000438 0.000440 0.000435 0.000423 0.000399 0.000350 
469.930824 470.521824 472.739075 475.715073 477.345943 478.265227 479.110000 479.432415 479.376917 479.699647 479.912782 480.037862 479.991144 479.911704 479.960189 480.053363 480.106344 480.039404 479.930617 479.991959 480.244586 480.462488 480.474504 480.263381 479.993693 479.837092 479.841868 479.873509 479.802045 479.413827 
0.000655 0.000659 0.000520 0.000365 0.000265 0.000196 0.000149 0.000121 0.000103 0.000089 0.000075 0.000065 0.000060 0.000054 0.000044 0.000039 0.000039 0.000040 0.000043 0.000043 0.000038 0.000034 0.000034 0.000034 0.000032 0.000026 0.000022 0.000026 0.000035 0.000037 
556.269783 556.026977 555.894443 556.194972 556.497075 556.229876 555.863000 555.014159 553.729074 553.180834 553.801656 555.889699 558.286488 559.101844 557.309167 553.544011 552.125080 552.218517 552.066921 552.750887 554.310883 555.488152 555.615803 555.440140 554.958946 554.905731 553.787374 552.224435 550.354407 549.823741 
0.001133 0.001193 0.000938 0.000624 0.000465 0.000454 0.000452 0.000449 0.000444 0.000443 0.000447 0.000452 0.000452 0.000442 0.000432 0.000425 0.000416 0.000415 0.000425 0.000441 0.000445 0.000439 0.000436 0.000439 0.000443 0.000445 0.000446 0.000439 0.000416 0.000366 
607.397836 607.798563 607.995854 606.387267 603.281512 601.860316 601.308941 601.022865 600.830136 600.786847 600.918285 601.108198 601.121973 600.903398 600.774953 600.798955 600.655948 600.549439 600.633265 600.927106 600.937480 600.778001 600.703626 600.728390 600.711207 600.727389 600.806497 600.881508 601.091802 601.672516 
0.002505 0.002812 0.002282 0.001327 0.000573 0.000276 0.000179 0.000139 0.000117 0.000095 0.000072 0.000056 0.000047 0.000043 0.000045 0.000048 0.000049 0.000046 0.000044 0.000042 0.000038 0.000034 0.000032 0.000031 0.000032 0.000033 0.000033 0.000031 0.000031 0.000036 
640.094492 640.033062 639.814308 639.237367 638.146247 638.850384 639.516984 638.641483 638.071834 638.001336 638.581756 639.740718 640.852939 640.589300 638.467599 637.017982 636.959398 636.785786 635.715832 635.526393 637.118611 639.960412 642.488243 642.496646 640.009241 638.025019 636.024075 633.816272 633.758022 635.290148 
0.002822 0.003206 0.002682 0.001673 0.000843 0.000452 0.000293 0.000205 0.000155 0.000126 0.000102 0.000082 0.000068 0.000063 0.000060 0.000054 0.000051 0.000049 0.000047 0.000047 0.000046 0.000050 0.000060 0.000071 0.000070 0.000061 0.000047 0.000039 0.000045 0.000050 
662.673890 662.549400 662.899343 664.306107 667.417727 669.631116 668.885767 667.367835 666.953647 666.909258 666.068995 664.974454 664.445220 664.807423 665.063279 664.630044 663.617949 663.077099 664.020082 665.593587 665.760366 664.542410 662.978686 662.925604 664.806917 668.273216 670.293658 670.599290 671.973171 672.314282 
0.001638 0.001940 0.001761 0.001286 0.000816 0.000512 0.000339 0.000214 0.000140 0.000106 0.000081 0.000068 0.000058 0.000048 0.000040 0.000038 0.000048 0.000049 0.000038 0.000035 0.000038 0.000040 0.000040 0.000038 0.000039 0.000041 0.000046 0.000045 0.000066 0.000096 
700.291791 701.488419 702.302937 702.165805 700.808557 699.933623 700.542589 700.286698 698.758439 698.408942 696.901035 696.890744 697.831989 697.372947 696.199290 696.504561 699.750366 698.992066 693.726494 692.210764 695.919444 698.451762 697.374981 693.006390 691.688035 695.648575 702.161352 699.452759 699.489687 702.624432 
0.001553 0.001741 0.001435 0.000982 0.000689 0.000551 0.000490 0.000491 0.000477 0.000456 0.000446 0.000443 0.000431 0.000414 0.000406 0.000408 0.000414 0.000419 0.000424 0.000430 0.000429 0.000419 0.000405 0.000395 0.000397 0.000408 0.000416 0.000418 0.000409 0.000376 
723.537170 723.949078 724.895197 725.993173 725.624356 723.562871 721.545141 720.396181 720.252842 720.371490 720.669567 720.865557 720.683807 720.329321 720.194885 720.208198 720.146827 720.087922 720.196327 720.413010 720.518083 720.524398 720.535561 720.590418 720.574429 720.470690 720.204429 720.124896 720.318181 720.973291 
0.001169 0.001224 0.000934 0.000551 0.000338 0.000251 0.000186 0.000141 0.000108 0.000082 0.000061 0.000046 0.000035 0.000028 0.000023 0.000019 0.000017 0.000018 0.000019 0.000020 0.000020 0.000018 0.000012 0.000012 0.000019 0.000024 0.000026 0.000021 0.000013 0.000023 
749.566406 749.634862 749.836764 750.159291 749.978487 749.597604 749.654900 749.823572 749.933207 749.917248 749.867072 749.901331 749.952472 750.022309 749.859243 749.056570 748.697290 749.655397 750.732986 751.142595 751.001023 750.995274 751.107040 749.934523 750.032239 750.749015 751.239071 751.311477 750.114379 748.756411 
0.003270 0.003397 0.002656 0.001646 0.000958 0.000642 0.000466 0.000359 0.000279 0.000219 0.000180 0.000158 0.000142 0.000126 0.000112 0.000096 0.000081 0.000078 0.000081 0.000077 0.000072 0.000074 0.000075 0.000070 0.000067 0.000067 0.000068 0.000066 0.000060 0.000053 
792.195988 792.350712 791.674605 789.517818 786.952001 786.745216 786.673886 786.372939 786.326976 786.037120 785.808401 785.609060 785.631682 785.792914 785.049126 783.978179 784.435156 785.635301 785.983189 786.068138 786.274674 786.318486 785.608038 783.816637 782.080248 782.611151 784.230161 785.054073 784.595947 782.912049 
0.010343 0.010454 0.007590 0.003926 0.001762 0.001166 0.000906 0.000678 0.000521 0.000445 0.000406 0.000387 0.000390 0.000400 0.000401 0.000387 0.000376 0.000378 0.000380 0.000366 0.000349 0.000342 0.000346 0.000354 0.000362 0.000364 0.000361 0.000360 0.000359 0.000344 
842.665751 842.777004 842.981828 843.279846 842.711755 841.402000 841.350527 840.753264 840.167820 840.384873 840.610432 840.358011 840.181606 840.382343 840.535559 840.405605 840.156589 840.072975 840.228602 840.413405 840.806566 841.108419 840.955900 840.344212 839.972702 840.029742 840.314140 840.526153 840.764215 841.373029 
0.034918 0.036026 0.026131 0.012740 0.004502 0.002195 0.001296 0.000884 0.000660 0.000496 0.000379 0.000295 0.000229 0.000173 0.000131 0.000103 0.000081 0.000066 0.000056 0.000053 0.000055 0.000054 0.000050 0.000049 0.000052 0.000054 0.000050 0.000044 0.000057 0.000092 
880.369536 880.796041 881.084346 880.873412 878.990384 877.333413 876.330347 874.965564 875.264049 875.519713 875.759417 876.047771 876.046954 875.697673 875.356870 874.875511 874.018398 872.596636 870.995802 870.084942 869.285339 869.124185 871.574623 875.088757 875.765816 874.772364 873.335348 871.808916 867.556018 865.260912 
0.202189 0.293717 0.333626 0.311384 0.252250 0.189602 0.139481 0.103073 0.077181 0.058358 0.044184 0.033305 0.025002 0.018727 0.014054 0.010591 0.008001 0.006015 0.004500 0.003371 0.002528 0.001892 0.001419 0.001080 0.000826 0.000626 0.000472 0.000361 0.000268 0.000181 
914.541377 914.783021 915.183310 915.640119 916.045218 916.292495 916.428403 916.517759 916.590915 916.636156 916.631174 916.624945 916.656534 916.729480 916.780842 916.786971 916.757743 916.780888 916.868394 916.908894 916.865118 916.840564 916.952800 917.004914 916.838887 916.775690 917.092171 917.379543 917.319206 918.133165 
0.018438 0.020912 0.017982 0.011876 0.005985 0.002346 0.001006 0.000651 0.000437 0.000410 0.000412 0.000390 0.000359 0.000353 0.000349 0.000322 0.000298 0.000305 0.000319 0.000320 0.000317 0.000320 0.000321 0.000316 0.000319 0.000333 0.000344 0.000343 0.000333 0.000305 
959.419573 959.576598 959.686408 959.598101 958.935565 957.357614 957.634775 959.792913 960.481544 960.430665 960.273614 960.152388 959.971096 960.193699 960.451861 960.280934 960.003810 960.170683 960.355441 960.304463 960.291950 960.389291 960.330264 960.156651 960.180413 960.337192 960.350443 960.264505 960.224943 960.210804 
0.016028 0.017290 0.013858 0.008661 0.004939 0.003046 0.002284 0.001853 0.001546 0.001359 0.001264 0.001101 0.000973 0.000913 0.000877 0.000744 0.000638 0.000575 0.000524 0.000415 0.000360 0.000369 0.000342 0.000272 0.000255 0.000283 0.000250 0.000185 0.000173 0.000221 
972.810211 972.070458 971.306476 970.906600 972.233902 974.658013 975.910256 976.587635 977.336187 977.175754 976.393992 976.830103 977.306866 976.916451 976.099305 976.955026 977.212104 976.515264 975.738911 977.290393 977.554845 975.299011 974.952302 977.209704 977.015327 974.150536 973.934671 975.775727 974.306694 971.369221 
0.002904 0.003111 0.002409 0.001348 0.000689 0.000475 0.000318 0.000235 0.000193 0.000151 0.000123 0.000096 0.000078 0.000067 0.000053 0.000054 0.000045 0.000054 0.000054 0.000050 0.000046 0.000043 0.000046 0.000048 0.000053 0.000050 0.000042 0.000032 0.000041 0.000082 
1024.321435 1024.610666 1025.280828 1026.772164 1027.472251 1025.083736 1024.008122 1024.346197 1025.114396 1025.661512 1025.721322 1025.340536 1025.137493 1025.401532 1025.998097 1025.874572 1025.300550 1025.455123 1025.439104 1025.559677 1025.650050 1025.377228 1025.219114 1025.396686 1025.756572 1025.901564 1025.673815 1023.640870 1022.603530 1024.919714 
0.010195 0.014759 0.017597 0.018352 0.017737 0.016796 0.015875 0.015013 0.014158 0.013293 0.012434 0.011592 0.010752 0.009910 0.009097 0.008369 0.007764 0.007286 0.006902 0.006569 0.006230 0.005858 0.005456 0.005036 0.004603 0.004177 0.003792 0.003482 0.003217 0.002917 
1078.473630 1075.924299 1074.385065 1074.104061 1074.478378 1074.756851 1074.921905 1075.040563 1075.146852 1075.232943 1075.293002 1075.300343 1075.245557 1075.152820 1075.058483 1075.027035 1075.063775 1075.132418 1075.210770 1075.297923 1075.398061 1075.485112 1075.503811 1075.448812 1075.354800 1075.212191 1075.041560 1074.970338 1075.103084 1075.786327 
0.013728 0.019284 0.022337 0.022822 0.021964 0.020561 0.019093 0.017748 0.016577 0.015541 0.014511 0.013419 0.012306 0.011284 0.010428 0.009749 0.009143 0.008502 0.007834 0.007236 0.006738 0.006317 0.005909 0.005497 0.005106 0.004756 0.004442 0.004152 0.003830 0.003394 
1157.312272 1156.376099 1155.531716 1155.027556 1154.936380 1155.017095 1155.201856 1155.341587 1155.374984 1155.313040 1155.299613 1155.404829 1155.598637 1155.708888 1155.707133 1155.652633 1155.633454 1155.709218 1155.813254 1155.861169 1155.867627 1155.840766 1155.828366 1155.866830 1155.944659 1155.993989 1155.974831 1155.941230 1155.863023 1155.647549 
0.002249 0.002106 0.001445 0.000861 0.000531 0.000412 0.000349 0.000337 0.000318 0.000305 0.000302 0.000297 0.000285 0.000266 0.000243 0.000220 0.000206 0.000204 0.000210 0.000219 0.000228 0.000238 0.000252 0.000268 0.000279 0.000281 0.000279 0.000284 0.000297 0.000301 
1199.733831 1200.297319 1201.237810 1201.306448 1199.656555 1198.113605 1198.096600 1199.318895 1199.931670 1199.986217 1199.780087 1199.702417 1199.806713 1199.987929 1200.226254 1200.499708 1200.629843 1200.518639 1200.317379 1200.223078 1200.303503 1200.428554 1200.399026 1200.206048 1199.997423 1199.873181 1199.814774 1199.628526 1199.175525 1198.699510 
0.003891 0.004192 0.003383 0.002056 0.000975 0.000469 0.000277 0.000210 0.000175 0.000148 0.000125 0.000119 0.000122 0.000118 0.000109 0.000102 0.000093 0.000082 0.000078 0.000085 0.000091 0.000094 0.000105 0.000117 0.000107 0.000082 0.000074 0.000082 0.000079 0.000093 
1215.397691 1214.931834 1214.496700 1214.390004 1215.583169 1216.464456 1215.122856 1214.155417 1214.399219 1214.120376 1214.242872 1213.159346 1211.738043 1211.376236 1211.627941 1211.484327 1211.009805 1211.228074 1211.879763 1211.482675 1211.012398 1210.690778 1209.866167 1209.169711 1208.811489 1208.882736 1209.942067 1210.990762 1213.156423 1215.332374 
0.003058 0.003286 0.002746 0.001859 0.001074 0.000541 0.000265 0.000171 0.000143 0.000124 0.000103 0.000088 0.000076 0.000064 0.000055 0.000053 0.000054 0.000055 0.000060 0.000063 0.000060 0.000056 0.000056 0.000058 0.000059 0.000059 0.000056 0.000053 0.000057 0.000077 
1261.571913 1262.156870 1262.066919 1261.028172 1259.376004 1258.483947 1258.203786 1258.116103 1257.905480 1258.026807 1258.574137 1258.397388 1257.202635 1256.602526 1258.114009 1260.667682 1261.519211 1261.078221 1260.904333 1260.717737 1260.024204 1259.608709 1260.495439 1261.530616 1260.298701 1257.894061 1257.195407 1257.561196 1259.266455 1260.128054 
0.003144 0.003411 0.002800 0.001750 0.000903 0.000426 0.000272 0.000233 0.000221 0.000219 0.000216 0.000206 0.000196 0.000195 0.000200 0.000204 0.000207 0.000210 0.000212 0.000212 0.000212 0.000213 0.000214 0.000215 0.000212 0.000204 0.000196 0.000194 0.000195 0.000192 
1313.246164 1313.668068 1313.019263 1310.892465 1308.351288 1309.570499 1314.964306 1316.658201 1317.532180 1318.212889 1318.681908 1319.372952 1320.039276 1320.189814 1319.686367 1319.344926 1319.385777 1319.543302 1319.688497 1319.645391 1319.589062 1319.721915 1319.947293 1319.779542 1319.366751 1319.100495 1319.019706 1319.337714 1319.281119 1317.930081 
0.002140 0.002220 0.001831 0.001212 0.000671 0.000290 0.000130 0.000094 0.000078 0.000063 0.000055 0.000055 0.000055 0.000050 0.000041 0.000036 0.000036 0.000038 0.000038 0.000032 0.000023 0.000018 0.000017 0.000019 0.000027 0.000037 0.000044 0.000043 0.000037 0.000031 
1358.424534 1359.888109 1360.382210 1359.653818 1356.607728 1353.417845 1353.542501 1354.634100 1354.437587 1354.804801 1355.775001 1356.741302 1357.177931 1356.601316 1355.699666 1356.647069 1357.776305 1357.033401 1356.335055 1355.906816 1354.455381 1352.412890 1352.419428 1354.399300 1356.762711 1357.277448 1356.398885 1354.534644 1352.292358 1352.369031 
0.001984 0.002055 0.001708 0.001187 0.000689 0.000317 0.000165 0.000123 0.000088 0.000068 0.000062 0.000063 0.000070 0.000070 0.000061 0.000052 0.000050 0.000046 0.000051 0.000058 0.000057 0.000058 0.000063 0.000056 0.000046 0.000039 0.000036 0.000036 0.000045 0.000062 
1416.258769 1415.393827 1414.137305 1412.940758 1412.613223 1411.793288 1412.981626 1416.744879 1415.626561 1412.356731 1411.555142 1412.683109 1415.058149 1414.303769 1411.877360 1412.299038 1415.683229 1411.215685 1407.545510 1408.086293 1407.717278 1411.103853 1414.828732 1412.321097 1409.901658 1411.434599 1413.144275 1409.746858 1414.157723 1420.756034 
0.001348 0.001357 0.001075 0.000757 0.000535 0.000378 0.000292 0.000253 0.000231 0.000210 0.000198 0.000195 0.000192 0.000187 0.000183 0.000181 0.000183 0.000189 0.000200 0.000213 0.000223 0.000225 0.000221 0.000214 0.000210 0.000210 0.000209 0.000205 0.000196 0.000176 
1442.171128 1442.663875 1443.021242 1442.577097 1441.819114 1442.126741 1441.972273 1441.257442 1440.577284 1440.410153 1440.512793 1440.706038 1440.785885 1440.971553 1441.183035 1441.035331 1440.701023 1440.627848 1440.804293 1440.992760 1441.006446 1440.777807 1440.490569 1440.442387 1440.662754 1440.877636 1440.902051 1440.812982 1440.785454 1440.856679 
0.002074 0.002019 0.001396 0.000699 0.000331 0.000197 0.000131 0.000116 0.000107 0.000091 0.000078 0.000073 0.000071 0.000065 0.000056 0.000044 0.000037 0.000032 0.000029 0.000036 0.000041 0.000036 0.000034 0.000037 0.000037 0.000033 0.000031 0.000034 0.000043 0.000055 
1468.624636 1468.869271 1469.208750 1469.439726 1469.550742 1470.106726 1470.808016 1469.674975 1469.144867 1468.835024 1468.478349 1468.428050 1468.714836 1466.249690 1462.776954 1462.189747 1463.979102 1465.205893 1469.433476 1470.770413 1469.500814 1466.986336 1462.164709 1461.034416 1462.972338 1465.435275 1468.398396 1472.875493 1471.606215 1466.699830 
0.001301 0.001296 0.000946 0.000505 0.000217 0.000121 0.000097 0.000079 0.000071 0.000067 0.000059 0.000047 0.000040 0.000042 0.000044 0.000039 0.000033 0.000030 0.000026 0.000023 0.000025 0.000025 0.000030 0.000037 0.000040 0.000033 0.000025 0.000023 0.000027 0.000028 
1508.659278 1508.411906 1508.443606 1509.320524 1511.489628 1511.244820 1510.871297 1511.443499 1511.508616 1511.114220 1510.594022 1510.488381 1511.096732 1511.119789 1509.885644 1507.618338 1505.937084 1506.597387 1507.017990 1507.086337 1508.564484 1511.893207 1513.110664 1512.436379 1511.665465 1511.991092 1512.159288 1510.458911 1509.406268 1509.786908 
0.002708 0.002798 0.002126 0.001207 0.000610 0.000364 0.000253 0.000216 0.000192 0.000175 0.000163 0.000155 0.000152 0.000164 0.000186 0.000199 0.000197 0.000190 0.000180 0.000172 0.000164 0.000161 0.000156 0.000145 0.000141 0.000147 0.000156 0.000162 0.000162 0.000149 
1557.004296 1557.878391 1558.516080 1558.230868 1555.896067 1557.577423 1561.933674 1562.706042 1562.089027 1562.015775 1562.204716 1562.719075 1562.581235 1561.801931 1561.186426 1560.735977 1561.188907 1562.170170 1562.082784 1560.503162 1559.285848 1559.348255 1559.867019 1560.808886 1561.366427 1560.996568 1560.439869 1560.840891 1561.655217 1561.912660 
0.002769 0.003074 0.002570 0.001682 0.000919 0.000470 0.000282 0.000223 0.000209 0.000194 0.000185 0.000183 0.000180 0.000171 0.000162 0.000157 0.000153 0.000154 0.000162 0.000168 0.000167 0.000165 0.000164 0.000159 0.000156 0.000162 0.000164 0.000160 0.000154 0.000145 
1662.229704 1663.531541 1664.679361 1665.530471 1664.902109 1663.214092 1664.438866 1668.654005 1672.882694 1674.415678 1673.624870 1672.555522 1672.660113 1673.918550 1675.060438 1675.045304 1675.242803 1676.506631 1677.582608 1677.675636 1677.605315 1677.785533 1678.130147 1678.011174 1675.989958 1673.380234 1671.913509 1672.030585 1672.695412 1673.712239 
0.000714 0.000866 0.000817 0.000613 0.000396 0.000269 0.000191 0.000145 0.000113 0.000088 0.000073 0.000067 0.000064 0.000063 0.000066 0.000062 0.000047 0.000031 0.000030 0.000035 0.000038 0.000038 0.000038 0.000039 0.000039 0.000040 0.000038 0.000039 0.000042 0.000044 
1725.035441 1722.691678 1721.134186 1721.459706 1724.155878 1725.067478 1723.520078 1722.717148 1723.082853 1723.154314 1722.799262 1723.721499 1724.617429 1723.588552 1722.123147 1722.178673 1722.259109 1721.269570 1721.723527 1723.279668 1723.615058 1723.686709 1722.901031 1721.113853 1719.815780 1720.178807 1722.002825 1725.056146 1726.658602 1725.770317 
0.002160 0.002245 0.001691 0.000921 0.000384 0.000186 0.000144 0.000101 0.000093 0.000062 0.000050 0.000052 0.000056 0.000066 0.000070 0.000069 0.000059 0.000050 0.000055 0.000068 0.000078 0.000078 0.000066 0.000051 0.000043 0.000044 0.000052 0.000061 0.000062 0.000053 
1762.793132 1762.796815 1762.125090 1760.016752 1755.251541 1754.080076 1759.786022 1754.000156 1760.312720 1756.478119 1758.245667 1757.683587 1753.684416 1755.296407 1754.891012 1756.205421 1757.191851 1756.112318 1753.606288 1753.321189 1753.904972 1754.020195 1753.220534 1752.358752 1755.549299 1760.534357 1760.140559 1757.561118 1757.316801 1758.273267 
0.001249 0.001264 0.000943 0.000530 0.000256 0.000149 0.000100 0.000086 0.000088 0.000104 0.000117 0.000126 0.000133 0.000139 0.000138 0.000127 0.000118 0.000115 0.000118 0.000121 0.000121 0.000117 0.000114 0.000117 0.000125 0.000134 0.000142 0.000140 0.000125 0.000098 
1798.302219 1797.899232 1797.530253 1797.816623 1800.461219 1801.693265 1799.932672 1799.494272 1799.641554 1800.505093 1801.113283 1801.327443 1801.196031 1800.874611 1800.706110 1800.765220 1800.941371 1800.997947 1800.869983 1800.651299 1800.614826 1800.963996 1801.358793 1801.579568 1801.532284 1801.194889 1800.579838 1800.019100 1799.623777 1799.356075 
0.001492 0.001469 0.001047 0.000559 0.000267 0.000162 0.000101 0.000071 0.000054 0.000046 0.000043 0.000044 0.000046 0.000047 0.000047 0.000043 0.000040 0.000038 0.000034 0.000030 0.000033 0.000038 0.000037 0.000034 0.000034 0.000035 0.000034 0.000033 0.000032 0.000029 
1839.658547 1840.317180 1841.236275 1841.492216 1838.884120 1835.377261 1836.379258 1838.785986 1839.706993 1838.141707 1835.364155 1833.487067 1833.671926 1835.926433 1837.291390 1836.727977 1837.172524 1838.276233 1836.606079 1835.005863 1838.040703 1839.668087 1838.380848 1835.441038 1836.339878 1840.371443 1841.982502 1841.179950 1840.980533 1841.735736 
0.001587 0.001550 0.001101 0.000575 0.000267 0.000170 0.000126 0.000094 0.000075 0.000065 0.000057 0.000055 0.000055 0.000054 0.000053 0.000054 0.000055 0.000062 0.000078 0.000086 0.000074 0.000052 0.000046 0.000051 0.000057 0.000059 0.000056 0.000048 0.000040 0.000037 
1883.603564 1883.890202 1884.773226 1886.896321 1888.500503 1884.978419 1883.598667 1883.278356 1885.681601 1888.196384 1885.692288 1878.443481 1875.153636 1875.861532 1878.198302 1880.977904 1884.226230 1887.233928 1886.690166 1885.159942 1884.736021 1886.346005 1887.931997 1887.237859 1884.223085 1882.064136 1881.438643 1883.504366 1888.770483 1893.305651 
0.001613 0.001596 0.001170 0.000655 0.000327 0.000212 0.000204 0.000199 0.000181 0.000152 0.000131 0.000129 0.000129 0.000124 0.000123 0.000129 0.000132 0.000133 0.000131 0.000129 0.000124 0.000118 0.000116 0.000119 0.000118 0.000113 0.000106 0.000098 0.000089 0.000080 
1934.231480 1934.209479 1934.138717 1934.050560 1933.082027 1928.504520 1926.417821 1927.176685 1929.476774 1930.307957 1928.034990 1925.982050 1924.563471 1923.433231 1923.523472 1924.009142 1923.431207 1922.287786 1921.798852 1921.995608 1922.159535 1922.781132 1923.245624 1922.740070 1921.611443 1921.206524 1921.444980 1921.928246 1922.476204 1923.587062 
0.002760 0.002816 0.002094 0.001118 0.000453 0.000231 0.000164 0.000139 0.000119 0.000109 0.000103 0.000088 0.000072 0.000070 0.000077 0.000078 0.000075 0.000077 0.000079 0.000078 0.000073 0.000068 0.000065 0.000063 0.000064 0.000065 0.000060 0.000052 0.000044 0.000037 
1987.564208 1987.935048 1988.151629 1987.843578 1984.964812 1979.157903 1976.468625 1975.867046 1979.936340 1986.280139 1987.743240 1985.466780 1982.104174 1980.012574 1981.219068 1984.107718 1987.058168 1987.775035 1986.916786 1985.851717 1985.664433 1985.623039 1983.273759 1980.423054 1980.572344 1982.109094 1983.777411 1985.363289 1986.839363 1987.609265 
0.002603 0.002764 0.002231 0.001413 0.000760 0.000428 0.000297 0.000229 0.000197 0.000176 0.000151 0.000121 0.000101 0.000092 0.000101 0.000115 0.000119 0.000113 0.000107 0.000108 0.000110 0.000105 0.000099 0.000106 0.000118 0.000119 0.000113 0.000107 0.000097 0.000078 
2040.107815 2042.060733 2044.951257 2048.627961 2050.222449 2047.614375 2043.752812 2041.411812 2040.370536 2040.319752 2041.834528 2044.198426 2044.287179 2042.484801 2039.648131 2037.824915 2038.285315 2040.989655 2042.553214 2042.575049 2042.717426 2043.110295 2041.215975 2039.652729 2039.964940 2040.383440 2038.921342 2037.406111 2038.458795 2041.446167 
0.002306 0.002515 0.002102 0.001377 0.000728 0.000348 0.000206 0.000156 0.000133 0.000123 0.000108 0.000084 0.000070 0.000065 0.000066 0.000074 0.000081 0.000077 0.000071 0.000067 0.000062 0.000059 0.000060 0.000062 0.000063 0.000063 0.000062 0.000064 0.000065 0.000061 
2095.479581 2095.411559 2095.607070 2096.946692 2100.591205 2102.154854 2096.063507 2090.146043 2088.881065 2089.224272 2090.970616 2095.396749 2099.910520 2097.960794 2091.808138 2091.859078 2095.197224 2095.244845 2090.692956 2086.350540 2084.603036 2086.957638 2091.529292 2096.354911 2096.943521 2096.138925 2097.597312 2100.582027 2101.754698 2100.180452 
0.000811 0.000815 0.000720 0.000590 0.000386 0.000182 0.000083 0.000062 0.000062 0.000052 0.000046 0.000051 0.000056 0.000055 0.000051 0.000045 0.000032 0.000021 0.000022 0.000033 0.000041 0.000047 0.000052 0.000052 0.000045 0.000034 0.000025 0.000022 0.000024 0.000026 
2128.939501 2129.689602 2129.192105 2126.961215 2125.209322 2125.277867 2128.407344 2128.039941 2126.866178 2126.988865 2126.846693 2126.150139 2125.636978 2125.152026 2125.308543 2126.093855 2126.370957 2126.142346 2127.887711 2128.547105 2128.597456 2128.273542 2127.199674 2125.903250 2125.101321 2125.379139 2126.002512 2124.410276 2123.629745 2124.298037 
0.002015 0.002215 0.001831 0.001159 0.000582 0.000295 0.000192 0.000154 0.000145 0.000113 0.000084 0.000078 0.000092 0.000097 0.000094 0.000092 0.000090 0.000080 0.000079 0.000087 0.000095 0.000096 0.000091 0.000084 0.000078 0.000074 0.000073 0.000080 0.000086 0.000082 
2160.341645 2159.798069 2159.581102 2160.419942 2163.621291 2166.299498 2165.996614 2164.091568 2162.916425 2162.807010 2162.319812 2161.813851 2159.908346 2158.755334 2159.534604 2162.671755 2164.435901 2163.679107 2160.496752 2159.836184 2160.601490 2161.108786 2161.076466 2160.678128 2160.398083 2160.903520 2162.383617 2162.973916 2162.233823 2161.583215 
0.001880 0.001998 0.001556 0.000884 0.000435 0.000259 0.000218 0.000158 0.000096 0.000067 0.000071 0.000060 0.000043 0.000043 0.000058 0.000064 0.000056 0.000045 0.000043 0.000040 0.000036 0.000039 0.000046 0.000053 0.000057 0.000058 0.000061 0.000062 0.000057 0.000047 
2208.443721 2209.545202 2210.601185 2211.239150 2212.538435 2214.621850 2216.831597 2214.786257 2209.218977 2204.203454 2207.861140 2206.116369 2202.264420 2207.994453 2213.707539 2213.122252 2210.920169 2209.635908 2210.185604 2208.224021 2203.751663 2201.959767 2203.120271 2204.285606 2204.601881 2206.622351 2211.100902 2214.055510 2214.502213 2212.961529 
0.000659 0.000779 0.000745 0.000588 0.000455 0.000403 0.000410 0.000389 0.000337 0.000280 0.000242 0.000222 0.000207 0.000187 0.000157 0.000121 0.000092 0.000074 0.000063 0.000053 0.000048 0.000048 0.000055 0.000060 0.000058 0.000049 0.000042 0.000043 0.000040 0.000028 
2228.828257 2229.005962 2229.819626 2231.091734 2231.468294 2230.862808 2230.322994 2230.476662 2230.657171 2230.640543 2230.782886 2231.367747 2231.844329 2231.711845 2231.059797 2230.283823 2229.929069 2230.173561 2230.909841 2232.097000 2232.961282 2233.095819 2232.589968 2232.354535 2232.113191 2231.437535 2230.281773 2230.061481 2230.534931 2231.292131 
0.000723 0.000940 0.000959 0.000743 0.000418 0.000171 0.000093 0.000080 0.000072 0.000067 0.000062 0.000054 0.000048 0.000050 0.000051 0.000049 0.000046 0.000038 0.000029 0.000029 0.000030 0.000031 0.000034 0.000041 0.000053 0.000058 0.000050 0.000035 0.000029 0.000030 
2259.026915 2260.160929 2260.963795 2261.720622 2262.385181 2260.390659 2256.763213 2257.805261 2257.748290 2257.856654 2256.946165 2255.498698 2254.590395 2254.449488 2255.095670 2256.497811 2257.343257 2256.254269 2254.436904 2255.625881 2257.107041 2259.451172 2263.417597 2261.860344 2258.752531 2258.398887 2258.465299 2257.613462 2259.329543 2262.664581 
0.002202 0.002631 0.002567 0.002162 0.001701 0.001370 0.001179 0.001055 0.000929 0.000805 0.000684 0.000570 0.000475 0.000400 0.000341 0.000292 0.000251 0.000212 0.000181 0.000157 0.000140 0.000125 0.000106 0.000090 0.000088 0.000098 0.000101 0.000089 0.000070 0.000055 
2305.105974 2304.880012 2306.067373 2308.372240 2309.768321 2309.963676 2310.110811 2310.547017 2310.803848 2310.903149 2310.938764 2310.965245 2310.836833 2310.597702 2310.569366 2310.963818 2311.290993 2310.916383 2310.516741 2310.398064 2310.210021 2308.737255 2306.770741 2306.082519 2305.831245 2305.242103 2304.851458 2304.411979 2301.768511 2297.272090 
0.015073 0.019648 0.020229 0.017304 0.013068 0.009292 0.006486 0.004547 0.003188 0.002219 0.001526 0.001025 0.000687 0.000469 0.000322 0.000214 0.000134 0.000091 0.000076 0.000072 0.000071 0.000071 0.000077 0.000083 0.000078 0.000068 0.000064 0.000066 0.000064 0.000056 
2364.024663 2363.751402 2363.602465 2363.565404 2363.557389 2363.607108 2363.709448 2363.848401 2363.907773 2363.736560 2363.482371 2363.515364 2363.518989 2363.242153 2362.962228 2362.290579 2360.607368 2361.491698 2365.668483 2369.586584 2369.726403 2364.903407 2363.319712 2364.250199 2363.819122 2360.656484 2357.466747 2355.410214 2355.794507 2358.864438 
0.003070 0.002991 0.002091 0.001027 0.000405 0.000194 0.000133 0.000113 0.000102 0.000090 0.000081 0.000074 0.000064 0.000055 0.000053 0.000055 0.000053 0.000049 0.000050 0.000054 0.000054 0.000057 0.000064 0.000070 0.000069 0.000061 0.000050 0.000047 0.000056 0.000062 
2414.135546 2414.188298 2414.502356 2415.769625 2418.601637 2418.854279 2415.494636 2413.150402 2412.092443 2411.481503 2410.462973 2410.080419 2411.225693 2413.319225 2413.926456 2413.449562 2412.741353 2410.866313 2408.525824 2407.679865 2406.814251 2406.091597 2405.932222 2406.608945 2408.268469 2410.822564 2412.868637 2411.538078 2408.980906 2408.803091 
0.002699 0.002735 0.001981 0.000991 0.000363 0.000189 0.000133 0.000106 0.000084 0.000067 0.000060 0.000055 0.000051 0.000047 0.000041 0.000043 0.000048 0.000050 0.000045 0.000036 0.000031 0.000033 0.000038 0.000039 0.000033 0.000028 0.000032 0.000038 0.000038 0.000030 
2477.209880 2476.947844 2476.459104 2475.365833 2473.769809 2476.362455 2477.576380 2477.853258 2478.113189 2478.492659 2478.971093 2479.307695 2478.717758 2477.205375 2474.669359 2473.758745 2476.024564 2478.258141 2479.163647 2479.103974 2479.348479 2478.925815 2477.996928 2477.799129 2478.034077 2476.898512 2474.687878 2474.203060 2474.552238 2475.054514 
0.004059 0.005688 0.005979 0.004837 0.003117 0.001717 0.000872 0.000471 0.000293 0.000223 0.000185 0.000146 0.000119 0.000109 0.000116 0.000112 0.000103 0.000094 0.000084 0.000085 0.000099 0.000109 0.000098 0.000083 0.000080 0.000086 0.000091 0.000094 0.000094 0.000081 
2521.950153 2524.429095 2525.681792 2525.960227 2525.358628 2525.127133 2525.982925 2525.731862 2525.564265 2525.541094 2524.370137 2523.430807 2521.470672 2521.505085 2520.369383 2520.436993 2521.499518 2522.449396 2522.180984 2521.461423 2520.970125 2520.843127 2521.013980 2521.715273 2521.778038 2520.293020 2519.119233 2518.969267 2519.856139 2520.549335 
0.004138 0.004104 0.002865 0.001344 0.000493 0.000331 0.000242 0.000188 0.000154 0.000129 0.000110 0.000091 0.000071 0.000056 0.000047 0.000042 0.000044 0.000050 0.000052 0.000047 0.000046 0.000047 0.000040 0.000030 0.000025 0.000023 0.000019 0.000021 0.000027 0.000026 
2565.645494 2565.450054 2565.308808 2565.560114 2567.600434 2567.112331 2566.607361 2566.146949 2565.526747 2565.079380 2565.103438 2565.696546 2566.364935 2566.392420 2565.913108 2566.528254 2568.385189 2569.107909 2568.876452 2567.931900 2566.146174 2565.093946 2564.866403 2566.131868 2568.187985 2567.702710 2564.490752 2562.421995 2563.314762 2563.539658 
0.009543 0.009443 0.006557 0.003003 0.000920 0.000564 0.000438 0.000351 0.000285 0.000235 0.000195 0.000164 0.000138 0.000113 0.000091 0.000080 0.000079 0.000081 0.000082 0.000080 0.000071 0.000057 0.000045 0.000045 0.000050 0.000050 0.000043 0.000037 0.000032 0.000029 
2595.485156 2595.784395 2596.168931 2596.702223 2595.102721 2592.347183 2593.519891 2594.177248 2593.862356 2593.365220 2593.127153 2593.124821 2593.122172 2592.851317 2592.299073 2590.653915 2587.503487 2585.087419 2585.345349 2587.324152 2588.198297 2586.404016 2584.708959 2587.399300 2588.486856 2587.750376 2587.279424 2587.648593 2588.899678 2591.713215 
0.061892 0.090829 0.104905 0.101399 0.087837 0.072303 0.058601 0.047529 0.038712 0.031558 0.025640 0.020751 0.016780 0.013580 0.010977 0.008823 0.007051 0.005636 0.004526 0.003649 0.002942 0.002363 0.001893 0.001518 0.001220 0.000976 0.000783 0.000644 0.000541 0.000447 
2640.921010 2641.333458 2641.634912 2641.772541 2641.732562 2641.706320 2641.708033 2641.748187 2641.803417 2641.861364 2641.896624 2641.895413 2641.891203 2641.901391 2641.930954 2641.980680 2642.059575 2642.144365 2642.204166 2642.217114 2642.216203 2642.252971 2642.290770 2642.322217 2642.340412 2642.349213 2642.383185 2642.326622 2642.188121 2642.334524 
0.010580 0.011283 0.008283 0.003810 0.000872 0.000668 0.000454 0.000386 0.000408 0.000325 0.000208 0.000186 0.000185 0.000140 0.000098 0.000093 0.000090 0.000068 0.000046 0.000043 0.000047 0.000044 0.000038 0.000032 0.000031 0.000030 0.000029 0.000029 0.000036 0.000050 
2666.860752 2667.159877 2667.813507 2669.481618 2675.268905 2670.799974 2670.342666 2669.343289 2674.499405 2673.828300 2669.046744 2670.328287 2673.911410 2673.506747 2670.729020 2672.724730 2673.988383 2672.349421 2669.476207 2671.068723 2672.136351 2670.744837 2669.832201 2671.041926 2672.947512 2674.754117 2675.998441 2674.171650 2667.899239 2665.852591 
0.026601 0.039434 0.046154 0.045149 0.039161 0.031560 0.024484 0.018721 0.014341 0.011116 0.008753 0.006977 0.005577 0.004414 0.003444 0.002649 0.002014 0.001519 0.001146 0.000873 0.000667 0.000510 0.000384 0.000277 0.000198 0.000155 0.000134 0.000118 0.000096 0.000074 
2721.604093 2720.967964 2720.463787 2720.152788 2720.068282 2720.099616 2720.222969 2720.401374 2720.535947 2720.560622 2720.469494 2720.296908 2720.141553 2720.101775 2720.099816 2720.113169 2720.252889 2720.468027 2720.522882 2720.562527 2720.771948 2720.802123 2720.392609 2720.180066 2720.811906 2721.435596 2721.940276 2721.962963 2720.877570 2719.153099 
0.004253 0.004333 0.003129 0.001528 0.000508 0.000285 0.000226 0.000222 0.000192 0.000175 0.000163 0.000132 0.000104 0.000091 0.000089 0.000093 0.000091 0.000081 0.000079 0.000085 0.000091 0.000084 0.000064 0.000050 0.000050 0.000063 0.000074 0.000072 0.000062 0.000052 
2766.784523 2766.843556 2766.902632 2766.904922 2767.274721 2767.755027 2767.108277 2766.734888 2764.868195 2764.734793 2765.485295 2764.464646 2763.343077 2763.555414 2764.165368 2764.925574 2764.763040 2763.465189 2762.871845 2763.423648 2764.265190 2764.192077 2763.271747 2762.794832 2764.142172 2765.915874 2766.263352 2765.434573 2765.027602 2766.006615 
0.002526 0.004414 0.005547 0.005376 0.004406 0.003510 0.002827 0.002296 0.001832 0.001443 0.001110 0.000833 0.000616 0.000449 0.000324 0.000235 0.000175 0.000139 0.000117 0.000099 0.000077 0.000056 0.000041 0.000033 0.000038 0.000046 0.000048 0.000048 0.000049 0.000049 
2826.043296 2825.473383 2825.238903 2825.175499 2825.172523 2825.006231 2824.716509 2824.374118 2824.185078 2824.103230 2824.133325 2824.147718 2824.359045 2824.947313 2825.247434 2824.786506 2824.041289 2823.807259 2823.933253 2824.707702 2824.046021 2822.068178 2821.391382 2823.581980 2824.381104 2823.540501 2823.250382 2823.714346 2823.467331 2822.410468 
0.003906 0.003944 0.002798 0.001313 0.000395 0.000243 0.000204 0.000171 0.000142 0.000110 0.000085 0.000064 0.000049 0.000041 0.000032 0.000027 0.000031 0.000039 0.000048 0.000052 0.000050 0.000043 0.000036 0.000034 0.000038 0.000045 0.000052 0.000051 0.000039 0.000028 
2899.024707 2899.016128 2899.008677 2899.028887 2899.243878 2898.536738 2896.857309 2896.540127 2897.330439 2897.919550 2898.391292 2898.628947 2899.125150 2900.476720 2900.925463 2899.313418 2897.341494 2897.957237 2898.756524 2899.576158 2900.196348 2900.110091 2898.361557 2897.049358 2898.403197 2898.604487 2896.884784 2895.518368 2895.290019 2896.897568 
0.004258 0.004290 0.003009 0.001366 0.000365 0.000211 0.000166 0.000132 0.000107 0.000083 0.000065 0.000051 0.000042 0.000038 0.000034 0.000034 0.000035 0.000032 0.000028 0.000030 0.000036 0.000037 0.000034 0.000034 0.000036 0.000033 0.000022 0.000010 0.000012 0.000017 
2916.946687 2916.965406 2916.989451 2917.042926 2917.048423 2916.300962 2916.620836 2916.805087 2916.671889 2916.625903 2916.548503 2916.452226 2916.132154 2915.509313 2914.987793 2915.221329 2915.794427 2916.156819 2916.647420 2916.861388 2916.621617 2917.058722 2918.238427 2918.319912 2917.095416 2916.356160 2916.005286 2917.310050 2918.584980 2918.610850 
0.034097 0.050570 0.058739 0.056523 0.048234 0.039081 0.031155 0.024749 0.019534 0.015252 0.011797 0.009041 0.006875 0.005234 0.004013 0.003094 0.002388 0.001858 0.001456 0.001132 0.000870 0.000682 0.000554 0.000456 0.000362 0.000275 0.000208 0.000161 0.000125 0.000098 
2954.730298 2955.380367 2955.960651 2956.337037 2956.450745 2956.504149 2956.549129 2956.580820 2956.635902 2956.733893 2956.827991 2956.904360 2957.019437 2957.157440 2957.282746 2957.379075 2957.454955 2957.463318 2957.453500 2957.567661 2957.674096 2957.592875 2957.475237 2957.565410 2957.939279 2958.036163 2957.894614 2957.582358 2957.183297 2956.841423 
0.005972 0.007937 0.009252 0.009603 0.008899 0.007624 0.006303 0.005236 0.004428 0.003821 0.003339 0.002923 0.002565 0.002257 0.001983 0.001719 0.001470 0.001254 0.001073 0.000920 0.000788 0.000665 0.000551 0.000466 0.000409 0.000364 0.000311 0.000259 0.000221 0.000187 
2993.053410 2993.156428 2992.061438 2990.543517 2989.493386 2989.206470 2989.255166 2989.371759 2989.413265 2989.405940 2989.344011 2989.211823 2989.123711 2989.139166 2989.247688 2989.310741 2989.278617 2989.267471 2989.318522 2989.425949 2989.556305 2989.568778 2989.331460 2989.220716 2989.359123 2989.676882 2989.560021 2989.127432 2989.067044 2989.606024 
0.001430 0.001409 0.001009 0.000534 0.000287 0.000223 0.000192 0.000163 0.000130 0.000099 0.000079 0.000071 0.000067 0.000059 0.000049 0.000043 0.000040 0.000035 0.000027 0.000026 0.000036 0.000043 0.000044 0.000043 0.000046 0.000045 0.000037 0.000029 0.000028 0.000035 
3029.168445 3029.062423 3029.553811 3031.623924 3034.476329 3034.289042 3033.262959 3032.701259 3032.533414 3032.707075 3032.678502 3032.059106 3031.206934 3030.956329 3032.640701 3036.005025 3037.741153 3038.890636 3039.993461 3036.475679 3032.233511 3032.210048 3032.598353 3031.899356 3032.255739 3034.560825 3037.182689 3036.533652 3034.204928 3033.774655 
0.001107 0.001096 0.000796 0.000438 0.000235 0.000167 0.000129 0.000106 0.000091 0.000083 0.000073 0.000059 0.000046 0.000039 0.000039 0.000040 0.000040 0.000038 0.000033 0.000028 0.000025 0.000027 0.000041 0.000053 0.000053 0.000044 0.000034 0.000027 0.000026 0.000030 
3088.097056 3088.499231 3088.462425 3086.921497 3082.998327 3081.865719 3081.388316 3081.691570 3082.657427 3083.579473 3083.068441 3081.815395 3080.908511 3080.666675 3083.203682 3086.323945 3085.890046 3082.713247 3080.736453 3081.939282 3081.357555 3077.656019 3075.518685 3076.005868 3076.242944 3075.739273 3075.101022 3077.887280 3084.218960 3087.546257 
0.001487 0.001486 0.001052 0.000505 0.000190 0.000127 0.000097 0.000075 0.000065 0.000054 0.000045 0.000044 0.000046 0.000046 0.000045 0.000040 0.000035 0.000033 0.000033 0.000031 0.000031 0.000036 0.000044 0.000050 0.000055 0.000057 0.000053 0.000046 0.000035 0.000028 
3111.047885 3110.996467 3110.877734 3110.544253 3109.108152 3109.125043 3109.051995 3109.444846 3109.159921 3108.320879 3108.999541 3111.567678 3112.866753 3113.532542 3113.644525 3113.000442 3112.273759 3112.798322 3114.196157 3114.853179 3114.337215 3114.337766 3114.530342 3114.362229 3114.251974 3114.745616 3115.525911 3115.678743 3114.152015 3109.612094 
0.001868 0.001925 0.001408 0.000691 0.000259 0.000163 0.000145 0.000112 0.000082 0.000060 0.000044 0.000033 0.000028 0.000029 0.000034 0.000038 0.000034 0.000024 0.000019 0.000024 0.000035 0.000045 0.000046 0.000037 0.000024 0.000020 0.000027 0.000033 0.000033 0.000030 
3144.006771 3144.007710 3143.922039 3143.489355 3143.976943 3144.014636 3145.544485 3145.361845 3144.316216 3143.056019 3141.763591 3141.377164 3142.228986 3142.959148 3142.755171 3143.054937 3143.470692 3142.526253 3140.749031 3143.763939 3144.096829 3143.056097 3142.137785 3141.539965 3142.003006 3146.061662 3146.323047 3145.121754 3143.916246 3142.813027 
0.000935 0.000916 0.000637 0.000304 0.000114 0.000079 0.000071 0.000071 0.000071 0.000066 0.000057 0.000042 0.000026 0.000016 0.000014 0.000013 0.000013 0.000018 0.000028 0.000035 0.000037 0.000035 0.000032 0.000033 0.000034 0.000031 0.000023 0.000016 0.000016 0.000021 
3179.769767 3179.731490 3179.731370 3179.880302 3180.557035 3180.977951 3181.519196 3181.379710 3181.175920 3180.989851 3181.067851 3181.387412 3181.796367 3181.252803 3180.000752 3178.544479 3176.952149 3177.494716 3179.318690 3180.322726 3181.035626 3181.750359 3182.277473 3181.724066 3180.873010 3180.328915 3180.078526 3179.863062 3179.550169 3179.767756 
0.000667 0.000598 0.000379 0.000185 0.000118 0.000090 0.000071 0.000067 0.000059 0.000041 0.000028 0.000022 0.000023 0.000030 0.000034 0.000030 0.000023 0.000023 0.000027 0.000033 0.000039 0.000042 0.000041 0.000034 0.000024 0.000020 0.000023 0.000032 0.000033 0.000026 
3202.821629 3202.795028 3202.931579 3203.892404 3204.274917 3202.625329 3201.127882 3201.510000 3201.899758 3201.386692 3200.438640 3199.659503 3198.998975 3200.816611 3201.869719 3202.586270 3204.158523 3205.171169 3205.459148 3205.627653 3205.435076 3204.893502 3204.539355 3204.245394 3203.544859 3202.791594 3202.918641 3203.005786 3202.414621 3201.489506 
0.001953 0.001915 0.001336 0.000652 0.000279 0.000187 0.000141 0.000117 0.000112 0.000114 0.000111 0.000104 0.000097 0.000091 0.000084 0.000076 0.000066 0.000060 0.000058 0.000059 0.000060 0.000053 0.000045 0.000045 0.000051 0.000056 0.000058 0.000055 0.000051 0.000050 
3243.564894 3244.045498 3244.416852 3243.428972 3238.097795 3234.572445 3236.142874 3238.805313 3238.588507 3236.828837 3237.560403 3240.616456 3243.107888 3242.921067 3241.744208 3240.604379 3239.533446 3240.531624 3240.879189 3237.447757 3232.098728 3231.604751 3236.842721 3238.793678 3236.619635 3233.468446 3231.068873 3230.859282 3236.514096 3243.652416 
0.001712 0.001668 0.001143 0.000518 0.000200 0.000138 0.000131 0.000118 0.000092 0.000072 0.000058 0.000057 0.000066 0.000074 0.000074 0.000064 0.000053 0.000043 0.000037 0.000034 0.000035 0.000038 0.000044 0.000046 0.000045 0.000044 0.000041 0.000036 0.000038 0.000040 
3313.416007 3313.133681 3312.769895 3312.352631 3310.378484 3310.812151 3309.564870 3310.926018 3313.619790 3314.147879 3313.763100 3314.068064 3313.352265 3309.715129 3307.439850 3307.943343 3310.439469 3311.843476 3311.500994 3312.211631 3313.734353 3316.207451 3318.397181 3317.476442 3312.809639 3309.750271 3309.817019 3311.588538 3316.122914 3317.345972 
0.001309 0.001282 0.000885 0.000408 0.000148 0.000104 0.000089 0.000091 0.000093 0.000084 0.000067 0.000053 0.000055 0.000063 0.000068 0.000063 0.000053 0.000042 0.000037 0.000042 0.000046 0.000048 0.000049 0.000051 0.000058 0.000070 0.000075 0.000066 0.000056 0.000048 
3361.926626 3362.097730 3362.331753 3362.621909 3361.384989 3361.198992 3361.351092 3361.910771 3361.714311 3360.809578 3360.905233 3361.384708 3359.590859 3358.314898 3358.317188 3357.530615 3356.747814 3357.387162 3360.262658 3364.790684 3366.329801 3364.461711 3362.101480 3361.786685 3360.577761 3358.685007 3358.510372 3359.769328 3361.337993 3363.019996 
0.000748 0.000719 0.000489 0.000227 0.000089 0.000063 0.000056 0.000059 0.000060 0.000061 0.000060 0.000057 0.000054 0.000056 0.000064 0.000065 0.000059 0.000054 0.000050 0.000042 0.000031 0.000028 0.000029 0.000030 0.000032 0.000033 0.000031 0.000027 0.000027 0.000030 
3418.996957 3418.913395 3418.835980 3418.878186 3419.018325 3419.487251 3419.343425 3418.944403 3418.089473 3417.254525 3417.593138 3419.652633 3422.549596 3423.185967 3421.047069 3419.366931 3419.382883 3419.694455 3420.029982 3419.986404 3421.768273 3424.361734 3422.701504 3418.931493 3416.658641 3416.868654 3419.171920 3421.757987 3421.205911 3418.808444 
0.001132 0.001111 0.000779 0.000392 0.000222 0.000169 0.000141 0.000116 0.000095 0.000079 0.000071 0.000067 0.000067 0.000070 0.000070 0.000063 0.000054 0.000055 0.000065 0.000070 0.000061 0.000045 0.000036 0.000040 0.000053 0.000064 0.000071 0.000070 0.000066 0.000062 
3468.893076 3469.772455 3470.838012 3472.401984 3474.471227 3473.955987 3472.739968 3471.098501 3468.903264 3465.949600 3462.895107 3462.019522 3464.787389 3469.799125 3474.339026 3476.429551 3473.339976 3464.438827 3460.597200 3460.103139 3459.787920 3459.634684 3462.820026 3469.280333 3471.094157 3470.128550 3469.340343 3469.960718 3471.509143 3472.203951 
0.000775 0.000757 0.000521 0.000250 0.000114 0.000084 0.000065 0.000051 0.000045 0.000047 0.000051 0.000054 0.000049 0.000038 0.000025 0.000025 0.000028 0.000029 0.000029 0.000029 0.000026 0.000021 0.000020 0.000022 0.000022 0.000021 0.000019 0.000019 0.000024 0.000026 
3520.022779 3519.777589 3519.269848 3518.501226 3520.214413 3523.759025 3524.800685 3524.000575 3522.798741 3522.011190 3521.955001 3523.017985 3524.193382 3525.048299 3523.657095 3519.521134 3518.930576 3520.061359 3520.370180 3520.189960 3519.339493 3518.402417 3519.545293 3521.337265 3523.282017 3524.142188 3522.253350 3521.474253 3524.608059 3525.254137 
0.000757 0.000861 0.000786 0.000618 0.000456 0.000321 0.000215 0.000137 0.000096 0.000077 0.000071 0.000069 0.000062 0.000051 0.000042 0.000034 0.000029 0.000025 0.000023 0.000026 0.000030 0.000036 0.000040 0.000041 0.000036 0.000030 0.000030 0.000033 0.000033 0.000028 
3545.036058 3546.764345 3549.920517 3553.739739 3555.994431 3556.617538 3556.832443 3557.679840 3558.221324 3558.059214 3556.450049 3554.500019 3553.419858 3551.991802 3548.813224 3546.625863 3550.123234 3555.426980 3556.457286 3553.980048 3553.872099 3555.104531 3555.306551 3554.315375 3552.529280 3547.466238 3542.314978 3542.500619 3545.886890 3550.239814 
0.001309 0.001822 0.002241 0.002622 0.002805 0.002670 0.002308 0.001919 0.001617 0.001403 0.001225 0.001061 0.000916 0.000793 0.000688 0.000597 0.000519 0.000447 0.000380 0.000322 0.000281 0.000250 0.000223 0.000198 0.000176 0.000158 0.000139 0.000120 0.000102 0.000084 
3613.110873 3616.386012 3620.999770 3625.255668 3627.239796 3627.689152 3627.495079 3627.136554 3626.896106 3626.833656 3626.929151 3627.045755 3626.975185 3626.772520 3626.622690 3626.570978 3626.599106 3626.770462 3626.914456 3626.603443 3625.965142 3625.648578 3625.828667 3625.894060 3625.661761 3625.318749 3625.052808 3625.010822 3624.556898 3623.058330 
0.000299 0.000565 0.000919 0.001134 0.001025 0.000652 0.000213 0.000035 0.000055 0.000046 0.000083 0.000074 0.000043 0.000018 0.000011 0.000016 0.000006 0.000024 0.000050 0.000044 0.000027 0.000024 0.000029 0.000023 0.000020 0.000021 0.000015 0.000015 0.000010 0.000013 
3642.854552 3642.659387 3640.998298 3639.585277 3638.566634 3637.772809 3637.106036 3641.802979 3639.737746 3640.352263 3637.818403 3637.120814 3636.953507 3641.983790 3643.229553 3639.617604 3643.154170 3638.054531 3638.373506 3640.038943 3642.888339 3642.062626 3638.417404 3636.692448 3637.417262 3639.932521 3643.069899 3642.429729 3642.071769 3638.389899 
0.003005 0.004458 0.005267 0.005261 0.004773 0.004144 0.003537 0.003002 0.002556 0.002196 0.001912 0.001674 0.001459 0.001265 0.001101 0.000962 0.000838 0.000723 0.000620 0.000529 0.000444 0.000372 0.000318 0.000278 0.000251 0.000231 0.000218 0.000212 0.000207 0.000187 
3671.774309 3669.491324 3668.183939 3667.567377 3667.155006 3666.825769 3666.574557 3666.482717 3666.438424 3666.454961 3666.501436 3666.505700 3666.507732 3666.633792 3666.764684 3666.807587 3666.785793 3666.794953 3666.935218 3667.296296 3667.610094 3667.515843 3667.295867 3667.235034 3667.303269 3667.603652 3667.749505 3667.344890 3666.820376 3667.503968 
0.000517 0.000499 0.000344 0.000180 0.000111 0.000087 0.000083 0.000083 0.000075 0.000056 0.000035 0.000025 0.000025 0.000027 0.000025 0.000019 0.000016 0.000017 0.000023 0.000030 0.000038 0.000046 0.000050 0.000049 0.000048 0.000047 0.000042 0.000032 0.000024 0.000023 
3716.154893 3715.956576 3715.865867 3716.491468 3716.715719 3715.207311 3713.672708 3714.446317 3715.007012 3714.721189 3713.610683 3713.940425 3715.278699 3715.826622 3715.774462 3715.036868 3715.449440 3718.879692 3722.242972 3722.581956 3721.372831 3719.875358 3719.732281 3720.178386 3720.343934 3719.728514 3719.446097 3720.061909 3721.173192 3720.192296 
0.000505 0.000520 0.000406 0.000266 0.000168 0.000107 0.000070 0.000056 0.000054 0.000048 0.000039 0.000033 0.000027 0.000019 0.000015 0.000016 0.000022 0.000032 0.000037 0.000033 0.000025 0.000021 0.000023 0.000025 0.000024 0.000020 0.000019 0.000018 0.000018 0.000019 
3738.219078 3738.907943 3739.961203 3740.446825 3739.901647 3738.959073 3739.444848 3739.596655 3738.114074 3736.992233 3736.182712 3736.856508 3738.161655 3737.425862 3734.379259 3734.241156 3736.573227 3737.709288 3737.759300 3737.890034 3739.444724 3741.112680 3739.300780 3738.152027 3737.979607 3737.029777 3736.529301 3736.848220 3735.612424 3733.936947 
0.000209 0.000294 0.000334 0.000314 0.000246 0.000158 0.000081 0.000041 0.000027 0.000025 0.000030 0.000036 0.000034 0.000027 0.000028 0.000036 0.000043 0.000042 0.000034 0.000027 0.000026 0.000028 0.000026 0.000026 0.000030 0.000037 0.000037 0.000032 0.000030 0.000031 
3866.809834 3867.325144 3867.878564 3868.158078 3867.932897 3867.197350 3866.243018 3866.804262 3869.797318 3871.474180 3870.510283 3868.794678 3868.193997 3867.861340 3867.262550 3866.725856 3866.471693 3866.225278 3865.848636 3865.572949 3866.722300 3867.780830 3867.527089 3866.746205 3866.595161 3867.661429 3868.757566 3869.749141 3869.192417 3867.802102 
0.000328 0.000475 0.000552 0.000528 0.000426 0.000302 0.000197 0.000133 0.000103 0.000089 0.000074 0.000057 0.000049 0.000041 0.000035 0.000034 0.000039 0.000039 0.000032 0.000021 0.000025 0.000040 0.000058 0.000065 0.000060 0.000050 0.000040 0.000034 0.000033 0.000034 
4325.228970 4326.705449 4328.485662 4330.368565 4332.172489 4333.451552 4333.990841 4333.898308 4333.716691 4333.043173 4331.361467 4327.878067 4324.868534 4325.513197 4329.134216 4328.759095 4327.670407 4328.501406 4329.608503 4329.413839 4328.137841 4328.818846 4329.503735 4330.331674 4331.122849 4331.010051 4329.302455 4326.307980 4325.251239 4327.326052 
0.000236 0.000294 0.000271 0.000188 0.000124 0.000098 0.000088 0.000065 0.000036 0.000032 0.000042 0.000041 0.000034 0.000030 0.000024 0.000013 0.000012 0.000022 0.000027 0.000022 0.000011 0.000011 0.000020 0.000021 0.000018 0.000020 0.000026 0.000030 0.000032 0.000031 
4560.747301 4560.928770 4561.315539 4562.230038 4562.536906 4561.600593 4560.440050 4560.220969 4559.314306 4559.010783 4560.764785 4562.207836 4562.926578 4561.863173 4560.649906 4562.492040 4563.376246 4560.549071 4560.380723 4560.612540 4559.949800 4559.698347 4561.053998 4561.756050 4562.710597 4562.465629 4562.124137 4562.301829 4562.204621 4561.770405 
0.000484 0.000498 0.000374 0.000208 0.000114 0.000084 0.000072 0.000052 0.000040 0.000047 0.000056 0.000058 0.000056 0.000051 0.000042 0.000030 0.000023 0.000026 0.000033 0.000043 0.000052 0.000051 0.000041 0.000035 0.000037 0.000039 0.000035 0.000030 0.000028 0.000026 
4667.642323 4667.346270 4666.993190 4667.019583 4668.112134 4669.020234 4668.063333 4667.234299 4666.660833 4666.569986 4666.140017 4666.013500 4665.753225 4664.642135 4663.762237 4665.810389 4667.920598 4663.388512 4661.957578 4664.473475 4666.701338 4667.437931 4666.735727 4666.794548 4668.894272 4670.331732 4670.005317 4667.355158 4666.122592 4668.449914 
0.000912 0.000914 0.000648 0.000313 0.000128 0.000090 0.000077 0.000068 0.000061 0.000060 0.000062 0.000066 0.000073 0.000078 0.000074 0.000064 0.000055 0.000046 0.000045 0.000047 0.000049 0.000050 0.000056 0.000061 0.000060 0.000055 0.000050 0.000044 0.000038 0.000034 
4708.751260 4709.188010 4709.548667 4709.431647 4706.449637 4706.970639 4706.511085 4705.446454 4705.127181 4706.568787 4706.715932 4705.779885 4704.878704 4704.731282 4703.760814 4702.149607 4702.113892 4703.864613 4705.554728 4707.009029 4709.165459 4709.629581 4707.549108 4705.702761 4706.187143 4708.519002 4709.402256 4708.800582 4709.154083 4710.092045 
0.000798 0.000832 0.000627 0.000396 0.000264 0.000203 0.000146 0.000106 0.000083 0.000063 0.000051 0.000048 0.000050 0.000055 0.000062 0.000063 0.000059 0.000053 0.000046 0.000040 0.000043 0.000053 0.000057 0.000051 0.000040 0.000032 0.000030 0.000030 0.000033 0.000040 
4764.719565 4765.370771 4765.849389 4765.110188 4765.165646 4768.716745 4772.493605 4772.010121 4768.215271 4763.602133 4760.109032 4759.283275 4759.218744 4759.734206 4760.559728 4761.228215 4761.804550 4762.267054 4762.727794 4764.544017 4766.826461 4766.786707 4765.758020 4763.799676 4761.674749 4762.316949 4762.437169 4761.108745 4763.691287 4767.100877 
0.000484 0.000517 0.000432 0.000309 0.000205 0.000135 0.000084 0.000071 0.000063 0.000062 0.000057 0.000042 0.000025 0.000018 0.000023 0.000031 0.000034 0.000034 0.000037 0.000040 0.000041 0.000036 0.000029 0.000023 0.000019 0.000018 0.000021 0.000024 0.000025 0.000024 
4803.921703 4804.614757 4805.650564 4806.154489 4805.043371 4804.153466 4804.980385 4805.954543 4806.734237 4806.886764 4806.020134 4805.339858 4804.048918 4802.438350 4805.515771 4805.468188 4804.000438 4802.064374 4800.770299 4800.246209 4800.751420 4800.973609 4800.413910 4800.169915 4802.802332 4804.644111 4803.815905 4802.072891 4802.009242 4803.312227 
0.000260 0.000298 0.000310 0.000327 0.000316 0.000241 0.000131 0.000048 0.000027 0.000022 0.000021 0.000026 0.000027 0.000025 0.000019 0.000011 0.000010 0.000015 0.000017 0.000018 0.000021 0.000025 0.000027 0.000026 0.000024 0.000027 0.000033 0.000036 0.000032 0.000021 
4894.519382 4894.415984 4893.507414 4892.668139 4892.688570 4893.142621 4893.965298 4895.409440 4893.239740 4892.590621 4891.641539 4891.626493 4892.574576 4893.520222 4893.622374 4892.018427 4892.131878 4893.077518 4892.073722 4890.264266 4890.425868 4891.479203 4892.428230 4893.809190 4895.664878 4895.946727 4894.753479 4893.896333 4893.770258 4894.532358 
0.000583 0.000649 0.000561 0.000410 0.000276 0.000181 0.000123 0.000094 0.000085 0.000067 0.000042 0.000034 0.000040 0.000046 0.000043 0.000040 0.000042 0.000043 0.000038 0.000032 0.000032 0.000036 0.000037 0.000035 0.000031 0.000032 0.000035 0.000033 0.000030 0.000029 
4917.879289 4917.781531 4917.582140 4917.306228 4916.528459 4915.927669 4917.996711 4921.835948 4924.348843 4924.488331 4922.414884 4919.450463 4917.195070 4915.826802 4913.930875 4914.976801 4918.821068 4920.556998 4920.894776 4922.132621 4924.800138 4925.747925 4924.837008 4923.720154 4922.909043 4920.108293 4918.079649 4917.975215 4916.739760 4914.473533 
0.000764 0.000782 0.000571 0.000293 0.000139 0.000105 0.000094 0.000090 0.000078 0.000063 0.000056 0.000059 0.000067 0.000068 0.000062 0.000064 0.000078 0.000083 0.000076 0.000065 0.000060 0.000056 0.000045 0.000034 0.000029 0.000031 0.000039 0.000054 0.000062 0.000059 
4981.670120 4981.541617 4981.367034 4980.624659 4977.949336 4978.269861 4980.350349 4983.352133 4983.964024 4981.113625 4978.208461 4979.822246 4983.022424 4984.328123 4983.682457 4981.637313 4983.901139 4985.307416 4984.755654 4982.337047 4982.126355 4983.908051 4984.324407 4982.617098 4980.405090 4981.716766 4980.520583 4977.791650 4977.825132 4978.452483 
0.000618 0.000637 0.000477 0.000266 0.000152 0.000116 0.000106 0.000094 0.000071 0.000048 0.000037 0.000037 0.000038 0.000036 0.000037 0.000037 0.000038 0.000040 0.000038 0.000036 0.000039 0.000043 0.000044 0.000043 0.000042 0.000041 0.000039 0.000038 0.000040 0.000041 
5046.717319 5046.768099 5046.755144 5046.649025 5046.294921 5045.703906 5045.927945 5046.311961 5045.565934 5044.242305 5044.203514 5044.590818 5044.242292 5045.118746 5045.953187 5045.917806 5047.313700 5048.937956 5048.117251 5044.464543 5041.678759 5041.934312 5042.768367 5044.338234 5045.267706 5045.918430 5044.941450 5044.534150 5045.905884 5047.682944 
0.000520 0.000520 0.000375 0.000253 0.000211 0.000195 0.000161 0.000125 0.000084 0.000058 0.000056 0.000049 0.000035 0.000025 0.000023 0.000026 0.000031 0.000036 0.000040 0.000039 0.000036 0.000035 0.000034 0.000029 0.000028 0.000036 0.000043 0.000039 0.000029 0.000021 
5074.740765 5074.385249 5073.924329 5075.505849 5077.024442 5078.060379 5078.205154 5077.751885 5076.864157 5077.509439 5078.996748 5078.860207 5078.741480 5079.610767 5079.729553 5078.934375 5077.745584 5076.763726 5076.110758 5076.334104 5077.580136 5078.739266 5078.934661 5078.741309 5077.192607 5075.863406 5075.937103 5076.309871 5076.346972 5074.299858 
0.000437 0.000446 0.000396 0.000368 0.000382 0.000343 0.000294 0.000259 0.000223 0.000162 0.000097 0.000049 0.000031 0.000030 0.000032 0.000031 0.000032 0.000031 0.000027 0.000021 0.000022 0.000025 0.000029 0.000036 0.000040 0.000035 0.000026 0.000022 0.000022 0.000024 
5094.129620 5093.239701 5093.650268 5094.934810 5097.044353 5098.530360 5098.785926 5097.735738 5096.052232 5094.923883 5094.186281 5094.638605 5094.894198 5093.443595 5094.660985 5098.178217 5100.015978 5099.542115 5098.672373 5097.782553 5096.274783 5095.273262 5094.865101 5094.482134 5093.664033 5092.244331 5090.734952 5091.500954 5092.967195 5094.241725 
0.000410 0.000414 0.000345 0.000312 0.000278 0.000204 0.000161 0.000143 0.000116 0.000067 0.000042 0.000039 0.000039 0.000036 0.000032 0.000032 0.000036 0.000037 0.000032 0.000026 0.000021 0.000026 0.000034 0.000040 0.000035 0.000025 0.000019 0.000021 0.000021 0.000020 
5114.385846 5114.173174 5113.024415 5111.888309 5112.071402 5115.303015 5117.871499 5117.217480 5116.031740 5117.654916 5117.608087 5116.148750 5116.534541 5117.018518 5116.466488 5113.978947 5112.308382 5112.995629 5115.323145 5117.520686 5118.295759 5115.936388 5114.384390 5113.721675 5113.168180 5112.690665 5113.510540 5115.397424 5117.283262 5118.605782 
0.000617 0.000631 0.000460 0.000242 0.000133 0.000104 0.000101 0.000098 0.000077 0.000052 0.000041 0.000043 0.000046 0.000046 0.000045 0.000043 0.000045 0.000049 0.000045 0.000034 0.000029 0.000032 0.000037 0.000039 0.000038 0.000040 0.000044 0.000045 0.000045 0.000043 
5160.531423 5160.945868 5161.337906 5160.629451 5157.485932 5158.020846 5156.913698 5154.988888 5154.750480 5155.829033 5158.617900 5161.284237 5159.739172 5155.818757 5153.733503 5154.084944 5157.523414 5158.872670 5158.668948 5159.436831 5161.376279 5161.977913 5163.071221 5165.283486 5166.560173 5165.011965 5162.778426 5158.552297 5154.857936 5154.293219 
0.000613 0.000667 0.000517 0.000279 0.000115 0.000067 0.000048 0.000039 0.000032 0.000029 0.000031 0.000036 0.000040 0.000046 0.000056 0.000059 0.000050 0.000035 0.000024 0.000023 0.000023 0.000024 0.000022 0.000024 0.000031 0.000038 0.000041 0.000036 0.000026 0.000020 
5237.136878 5236.957255 5236.576720 5235.444728 5233.479811 5234.167283 5237.954238 5240.915680 5239.199327 5236.068017 5235.183610 5236.193821 5236.234145 5236.407160 5237.052576 5236.452250 5234.351118 5232.645793 5235.188452 5238.802613 5236.066844 5234.156162 5236.956180 5239.553484 5236.302205 5235.419321 5236.383072 5237.178999 5235.893191 5232.504017 
0.000567 0.000611 0.000466 0.000242 0.000095 0.000067 0.000063 0.000065 0.000060 0.000048 0.000036 0.000033 0.000039 0.000038 0.000035 0.000040 0.000049 0.000052 0.000052 0.000046 0.000036 0.000034 0.000038 0.000038 0.000037 0.000037 0.000034 0.000032 0.000033 0.000031 
5264.086491 5264.198353 5264.364071 5264.545180 5264.452240 5263.277552 5262.121391 5261.122402 5260.813650 5261.351497 5261.302589 5260.215372 5261.038786 5262.736604 5264.535087 5263.859723 5261.635541 5260.697776 5261.556941 5262.999835 5263.997533 5265.172994 5266.265036 5266.725426 5265.730633 5263.529850 5261.649424 5262.358364 5265.013373 5266.321079 
0.000788 0.000847 0.000651 0.000361 0.000179 0.000114 0.000085 0.000067 0.000058 0.000056 0.000058 0.000059 0.000057 0.000052 0.000047 0.000043 0.000039 0.000036 0.000039 0.000040 0.000043 0.000045 0.000041 0.000034 0.000033 0.000036 0.000038 0.000036 0.000033 0.000026 
5307.932678 5308.262096 5308.677551 5308.817289 5307.135281 5307.436640 5309.669382 5310.704609 5310.115122 5309.342048 5310.566419 5313.175642 5315.075851 5314.760111 5312.787912 5309.003750 5305.575531 5301.545708 5300.441224 5302.650939 5307.676317 5310.908766 5310.782477 5310.659523 5310.962840 5309.934393 5306.419176 5303.514939 5303.502486 5305.099308 
0.000197 0.000278 0.000324 0.000295 0.000213 0.000146 0.000122 0.000118 0.000109 0.000087 0.000056 0.000031 0.000026 0.000035 0.000038 0.000034 0.000028 0.000026 0.000029 0.000031 0.000029 0.000022 0.000020 0.000024 0.000028 0.000032 0.000037 0.000041 0.000039 0.000030 
5341.927387 5342.491965 5343.378088 5344.156234 5344.829054 5345.083680 5344.647701 5344.251467 5344.067233 5343.968713 5343.845605 5343.330396 5343.428266 5344.798986 5345.268523 5345.136030 5344.859335 5345.038545 5345.065399 5344.915046 5345.399326 5346.842175 5346.901460 5345.635447 5345.066059 5345.107692 5344.573724 5343.999040 5343.828602 5343.935623 
0.000388 0.000454 0.000414 0.000300 0.000183 0.000115 0.000086 0.000070 0.000054 0.000043 0.000034 0.000030 0.000032 0.000036 0.000033 0.000024 0.000019 0.000019 0.000022 0.000026 0.000031 0.000039 0.000049 0.000057 0.000060 0.000058 0.000054 0.000049 0.000041 0.000032 
5369.557159 5368.152265 5365.755096 5362.780390 5360.919043 5361.766399 5363.680507 5367.276102 5371.042212 5372.867659 5374.205835 5374.472549 5371.106980 5367.010771 5364.186977 5362.048797 5363.508921 5367.329923 5366.635083 5364.166018 5363.323353 5365.048179 5366.774053 5366.370666 5364.946833 5365.126795 5367.342683 5368.569054 5367.867753 5366.635849 
0.000533 0.000551 0.000407 0.000213 0.000099 0.000074 0.000065 0.000062 0.000059 0.000055 0.000046 0.000039 0.000039 0.000047 0.000051 0.000048 0.000039 0.000034 0.000036 0.000039 0.000036 0.000038 0.000045 0.000047 0.000043 0.000038 0.000033 0.000028 0.000029 0.000034 
5399.304489 5399.479603 5399.739144 5399.997167 5399.085784 5398.393570 5398.613886 5397.564729 5396.609432 5397.127327 5400.029681 5402.730025 5400.729347 5398.432598 5400.087520 5402.348776 5402.250051 5401.121013 5402.754007 5405.237182 5405.924984 5405.229554 5402.934870 5400.019751 5397.473772 5396.930814 5398.290833 5402.378505 5404.255850 5404.234867 
0.000385 0.000496 0.000491 0.000387 0.000272 0.000207 0.000171 0.000133 0.000092 0.000060 0.000048 0.000044 0.000050 0.000053 0.000049 0.000043 0.000039 0.000035 0.000031 0.000028 0.000030 0.000034 0.000039 0.000042 0.000040 0.000034 0.000031 0.000033 0.000033 0.000030 
5744.969106 5745.120212 5745.418555 5745.634602 5745.068792 5744.694274 5744.462933 5743.894090 5743.436356 5744.213083 5744.082713 5742.369839 5742.933225 5744.457623 5745.078638 5745.179408 5746.122298 5747.493112 5746.986095 5743.967373 5742.691311 5742.774316 5742.386185 5741.901167 5741.656861 5742.006181 5743.228107 5743.977415 5745.059382 5746.825170 
0.000535 0.000665 0.000631 0.000468 0.000295 0.000193 0.000142 0.000110 0.000103 0.000112 0.000101 0.000086 0.000084 0.000083 0.000065 0.000045 0.000041 0.000046 0.000049 0.000047 0.000043 0.000042 0.000045 0.000048 0.000047 0.000043 0.000043 0.000046 0.000045 0.000038 
5804.024041 5802.765071 5801.023047 5798.999199 5798.332000 5799.322720 5799.935249 5799.904523 5801.852635 5802.638172 5803.918332 5804.207837 5802.726623 5800.506570 5799.710992 5798.201693 5795.951792 5797.141907 5799.212511 5799.395459 5799.226107 5799.378068 5800.382041 5800.867168 5801.898942 5803.722774 5804.954804 5804.935565 5804.965646 5805.768575 
0.002242 0.003142 0.003512 0.003330 0.002794 0.002144 0.001594 0.001229 0.000960 0.000737 0.000558 0.000420 0.000308 0.000212 0.000146 0.000109 0.000088 0.000073 0.000060 0.000054 0.000058 0.000063 0.000058 0.000056 0.000062 0.000070 0.000070 0.000067 0.000066 0.000063 
5926.926851 5926.907902 5926.698851 5926.296249 5926.291237 5926.877576 5927.941158 5928.600949 5928.459365 5927.920226 5927.559163 5927.205900 5926.947073 5927.509648 5928.763116 5929.317634 5928.802416 5927.479634 5925.885907 5924.203131 5922.218528 5919.749230 5919.489080 5920.253189 5919.721803 5917.064854 5917.624879 5923.134184 5931.096235 5936.077090 
0.000633 0.000925 0.001025 0.000908 0.000681 0.000461 0.000298 0.000189 0.000119 0.000077 0.000056 0.000048 0.000042 0.000037 0.000033 0.000030 0.000031 0.000034 0.000039 0.000046 0.000049 0.000043 0.000035 0.000030 0.000026 0.000026 0.000029 0.000031 0.000032 0.000030 
5992.614702 5995.029740 5997.178760 5998.969617 5999.836055 5999.671987 5999.333769 5999.072630 5998.781068 5997.315148 5995.381611 5992.981064 5991.982948 5992.668797 5991.825584 5990.280329 5990.374903 5991.225068 5992.786074 5993.962745 5994.136229 5993.879814 5994.098348 5994.733893 5996.881432 5999.966775 5999.712494 5999.274827 5999.929547 6000.544071 
0.000955 0.001305 0.001358 0.001108 0.000731 0.000427 0.000281 0.000211 0.000175 0.000134 0.000093 0.000064 0.000053 0.000055 0.000063 0.000070 0.000071 0.000064 0.000057 0.000052 0.000052 0.000054 0.000053 0.000048 0.000045 0.000047 0.000052 0.000055 0.000056 0.000058 
6066.734352 6068.042848 6069.244219 6070.312164 6071.101191 6071.354654 6071.115932 6071.058646 6072.045342 6072.733174 6072.017951 6068.740573 6062.705264 6058.910342 6058.449561 6061.325232 6065.803943 6071.278991 6072.961664 6069.964729 6067.271184 6068.858555 6069.733254 6068.132838 6066.775486 6068.047597 6068.972077 6067.597641 6065.647900 6065.292387 
0.000523 0.000649 0.000607 0.000435 0.000242 0.000116 0.000076 0.000070 0.000067 0.000054 0.000038 0.000026 0.000023 0.000025 0.000029 0.000034 0.000042 0.000048 0.000047 0.000043 0.000042 0.000039 0.000030 0.000026 0.000031 0.000038 0.000038 0.000036 0.000042 0.000051 
6182.847488 6182.749879 6182.540280 6182.261054 6182.091669 6182.762972 6184.122293 6186.838898 6187.826044 6186.605195 6182.792756 6178.926099 6179.446557 6180.406399 6181.393236 6182.796940 6183.406964 6182.904738 6182.393480 6182.674641 6183.014102 6182.623394 6182.068716 6181.455330 6180.143658 6180.538085 6183.009850 6185.885761 6183.996783 6182.408768 
0.000353 0.000528 0.000623 0.000613 0.000525 0.000403 0.000281 0.000187 0.000124 0.000077 0.000048 0.000039 0.000036 0.000038 0.000038 0.000035 0.000029 0.000024 0.000021 0.000021 0.000024 0.000029 0.000033 0.000035 0.000033 0.000028 0.000026 0.000024 0.000021 0.000016 
6307.622257 6307.484289 6307.244526 6306.968922 6306.773200 6306.788531 6307.206368 6307.800954 6308.151046 6307.344593 6304.239230 6302.709528 6302.784057 6304.571923 6306.022498 6305.950564 6305.341427 6306.485949 6308.787568 6309.264910 6307.951947 6307.456309 6307.859121 6307.644100 6307.035806 6307.504905 6309.224682 6309.898350 6308.799478 6306.512966 
0.000440 0.000577 0.000563 0.000420 0.000248 0.000129 0.000091 0.000080 0.000078 0.000081 0.000088 0.000083 0.000064 0.000044 0.000035 0.000031 0.000038 0.000049 0.000056 0.000056 0.000053 0.000048 0.000043 0.000045 0.000048 0.000045 0.000040 0.000034 0.000031 0.000031 
6455.412438 6454.471674 6453.839531 6453.660858 6453.440717 6451.785542 6450.362982 6453.702974 6455.680776 6454.007998 6452.247526 6451.588222 6451.499124 6452.541035 6453.542464 6452.394406 6451.147084 6453.425353 6455.502869 6456.648247 6456.542861 6455.600391 6453.488036 6451.772740 6452.481648 6454.814977 6456.215960 6456.179902 6454.507284 6454.078206 
0.000459 0.000523 0.000439 0.000273 0.000131 0.000081 0.000065 0.000071 0.000068 0.000059 0.000047 0.000037 0.000035 0.000045 0.000060 0.000066 0.000061 0.000055 0.000051 0.000045 0.000041 0.000041 0.000038 0.000030 0.000027 0.000033 0.000039 0.000037 0.000027 0.000019 
6490.818611 6490.526937 6489.984253 6488.736877 6485.759769 6484.118598 6484.148766 6485.206390 6486.345047 6487.768290 6488.823828 6489.498140 6490.306274 6490.507316 6490.671699 6490.370534 6489.406417 6488.474742 6488.684385 6489.958795 6491.273693 6490.952122 6489.423286 6488.270225 6487.417110 6486.777040 6487.922775 6488.974164 6490.258293 6493.524446 
0.000306 0.000355 0.000329 0.000267 0.000201 0.000132 0.000071 0.000046 0.000038 0.000032 0.000023 0.000025 0.000030 0.000025 0.000014 0.000008 0.000008 0.000014 0.000022 0.000028 0.000028 0.000027 0.000028 0.000026 0.000022 0.000024 0.000025 0.000020 0.000015 0.000013 
8624.239007 8624.165703 8623.976276 8623.810598 8623.829626 8623.471289 8621.641288 8621.762207 8623.494713 8623.908223 8621.599998 8622.512029 8623.789424 8623.414311 8621.343865 8621.762280 8625.513848 8626.780455 8626.206909 8625.198003 8624.008234 8622.886607 8622.829458 8623.376387 8623.276529 8622.990376 8623.877378 8625.933592 8627.655202 8626.726286 
0.000333 0.000435 0.000418 0.000299 0.000166 0.000092 0.000063 0.000052 0.000057 0.000059 0.000051 0.000040 0.000031 0.000024 0.000019 0.000019 0.000023 0.000026 0.000028 0.000029 0.000030 0.000032 0.000034 0.000035 0.000034 0.000032 0.000034 0.000037 0.000038 0.000036 
9928.810112 9928.389994 9927.776649 9926.653002 9924.476120 9923.501515 9927.389503 9931.914539 9932.387272 9931.544585 9931.091877 9930.602976 9930.030283 9930.791203 9932.562764 9933.581555 9933.534348 9932.533576 9930.113885 9928.424262 9927.791951 9926.672243 9925.206768 9926.000823 9928.131136 9929.221136 9930.185179 9932.305731 9933.411490 9932.959580 
