1 12
13 16
21 29
36 50
51 61
70 75
81 96
102 116
117 126
128 141
142 154
162 169
174 182
190 202
207 212
218 231
238 257
262 277
283 289
293 307
310 323
331 339
340 345
348 362
370 380
381 386
390 395
399 404
412 425
426 439
442 446
447 450
455 464
465 473
478 486
487 492
495 500
508 513
514 517
518 526
527 538
546 564
565 569
571 581
582 587
590 600
607 614
615 630
636 644
645 660
666 669
674 685
688 694
709 714
715 718
724 731
736 750
755 760
761 769
770 781
782 788
800 803
804 816
819 839
844 848
854 861
863 871
873 888
889 892
893 898
899 914
916 930
931 937
946 966
967 974
982 990
992 1001
1002 1018
1020 1027
1029 1050
1060 1069
1075 1082
1089 1098
1099 1114
1118 1121
1122 1126
1131 1135
1136 1140
1150 1162
1167 1173
1189 1200
1206 1213
1214 1218
1219 1236
1246 1256
1257 1260
1263 1273
1274 1277
1282 1286
1289 1303
1309 1323
1328 1337
1351 1354
1355 1360
1369 1377
1382 1391
1392 1396
1403 1408
1409 1423
1424 1432
1436 1448
1452 1467
1471 1478
1482 1496
1503 1510
1514 1531
1532 1538
1539 1545
1547 1553
1554 1561
1564 1569
1570 1576
1578 1582
1583 1591
1602 1608
1622 1628
1638 1648
1652 1660
1661 1667
1682 1690
1691 1694
1707 1717
1719 1722
1723 1727
1732 1739
1743 1758
1759 1766
1767 1772
1773 1777
1795 1814
1819 1822
1823 1832
1833 1841
1847 1861
1866 1870
1883 1886
1891 1896
1902 1916
1925 1939
1940 1953
1957 1960
1965 1972
1980 1992
2001 2009
2013 2023
2030 2039
2049 2064
2066 2073
2096 2108
2131 2135
2138 2144
2146 2171
2176 2180
2188 2198
2215 2239
2249 2259
2279 2286
2293 2298
2306 2321
2328 2341
2353 2361
2371 2378
2379 2398
2405 2416
2417 2439
2448 2460
2465 2480
2485 2495
2499 2504
2753 2761
2799 2802
2827 2833
2861 2866
2909 2912
3113 3125
3126 3139
3148 3163
3171 3177
3181 3188
3196 3203
3214 3221
3242 3246
3252 3262
3271 3276
3283 3299
3301 3319
3325 3337
3473 3480
3596 3601
3622 3635
3782 3785
3806 3811
3820 3824
3968 3973
