1 12
16 19
22 25
29 32
33 39
42 49
50 63
64 69
70 76
82 92
97 108
109 115
119 124
129 141
142 158
164 175
176 183
185 189
190 193
194 197
206 209
211 221
222 229
231 253
257 265
269 272
273 293
304 311
312 318
324 330
336 350
352 367
377 395
402 410
415 424
425 431
439 455
458 471
475 488
489 492
493 496
497 510
511 514
515 518
519 524
530 541
548 559
570 578
579 584
585 588
589 593
594 599
600 619
625 629
633 647
651 656
658 666
667 674
678 700
701 704
711 719
724 743
746 756
757 762
767 771
772 776
784 796
802 809
815 824
827 830
831 846
848 851
852 858
868 878
880 897
898 914
917 930
935 941
942 946
949 952
953 962
964 971
972 991
992 1009
1010 1018
1019 1033
1034 1048
1059 1074
1075 1082
1086 1106
1117 1122
1126 1132
1142 1145
1146 1158
1159 1179
1186 1194
1205 1209
1210 1226
1227 1231
1232 1249
1250 1256
1258 1262
1264 1271
1278 1281
1287 1301
1309 1314
1315 1322
1323 1333
1334 1342
1350 1353
1364 1378
1382 1387
1389 1400
1401 1406
1407 1417
1418 1423
1427 1440
1446 1451
1458 1469
1472 1477
1479 1489
1490 1493
1498 1510
1511 1515
1522 1525
1529 1537
1538 1543
1548 1557
1559 1564
1565 1573
1579 1588
1593 1599
1602 1610
1611 1620
1627 1632
1633 1637
1638 1646
1650 1657
1662 1668
1669 1673
1677 1680
1690 1698
1700 1711
1719 1724
1725 1730
1738 1754
1755 1765
1773 1789
1795 1803
1827 1830
1836 1847
1856 1873
1878 1890
1897 1915
1930 1934
1943 1956
1957 1975
1976 1994
2007 2018
2032 2039
2053 2062
2063 2082
2091 2098
2112 2116
2120 2134
2135 2148
2149 2162
2163 2171
2173 2185
2186 2205
2210 2218
2228 2232
2233 2236
2240 2253
2255 2260
2273 2282
2285 2304
2310 2317
2322 2328
2338 2343
2345 2355
2356 2362
2363 2368
2369 2372
2373 2378
2382 2392
2395 2399
2401 2409
2415 2424
2426 2430
2432 2440
2446 2453
2460 2466
2467 2477
2478 2481
2486 2496
2506 2518
2526 2539
2544 2549
2551 2560
2564 2571
2574 2584
2611 2619
2622 2627
2628 2632
2667 2677
2687 2696
2712 2716
2737 2741
2784 2789
2874 2882
3140 3143
3172 3177
3510 3513
3570 3583
