1 11
17 29
30 35
36 41
46 51
52 60
61 66
78 85
86 94
98 106
110 115
116 123
130 142
146 154
155 158
163 168
175 183
184 204
207 210
217 222
223 229
231 238
248 257
258 262
264 269
270 274
279 284
285 288
290 300
301 307
308 323
324 330
341 344
346 352
354 361
380 385
386 392
396 399
400 411
412 423
424 429
430 440
443 454
455 460
468 475
481 487
490 494
499 506
507 511
513 516
517 525
533 544
545 551
554 562
563 567
578 583
584 589
590 598
599 602
603 606
613 619
623 630
631 637
638 641
642 659
667 670
671 675
676 684
685 691
693 698
700 703
709 716
717 723
724 731
734 752
757 770
771 789
795 802
803 811
826 839
845 857
862 867
868 871
876 883
893 898
902 907
908 912
913 933
935 938
939 943
946 966
967 974
982 986
987 990
994 1006
1013 1019
1020 1026
1027 1035
1037 1045
1054 1057
1058 1067
1068 1075
1076 1087
1088 1096
1097 1106
1107 1112
1116 1119
1124 1131
1137 1147
1148 1151
1159 1163
1164 1169
1177 1185
1197 1200
1201 1211
1215 1219
1221 1234
1238 1245
1255 1259
1260 1265
1266 1269
1271 1278
1280 1284
1285 1295
1301 1310
1314 1320
1321 1331
1333 1337
1338 1342
1347 1360
1364 1375
1387 1396
1397 1409
1410 1419
1420 1423
1430 1435
1436 1442
1449 1452
1453 1462
1467 1470
1471 1475
1484 1494
1498 1508
1514 1519
1520 1525
1540 1545
1546 1556
1557 1562
1563 1566
1575 1579
1580 1592
1594 1599
1604 1609
1611 1619
1625 1632
1640 1652
1653 1656
1657 1662
1663 1668
1673 1679
1686 1695
1704 1712
1713 1717
1732 1738
1743 1758
1768 1773
1774 1785
1787 1790
1795 1803
1816 1826
1839 1868
1869 1873
1889 1897
1898 1911
1914 1925
1926 1931
1936 1952
1954 1965
1967 1970
1987 1993
1999 2015
2019 2023
2024 2035
2042 2051
2062 2065
2072 2084
2094 2102
2105 2127
2128 2151
2157 2169
2173 2179
2182 2200
2205 2209
2210 2225
2229 2246
2247 2260
2261 2291
2293 2297
2303 2318
2323 2329
2337 2345
2346 2354
2355 2359
2363 2379
2386 2391
2396 2406
2412 2418
2420 2429
2432 2441
2446 2459
2463 2471
2474 2485
2487 2501
2504 2511
2544 2552
2553 2568
2570 2586
2596 2600
2602 2611
2619 2625
2626 2636
2637 2652
2660 2676
2683 2689
2690 2705
2706 2713
2715 2741
2747 2761
2763 2770
2775 2782
2783 2788
2796 2805
2807 2820
2834 2837
2839 2849
2865 2871
2879 2885
2893 2899
2924 2935
2946 2950
2963 2975
2976 2990
2999 3017
3023 3031
3046 3056
3084 3092
3097 3113
3121 3133
3136 3141
3142 3166
3174 3186
3192 3204
3214 3224
3232 3242
3243 3247
3249 3267
3282 3292
3293 3310
3314 3324
3325 3337
3349 3363
3369 3386
3387 3399
3400 3409
3420 3432
3456 3474
3486 3495
3501 3527
3531 3543
3547 3559
3569 3574
3575 3581
3591 3600
3601 3613
3620 3638
3646 3658
3665 3672
3673 3681
3693 3708
3709 3736
3743 3753
3770 3775
3784 3797
3802 3826
3898 3903
3905 3923
3931 3943
3950 3973
3975 3983
3984 3989
3998 4008
4016 4022
4026 4046
4065 4068
4087 4094
