0.047959 9.143852
0.031973 8.493992
0.031973 3.923448
0.031973 1.762907
0.159864 9.614619
0.031973 10.346008
0.031973 9.338210
0.079932 0.977238
0.031973 10.452476
0.031973 2.642985
0.031973 11.510904
0.031973 10.189538
0.031973 4.326721
0.031973 13.396953
0.015986 12.940956
0.031973 15.273096
0.015986 5.782631
0.031973 17.463944
0.031973 14.476927
0.015986 15.319535
0.031973 24.541582
0.047959 16.430669
0.015986 24.078389
0.015986 18.014365
0.031973 13.669710
0.031973 16.364369
0.015986 10.258358
0.063946 3.414973
0.015986 12.235170
0.047959 4.487299
0.031973 12.311626
0.031973 16.386669
0.031973 12.693725
0.015986 15.807628
0.015986 12.319234
0.015986 6.625204
0.015986 15.079295
0.015986 15.309213
0.015986 15.655947
0.015986 12.329759
0.015986 17.712899
0.015986 12.720299
0.015986 18.887103
0.015986 20.194677
0.015986 15.471992
0.015986 15.007021
0.015986 13.471126
0.015986 11.162326
0.031973 14.361399
0.015986 11.283168
0.031973 14.429544
0.031973 10.759530
0.047959 7.804024
0.047959 8.514570
0.063946 9.328171
0.047959 16.698140
0.031973 13.144478
0.031973 12.917645
0.031973 11.076014
0.047959 12.154950
0.047959 11.206973
0.063946 14.186823
0.047959 12.979122
0.015986 9.697355
0.015986 14.067498
0.015986 11.275186
0.015986 11.340308
0.031973 10.591525
0.079932 8.385641
0.047959 8.496383
0.079932 11.769884
0.047959 11.081578
