0.095918 6.930943
0.047959 16.557691
0.031973 3.166415
0.511565 1.654214
0.031973 2.099072
0.799320 3.864084
0.175850 4.987580
0.063946 4.767665
0.079932 2.051448
0.047959 3.995270
0.031973 3.222956
0.047959 5.176114
0.095918 0.687780
0.031973 7.463413
0.031973 8.395292
0.031973 12.102710
0.031973 10.758547
0.079932 4.843018
0.031973 12.696517
0.031973 8.818597
0.031973 13.042934
0.031973 10.542816
0.031973 14.962377
0.047959 5.217416
0.047959 6.470273
0.031973 12.453326
0.031973 15.053125
0.031973 14.697425
0.015986 13.135920
0.031973 7.170521
0.031973 13.674840
0.031973 9.091687
0.031973 7.876211
0.031973 4.637797
0.031973 13.304368
0.031973 10.971131
0.031973 4.387632
0.031973 11.116596
0.031973 11.908137
0.031973 5.360902
0.047959 13.762015
0.031973 13.556644
0.031973 9.757302
0.031973 14.149155
0.031973 15.159765
0.031973 10.729366
0.031973 9.699629
0.031973 14.088054
0.031973 11.974434
0.047959 7.791482
0.031973 13.588841
0.031973 13.349173
0.031973 8.763682
0.031973 13.421691
0.031973 7.901682
0.031973 6.850160
0.063946 11.569073
0.015986 16.818678
0.031973 13.632775
0.031973 15.150250
0.047959 20.695135
0.031973 13.505829
0.047959 16.087027
0.031973 13.955739
0.031973 13.181872
0.031973 10.697976
0.031973 9.149242
0.031973 8.342738
0.063946 6.019482
0.031973 14.290049
0.031973 11.636771
0.031973 6.888511
0.031973 11.325487
0.031973 9.303463
0.047959 8.033551
0.031973 5.811080
0.031973 6.937723
0.031973 6.902994
0.031973 11.861044
0.031973 11.106998
0.031973 11.661561
0.031973 11.697946
0.031973 12.787654
0.031973 15.851984
0.031973 16.561496
0.031973 15.862666
0.031973 11.660749
0.031973 6.797280
0.031973 8.517618
0.031973 9.771370
0.031973 6.742155
0.031973 4.497828
0.063946 7.774200
0.095918 6.527682
0.031973 7.117475
0.031973 8.295890
0.031973 9.274650
0.031973 7.510388
0.031973 6.469602
0.031973 8.448657
0.031973 9.517682
0.031973 7.970405
0.031973 7.083149
0.095918 7.461569
0.031973 9.458996
0.047959 8.298717
0.031973 6.875801
0.031973 5.381865
0.031973 6.343425
0.047959 9.302090
0.031973 8.588098
0.047959 7.552889
0.031973 3.766065
0.127891 5.103647
0.111905 6.495509
0.031973 6.786112
0.111905 9.219932
0.207823 7.660191
0.111905 6.959947
0.111905 8.803470
0.127891 13.599178
0.111905 10.072425
0.111905 7.639578
0.031973 6.841464
0.047959 7.835215
0.031973 9.883834
0.031973 12.536392
0.031973 10.711127
0.031973 6.155160
0.031973 6.244885
0.207823 9.489693
0.031973 6.499954
0.031973 7.692824
0.031973 8.840143
0.031973 10.312989
0.031973 7.408258
0.047959 10.464075
0.031973 8.190180
0.031973 8.498200
0.031973 8.941625
0.031973 12.859674
0.031973 8.708288
0.047959 10.659027
0.063946 6.012570
0.047959 4.038897
0.031973 6.260779
0.031973 4.338013
0.047959 7.352832
0.111905 5.474793
0.031973 6.015702
0.031973 5.080599
0.031973 6.866651
0.031973 4.686219
0.031973 6.839184
0.031973 5.384448
0.031973 7.274173
0.031973 5.969369
0.031973 5.833092
0.031973 4.523977
0.031973 5.496252
0.031973 5.353164
