0.079932 5.878680
0.000000 0.000000
0.047959 4.177631
0.255782 5.409352
0.000000 0.000000
0.079932 6.695524
0.063946 4.192121
0.000000 0.000000
0.063946 5.777541
0.047959 4.300815
0.127891 0.549478
0.047959 5.140305
0.047959 4.281052
0.031973 6.401018
0.031973 2.855246
0.031973 9.996785
0.031973 11.902585
0.031973 15.112076
0.063946 4.860021
0.015986 13.565575
0.031973 12.342403
0.031973 15.050733
0.031973 12.282212
0.031973 14.646143
0.031973 10.381008
0.031973 17.435638
0.031973 16.022535
0.015986 14.066709
0.031973 15.937557
0.063946 3.441240
0.063946 3.395181
0.031973 9.859667
0.031973 13.948352
0.031973 12.738584
0.031973 6.509732
0.031973 12.432490
0.047959 12.242173
0.031973 13.639253
0.031973 9.803105
0.031973 14.528154
0.031973 15.944856
0.031973 12.348384
0.015986 7.752639
0.031973 17.073470
0.031973 16.098248
0.031973 6.574248
0.031973 14.220699
0.031973 14.941366
0.031973 17.566397
0.031973 11.425415
0.047959 9.078848
0.031973 10.448389
0.031973 12.588878
0.031973 11.405021
0.015986 7.562821
0.031973 13.007808
0.047959 8.054125
0.031973 15.774746
0.031973 10.110185
0.015986 13.008636
0.031973 12.712088
0.031973 14.702892
0.015986 12.244795
0.031973 9.991742
0.047959 14.160739
0.031973 15.477652
0.047959 20.507151
0.031973 20.597352
0.031973 18.675421
0.031973 13.885365
0.031973 17.315109
0.031973 14.070139
0.031973 17.273707
0.031973 14.671404
0.047959 14.592767
0.031973 16.151312
0.047959 11.336200
0.031973 14.336594
0.031973 7.826633
0.031973 7.876370
0.047959 5.814944
0.047959 8.672506
0.031973 14.614399
0.015986 13.111460
0.031973 13.805215
0.047959 15.395322
0.047959 14.229220
0.031973 15.731881
0.015986 16.377887
0.031973 17.111268
0.031973 17.866335
0.031973 18.594940
0.031973 17.829340
0.031973 17.328379
0.031973 15.435055
0.031973 14.291813
0.031973 13.349583
0.031973 11.087670
0.031973 7.287384
0.095918 7.754232
0.031973 9.355938
0.111905 7.678787
0.079932 6.460825
0.031973 8.493788
0.031973 8.528847
0.047959 9.691794
0.031973 7.294201
0.031973 8.140073
0.063946 9.574656
0.047959 11.708076
0.095918 9.112118
0.079932 8.466247
0.031973 9.550675
0.031973 9.796552
0.047959 13.043209
0.031973 8.403032
0.031973 10.476159
0.047959 7.621368
0.191837 9.923128
0.031973 9.942023
0.031973 9.560346
0.031973 9.296423
0.031973 7.407877
0.031973 10.706270
0.031973 9.433376
0.031973 9.674490
0.031973 6.270723
0.095918 9.500990
0.031973 8.873648
0.031973 5.289652
0.031973 5.480078
0.031973 6.351101
0.063946 5.644636
0.031973 10.644321
0.047959 7.915522
0.031973 6.821826
0.031973 4.849817
0.031973 6.974539
0.031973 10.599311
0.031973 11.938374
0.031973 12.302542
0.031973 11.530130
0.031973 16.720053
0.031973 13.187588
0.031973 13.360146
0.031973 11.270373
0.015986 9.935261
0.031973 10.823287
0.015986 8.250933
0.031973 9.487816
0.031973 12.229353
0.031973 10.217349
0.031973 12.486560
0.031973 8.137067
0.047959 11.214568
0.047959 12.724651
0.047959 6.609128
0.031973 11.268504
0.047959 6.157169
0.031973 6.765355
0.031973 6.312417
0.031973 6.180369
0.031973 8.314058
0.031973 8.071941
0.031973 9.121851
0.031973 7.404949
0.031973 6.777751
0.031973 7.458695
0.031973 9.461007
0.031973 6.285521
0.079932 6.559805
0.015986 6.783174
0.031973 7.376968
0.031973 6.652112
0.031973 6.200151
0.079932 4.289513
0.047959 5.684127
0.031973 7.342288
0.031973 9.069666
0.031973 7.558134
0.031973 6.853501
0.095918 9.864987
0.015986 5.888689
0.031973 9.949541
0.031973 8.557724
0.015986 7.200314
0.031973 8.721140
0.015986 7.226646
0.031973 11.022871
0.031973 7.954626
0.031973 10.867909
0.031973 9.328020
0.031973 10.395775
0.031973 9.580768
0.031973 9.969506
0.031973 9.287640
0.031973 10.390019
0.031973 9.064460
0.031973 7.494709
0.031973 8.310457
0.015986 7.161962
0.031973 8.190895
0.031973 7.775517
0.015986 6.635026
0.031973 6.876935
0.031973 9.506958
0.031973 8.158342
0.031973 6.205201
0.031973 7.524331
0.031973 6.721022
0.031973 7.117623
0.031973 5.757657
0.031973 5.445400
0.047959 8.500904
0.031973 7.382434
0.031973 8.120310
0.031973 7.850183
0.031973 7.576176
0.031973 8.719660
0.031973 6.963553
0.031973 7.649310
0.031973 10.178785
0.031973 7.613627
0.031973 6.198843
0.031973 7.288465
0.079932 8.862710
0.063946 8.577402
0.031973 7.758612
