1 10
12 16
17 31
36 45
46 52
53 60
79 82
83 96
103 106
118 121
122 125
126 130
131 145
151 161
170 183
189 195
205 211
215 226
227 233
234 237
242 247
250 256
262 269
270 275
279 282
298 301
305 310
311 315
316 321
327 330
340 346
349 355
356 360
367 371
383 390
398 403
404 407
410 418
454 461
462 466
476 479
482 499
502 506
509 512
520 524
528 536
537 540
559 564
565 568
574 579
581 589
590 594
597 600
610 613
618 622
623 626
627 633
636 639
653 656
662 669
670 673
678 683
697 703
704 711
712 717
718 721
722 730
747 750
754 760
769 772
785 788
789 792
793 804
805 809
812 818
821 824
831 835
841 850
851 854
856 861
870 873
876 880
887 890
894 898
899 905
920 925
927 933
934 938
939 943
946 952
975 985
991 995
1009 1012
1019 1028
1029 1033
1036 1040
1053 1059
1066 1073
1074 1078
1079 1084
1099 1102
1106 1112
1116 1122
1140 1143
1153 1160
1163 1166
1189 1192
1200 1204
1210 1213
1223 1226
1238 1242
1248 1251
1260 1263
1278 1283
1290 1293
1366 1370
1379 1382
1422 1425
1432 1435
1441 1444
1465 1471
1477 1480
1481 1484
1534 1537
1547 1550
1551 1554
1562 1565
1616 1619
1624 1627
1728 1731
1744 1748
1789 1792
1800 1803
2016 2019
2028 2031
2032 2035
2150 2154
2211 2216
2220 2223
2239 2242
2390 2393
2414 2417
2449 2452
2473 2476
2479 2482
2506 2509
2518 2522
2577 2581
2594 2597
2602 2606
2609 2614
2617 2620
2634 2637
2657 2661
2674 2677
2682 2685
2703 2706
2770 2774
2788 2792
2837 2840
2843 2846
2849 2852
2923 2926
2929 2932
3002 3005
3016 3019
3022 3025
3061 3065
3074 3077
3124 3127
3130 3133
3136 3139
3194 3197
3218 3221
3240 3243
3283 3286
3357 3360
3372 3375
3385 3389
3464 3468
3529 3532
3570 3573
3679 3682
3890 3893
3905 3908
3918 3921
3924 3927
3932 3935
3944 3947
3962 3965
3974 3978
3983 3987
3992 3995
4088 4092
