1 14
19 29
34 48
50 63
64 69
81 89
90 93
100 110
127 141
144 155
157 160
161 170
172 182
183 196
211 218
220 238
239 255
256 262
264 272
277 283
284 289
297 307
310 324
325 329
330 333
334 347
353 367
368 375
376 381
383 393
394 404
407 414
419 431
432 456
457 472
490 493
504 518
519 531
532 537
540 556
557 566
572 581
585 599
601 617
618 626
627 641
648 664
667 673
684 688
692 700
704 716
717 740
741 754
756 759
760 777
778 785
799 815
819 835
854 874
880 887
889 892
896 910
918 922
923 929
932 937
938 953
968 979
981 984
991 998
999 1005
1006 1014
1015 1030
1040 1061
1064 1071
1080 1090
1095 1099
1111 1115
1121 1138
1142 1145
1158 1167
1168 1180
1187 1194
1204 1211
1218 1231
1232 1249
1250 1263
1272 1286
1287 1294
1295 1303
1307 1320
1323 1328
1330 1338
1348 1358
1366 1377
1381 1399
1404 1407
1408 1423
1433 1439
1451 1456
1463 1470
1473 1491
1495 1507
1516 1522
1538 1550
1558 1569
1571 1583
1584 1589
1591 1595
1596 1604
1605 1611
1612 1627
1630 1645
1649 1654
1664 1669
1671 1684
1686 1697
1698 1713
1714 1721
1730 1742
1750 1760
1768 1775
1784 1797
1798 1810
1811 1818
1819 1825
1835 1841
1844 1853
1854 1857
1866 1873
1889 1895
1898 1922
1928 1935
1948 1951
1995 2002
2033 2046
2054 2061
2062 2067
2068 2084
2086 2097
2121 2142
2162 2178
2190 2199
2211 2216
2223 2230
2260 2263
2283 2286
2289 2299
2303 2312
2319 2327
2397 2404
2442 2454
2510 2513
2573 2578
2608 2615
2650 2656
2669 2678
2705 2715
2743 2756
2778 2787
2895 2902
2906 2918
3056 3063
3136 3143
3151 3163
3166 3173
3187 3195
3196 3202
3239 3250
3347 3354
3488 3496
3524 3536
3622 3627
3650 3657
