1 18
22 25
43 47
58 62
88 92
100 109
132 138
176 182
190 195
218 226
232 242
243 252
263 270
271 284
285 290
291 295
299 303
306 316
322 330
331 353
354 359
360 367
368 371
372 380
392 410
420 440
448 457
462 478
480 501
502 507
508 518
519 533
541 552
569 575
577 593
594 605
613 626
634 644
655 672
679 686
692 709
711 716
717 726
730 736
738 751
753 773
780 789
799 810
817 830
836 848
855 861
871 889
894 903
906 929
930 956
957 970
976 993
1000 1022
1023 1036
1043 1065
1072 1078
1083 1106
1109 1128
1345 1354
2197 2207
3187 3191
3198 3212
3236 3242
