0.063946 4.154359
0.319728 1.564819
0.000000 0.000000
0.127891 1.291549
0.047959 6.870732
0.047959 0.454166
0.047959 6.771169
0.063946 1.089006
0.047959 5.496469
0.031973 5.735515
0.047959 2.133665
0.031973 6.567726
0.031973 10.925886
0.015986 10.705134
0.031973 10.408346
0.063946 5.547382
0.015986 12.560756
0.031973 10.408508
0.031973 12.050415
0.047959 11.270078
0.047959 11.855857
0.047959 8.879913
0.031973 10.901910
0.047959 3.738594
0.063946 4.578377
0.031973 13.555430
0.031973 7.976766
0.031973 9.642942
0.031973 10.492448
0.031973 8.864523
0.031973 7.627047
0.031973 12.838660
0.031973 5.463995
0.031973 11.093311
0.015986 12.219794
0.031973 7.957315
0.079932 9.341232
0.031973 15.424837
0.031973 13.379216
0.031973 8.768442
0.015986 4.329772
0.031973 10.109786
0.031973 12.264197
0.031973 6.627720
0.031973 10.077284
0.047959 9.065208
0.031973 6.154153
0.031973 7.702985
0.031973 12.354836
0.031973 11.510885
0.031973 13.229464
0.031973 12.968192
0.047959 12.235323
0.031973 11.678265
0.031973 8.181323
0.031973 10.310441
0.047959 10.779687
0.047959 7.086866
0.047959 8.706258
0.031973 9.959569
0.031973 9.561315
0.031973 10.224602
0.031973 12.505564
0.063946 7.183345
0.031973 12.662968
0.047959 14.128317
0.047959 17.857564
0.031973 12.432517
0.047959 15.972032
0.031973 10.110710
0.047959 11.878143
0.031973 13.615663
0.015986 8.665204
0.015986 7.729621
0.031973 10.607104
0.031973 8.853876
0.031973 7.727834
0.031973 11.149418
0.031973 6.706315
0.063946 8.001915
0.031973 9.469731
0.047959 9.182443
0.031973 7.041906
0.031973 7.697701
0.031973 10.068264
0.031973 9.054424
0.031973 8.355987
0.031973 7.299985
0.047959 8.709130
0.031973 8.961949
0.031973 11.178784
0.031973 10.671215
