0.047959 7.963454
0.671429 2.618596
0.031973 1.341839
0.351701 2.407433
0.063946 5.774670
0.031973 2.482641
0.031973 9.588489
0.159864 0.931074
0.031973 9.455093
0.031973 8.384511
0.031973 10.579663
0.031973 0.742078
0.015986 8.614680
0.031973 8.739108
0.015986 5.242897
0.031973 1.820175
0.015986 11.285578
0.031973 12.595987
0.015986 12.588888
0.015986 6.422786
0.015986 10.313158
0.031973 19.633499
0.031973 21.433507
0.047959 13.341038
0.031973 17.794939
0.015986 16.539093
0.031973 16.847300
0.031973 7.217779
0.015986 12.536642
0.031973 15.743838
0.015986 6.075597
0.047959 8.423347
0.063946 4.487612
0.031973 6.995886
0.031973 15.905043
0.015986 14.448739
0.031973 17.056555
0.015986 6.824829
0.031973 15.381659
0.015986 16.759476
0.031973 10.139325
0.031973 17.203836
0.031973 15.233936
0.047959 2.234282
0.031973 15.186465
0.031973 15.732557
0.015986 11.168046
0.031973 21.303019
0.031973 18.518588
0.031973 22.967508
0.031973 18.431825
0.015986 15.893272
0.031973 9.918330
0.015986 5.628911
0.031973 10.601173
0.031973 12.249522
0.031973 4.846958
0.015986 6.620810
0.031973 11.598062
0.031973 12.230564
0.031973 10.202132
0.063946 13.262927
0.047959 11.111556
0.031973 15.270599
0.031973 14.890880
0.047959 7.676031
0.031973 15.333253
0.015986 12.483064
0.031973 16.404290
0.015986 13.194339
0.031973 19.407944
0.031973 21.727519
0.031973 23.751590
0.031973 17.153122
0.031973 17.186498
0.031973 15.940508
0.031973 18.748999
0.015986 15.426956
0.031973 14.743648
0.047959 10.268960
0.047959 10.659168
0.031973 15.274213
0.047959 13.092287
0.031973 19.347172
0.047959 16.570310
0.047959 16.633867
0.015986 14.744458
0.031973 12.353571
0.015986 15.832940
0.015986 10.162023
0.015986 10.874331
0.015986 13.967258
0.031973 16.776090
0.031973 20.100114
0.031973 18.619535
0.031973 19.497613
0.031973 17.195814
0.031973 17.444120
0.031973 13.835557
0.015986 11.154470
0.031973 10.162475
0.031973 12.848907
0.031973 11.948691
0.015986 7.710791
0.031973 8.428060
0.047959 15.153780
0.031973 12.727852
0.031973 14.672894
0.031973 14.090154
0.015986 13.678099
0.031973 9.460111
0.015986 9.907432
0.031973 14.993559
0.031973 10.239542
0.031973 12.339322
0.031973 12.142301
0.031973 8.343255
0.031973 9.705424
0.031973 9.468326
0.031973 6.487050
0.031973 7.340582
0.031973 8.872495
0.031973 10.956325
0.015986 9.176633
0.015986 11.827920
0.015986 11.531901
0.015986 12.852265
0.015986 11.903806
0.031973 11.474557
0.031973 8.200351
0.047959 15.855634
0.031973 11.080888
0.031973 14.237361
0.031973 14.038968
0.031973 8.432718
0.031973 9.473930
0.031973 10.868090
0.031973 10.003000
0.047959 10.251609
0.031973 11.746139
0.015986 8.495248
0.031973 8.186912
0.031973 9.266842
0.031973 10.476257
0.031973 9.849833
0.031973 10.511831
0.031973 8.913201
0.031973 6.696402
0.031973 4.703511
0.047959 8.905130
0.031973 9.343745
0.031973 9.529783
0.031973 6.788635
0.047959 8.800942
0.031973 6.789516
0.031973 6.324397
0.031973 8.267203
0.031973 5.525095
0.031973 6.459237
0.047959 10.031349
0.031973 14.441476
0.031973 7.651649
0.031973 9.689972
0.047959 9.009060
0.031973 9.850195
0.031973 11.478001
0.031973 8.902905
0.031973 8.328395
0.031973 6.804714
0.031973 7.684700
0.031973 9.041991
0.031973 7.959584
0.031973 7.406974
0.015986 9.529342
0.031973 11.359086
0.031973 8.587463
0.031973 8.335448
0.031973 7.366442
0.031973 7.705964
0.031973 6.434473
0.031973 5.696991
0.031973 6.021089
0.047959 8.213282
0.031973 4.714297
0.031973 6.810894
0.015986 5.115553
0.015986 8.153309
0.031973 8.792925
0.015986 8.020550
0.031973 8.398725
0.031973 6.978986
0.047959 6.147328
0.031973 4.209725
0.031973 4.258443
0.031973 8.009304
0.031973 5.495118
0.031973 3.618279
0.031973 4.496077
0.031973 6.707142
0.015986 6.509597
0.031973 8.497925
0.031973 9.749524
0.031973 10.754377
0.031973 9.598871
0.015986 7.054871
0.031973 7.429863
0.031973 5.205958
0.031973 6.878073
0.031973 5.814242
0.031973 6.131310
0.031973 7.820662
0.015986 6.759829
0.031973 8.576780
0.031973 7.828910
0.031973 7.294415
0.031973 7.565715
0.031973 5.860401
0.031973 5.896751
0.031973 6.354363
0.031973 6.810183
0.031973 6.986356
0.031973 7.168925
0.031973 7.882736
0.031973 8.483866
0.031973 8.729877
0.031973 6.611115
0.031973 10.169627
0.031973 8.035303
0.031973 8.722670
0.031973 8.821682
0.031973 7.748728
0.031973 6.038234
0.031973 6.635765
0.031973 5.333979
0.031973 9.742596
