1 13
16 20
23 27
32 40
41 48
59 74
86 96
99 103
131 146
150 161
174 182
194 202
218 230
231 242
250 255
260 271
275 287
295 298
299 316
319 325
326 330
333 342
343 346
347 352
353 359
360 371
381 386
390 397
398 404
425 436
442 451
456 470
483 492
504 521
523 533
534 538
542 553
554 563
564 577
578 594
595 606
614 625
634 643
654 673
674 689
695 713
714 725
726 731
732 751
752 765
766 771
779 794
798 811
822 831
841 858
871 877
885 905
907 922
923 937
944 958
965 988
996 1003
1004 1016
1021 1037
1039 1042
1050 1059
1064 1080
1088 1091
1093 1100
1106 1132
1140 1151
1155 1180
1182 1192
1193 1198
1206 1225
1259 1264
1440 1444
1472 1479
1578 1582
1733 1738
1746 1752
2291 2302
