0.095918 4.991395
0.015986 7.369065
0.000000 0.000000
0.000000 0.000000
0.367687 1.086500
0.031973 5.746864
0.031973 5.699777
0.031973 1.043787
0.031973 7.774233
0.031973 1.520311
0.031973 8.507101
0.031973 9.495765
0.031973 3.229502
0.031973 16.268243
0.031973 4.524950
0.031973 7.503097
0.047959 14.854763
0.047959 15.427807
0.031973 17.005985
0.047959 6.695009
0.015986 14.813079
0.031973 15.320603
0.031973 10.400490
0.031973 15.219587
0.031973 12.523982
0.031973 12.723158
0.063946 2.439715
0.063946 2.854098
0.031973 9.613697
0.015986 12.775704
0.031973 14.874691
0.031973 14.913145
0.031973 8.230702
0.031973 14.796529
0.031973 7.698830
0.031973 12.873993
0.031973 13.135213
0.031973 8.775839
0.031973 17.327780
0.031973 16.592367
0.031973 15.654777
0.031973 9.098203
0.031973 14.015941
0.031973 13.414067
0.031973 11.175683
0.031973 12.175967
0.031973 13.471223
0.031973 12.206355
0.031973 12.308665
0.031973 13.739078
0.031973 9.889441
0.015986 14.114235
0.031973 12.037570
0.031973 12.659411
0.031973 8.320510
0.031973 10.080613
0.031973 12.549191
0.031973 11.730179
0.015986 11.507124
0.031973 12.602235
0.031973 11.565462
0.031973 11.636427
0.031973 15.820503
0.047959 11.004104
0.031973 16.496038
0.031973 16.262173
0.047959 11.584633
0.031973 21.044582
0.031973 17.375272
0.031973 16.515955
0.031973 17.459173
0.047959 16.816342
0.031973 15.480281
0.031973 18.920924
0.031973 19.539947
0.047959 12.627056
0.031973 16.631460
0.031973 15.779031
0.031973 14.596709
0.031973 13.322692
0.031973 12.366907
0.031973 11.623654
0.031973 9.007989
0.031973 11.165967
0.031973 12.949912
0.031973 9.862406
0.031973 11.066605
0.031973 8.158213
0.031973 10.490023
0.031973 8.228732
0.031973 8.859812
0.031973 9.022748
0.031973 8.479697
0.031973 7.802021
0.047959 8.315519
0.079932 7.321420
0.063946 7.065323
0.031973 6.855632
0.031973 9.091925
0.031973 9.237863
0.031973 10.825450
0.031973 10.784813
0.031973 10.778427
0.031973 11.734699
0.031973 12.919239
0.031973 13.637579
0.031973 11.689400
0.031973 9.593885
0.031973 11.236278
0.031973 10.134355
0.031973 11.158650
0.031973 7.693636
0.031973 7.387052
0.031973 11.855912
0.031973 12.279849
0.031973 9.655209
0.031973 8.698823
0.031973 7.700907
0.047959 9.369919
0.047959 8.821415
0.031973 10.511992
0.031973 9.488820
0.047959 11.276222
0.031973 8.318935
0.031973 6.609459
