0.095918 3.608195
0.191837 0.915857
0.095918 3.115970
0.495578 4.045312
0.063946 6.253279
0.175850 3.986792
0.127891 3.927175
0.079932 6.203108
0.079932 2.517763
0.095918 7.006622
0.095918 9.076468
0.079932 8.491288
0.159864 0.322275
0.079932 9.395081
0.095918 5.345458
0.111905 0.472106
0.095918 6.224035
0.079932 6.322355
0.063946 6.477234
0.079932 3.156147
0.079932 13.977159
0.079932 11.587582
0.079932 12.096747
0.079932 8.223930
0.079932 17.463368
0.079932 17.049725
0.079932 15.446857
0.079932 4.261729
0.079932 10.045097
0.079932 6.450733
0.079932 15.773780
0.079932 10.840020
0.095918 1.657290
0.079932 13.249195
0.079932 16.876870
0.079932 13.116359
0.095918 6.515617
0.079932 12.347725
0.079932 16.751283
0.079932 12.570543
0.079932 14.321941
0.095918 14.035360
0.079932 12.449420
0.063946 6.158757
0.079932 13.739789
0.127891 6.111573
0.111905 7.620516
0.079932 18.405411
0.079932 19.222600
0.079932 17.428223
0.079932 17.376947
0.079932 20.725015
0.079932 10.832094
0.079932 14.736410
0.079932 11.544546
0.079932 12.453184
0.079932 13.018730
0.079932 11.566012
0.079932 9.941590
0.079932 14.069382
0.079932 15.253305
0.079932 9.968782
0.079932 11.352821
0.111905 10.165725
0.079932 13.216038
0.079932 12.333515
0.095918 12.687233
0.111905 6.164998
0.079932 7.397692
0.095918 12.564542
0.079932 14.292458
0.079932 12.255944
0.079932 16.562030
0.079932 14.682535
0.079932 14.157153
0.079932 17.693411
0.079932 15.974309
0.079932 15.910309
0.079932 10.823107
0.079932 15.348073
0.079932 16.878408
0.079932 15.345650
0.079932 16.342698
0.095918 7.602427
0.095918 14.497502
0.095918 11.399143
0.079932 11.988352
0.095918 10.482344
0.095918 7.723388
0.095918 5.089354
0.079932 13.496117
0.063946 8.112048
0.079932 12.960771
0.079932 10.496667
0.095918 8.825801
0.063946 3.628722
0.079932 10.161642
0.079932 9.836818
0.079932 10.781581
0.079932 8.635177
0.079932 15.198669
0.079932 12.500104
0.063946 6.408959
0.063946 7.678580
0.079932 7.555697
0.079932 10.278558
0.079932 13.703732
0.079932 12.813529
0.079932 8.773431
0.095918 14.419616
0.079932 9.662303
0.079932 11.240289
0.079932 9.336124
0.079932 12.644187
0.079932 13.514673
0.095918 18.623246
0.079932 9.670236
0.079932 9.341460
0.095918 16.791669
0.127891 14.107553
0.111905 15.648039
0.127891 9.362120
0.095918 7.494221
0.079932 6.931741
0.079932 6.687925
0.079932 10.122374
0.063946 9.047204
0.063946 7.630855
0.079932 8.371850
0.079932 9.885340
0.079932 10.957103
0.079932 12.053169
0.079932 6.611716
0.079932 10.376701
0.079932 3.624071
0.079932 4.915783
0.079932 8.043009
0.079932 6.487591
0.079932 9.922431
0.063946 4.426094
0.079932 4.968624
0.063946 3.747049
0.079932 5.937170
0.079932 7.599125
0.063946 3.304366
0.079932 8.987735
0.079932 3.891682
0.079932 5.373772
0.063946 3.267661
0.079932 5.489998
0.079932 6.428049
0.079932 6.746201
0.079932 7.929048
0.079932 7.958545
0.079932 6.661521
0.079932 7.617105
0.000000 0.000000
0.223810 3.853133
0.079932 2.566336
0.063946 4.603757
0.255782 4.292247
0.063946 4.112982
0.079932 4.098685
0.079932 7.023514
0.063946 4.783220
0.095918 2.496638
0.127891 5.900773
0.175850 2.482684
0.303741 2.407538
0.079932 3.940275
0.143878 2.397037
0.063946 3.415852
0.079932 5.126517
0.079932 8.064761
0.143878 1.349346
0.127891 3.424455
0.063946 4.066871
0.111905 4.837736
0.351701 1.828486
0.255782 1.667591
0.079932 1.992636
0.159864 1.578167
0.000000 0.000000
0.079932 4.045895
0.127891 5.542849
0.047959 1.728903
0.303741 5.551269
0.079932 3.079187
0.079932 3.429283
0.079932 1.184034
0.095918 3.805023
0.063946 4.572451
0.079932 2.579865
0.223810 3.055168
0.095918 4.331104
0.271769 2.991063
0.479592 0.668693
0.079932 2.119113
0.079932 1.478190
0.079932 3.444870
0.127891 3.882191
0.367687 3.177326
0.000000 0.000000
0.000000 0.000000
0.447619 3.826486
0.079932 1.455713
0.063946 4.361038
0.079932 1.289811
0.000000 0.000000
0.399660 1.738162
0.271769 1.583944
0.159864 1.627049
0.111905 2.060525
0.063946 1.686027
0.463605 1.640468
0.079932 1.973419
0.303741 2.359358
0.463605 2.375234
0.239796 1.866613
0.063946 2.956174
0.287755 1.118060
0.000000 0.000000
0.495578 1.087881
0.463605 5.272766
0.000000 0.000000
0.063946 1.458247
0.127891 3.260495
0.159864 4.260181
0.063946 3.487606
0.287755 0.875331
0.479592 3.129719
0.303741 2.134460
0.287755 6.492442
