1 14
18 29
31 37
38 50
51 60
67 71
74 84
85 92
93 96
101 113
114 129
133 145
146 153
157 162
174 177
178 183
188 199
204 210
211 221
222 226
227 231
236 241
242 245
248 263
272 278
280 284
290 297
305 318
322 328
335 350
352 360
362 371
375 392
397 405
407 418
427 430
434 442
443 447
451 463
464 486
487 494
509 518
523 530
533 537
540 555
558 565
576 580
590 594
595 600
604 616
626 634
643 648
659 667
668 672
687 698
699 708
710 713
714 717
718 736
744 750
755 759
761 764
765 769
775 781
785 798
799 803
804 814
826 831
832 843
845 849
853 856
857 863
864 874
879 884
887 890
891 894
895 898
900 909
910 920
922 930
931 937
951 955
959 974
982 987
992 1009
1016 1032
1042 1049
1050 1068
1072 1082
1088 1091
1092 1097
1098 1107
1113 1122
1123 1130
1136 1140
1141 1149
1159 1169
1171 1177
1178 1188
1189 1200
1201 1208
1210 1220
1221 1225
1234 1241
1248 1258
1261 1278
1284 1289
1297 1303
1313 1320
1325 1334
1347 1351
1352 1355
1372 1377
1378 1387
1388 1394
1395 1405
1406 1416
1422 1429
1430 1435
1437 1446
1455 1467
1475 1479
1493 1508
1509 1514
1515 1519
1520 1523
1524 1532
1533 1537
1551 1560
1571 1574
1577 1586
1595 1608
1615 1627
1635 1643
1645 1654
1656 1662
1663 1680
1686 1693
1694 1700
1712 1725
1734 1743
1744 1759
1767 1775
1776 1791
1793 1797
1798 1805
1811 1816
1817 1820
1823 1829
1848 1866
1871 1898
1950 1968
1979 1988
1998 2006
2008 2012
2015 2023
2024 2036
2038 2044
2058 2069
2071 2083
2108 2130
2148 2156
2166 2173
2175 2185
2190 2195
2203 2214
2217 2228
2230 2241
2246 2260
2265 2277
2278 2286
2287 2305
2307 2322
2332 2339
2343 2362
2366 2387
2388 2407
2411 2419
2425 2441
2451 2474
2476 2481
2484 2489
2491 2506
2518 2523
2536 2546
2548 2558
2560 2568
2575 2584
2591 2594
2595 2612
2630 2640
2648 2658
2679 2683
2771 2779
2805 2812
2877 2881
2895 2904
2938 2948
2949 2968
2969 2979
2987 2990
2991 3001
3006 3012
3014 3020
3026 3040
3041 3049
3067 3072
3096 3119
3120 3125
3127 3133
3185 3204
3215 3220
3228 3239
3240 3257
3280 3292
3293 3307
3331 3357
3362 3366
3385 3401
3403 3412
3418 3427
3431 3451
3454 3472
3473 3488
3489 3495
3497 3511
3530 3545
3549 3571
3579 3603
3635 3653
3667 3671
3770 3782
3983 3986
4038 4043
4074 4077
