0.047959 5.805923
0.000000 0.000000
0.063946 1.203821
0.207823 2.901218
0.143878 2.888089
0.031973 3.276465
0.271769 0.538234
0.031973 5.599735
0.047959 0.602774
0.031973 8.356546
0.159864 0.326119
0.031973 6.925499
0.031973 7.543574
0.031973 1.507906
0.015986 10.710071
0.015986 12.392618
0.031973 7.621604
0.031973 15.617267
0.031973 14.249199
0.031973 6.498782
0.031973 13.515572
0.031973 14.715100
0.047959 15.452454
0.031973 17.454877
0.031973 18.912225
0.063946 7.097468
0.015986 15.733712
0.015986 15.988932
0.015986 11.626550
0.015986 14.177894
0.047959 3.079380
0.047959 2.667576
0.015986 15.440913
0.015986 10.345720
0.031973 13.070894
0.031973 17.247440
0.015986 14.932324
0.015986 11.341419
0.031973 16.744987
0.015986 11.543312
0.031973 13.649476
0.031973 15.148504
0.031973 15.773631
0.031973 10.591834
0.031973 18.459601
0.031973 19.170167
0.031973 18.032111
0.015986 15.688879
0.015986 17.820340
0.015986 13.937330
0.015986 17.806893
0.015986 15.725271
0.015986 16.816762
0.015986 13.985110
0.015986 15.395772
0.015986 14.670338
0.015986 16.170242
0.015986 10.692428
0.031973 15.061824
0.047959 8.699286
0.047959 10.037879
0.031973 10.052187
0.015986 7.284108
0.031973 12.532525
0.015986 8.471189
0.031973 10.402767
0.031973 8.010661
0.031973 12.796601
0.031973 11.337889
0.031973 14.208343
0.031973 16.315925
0.047959 11.801699
0.031973 19.308168
0.031973 21.033130
0.031973 15.965559
0.031973 18.448354
0.015986 13.151787
0.031973 13.195289
0.015986 13.035870
0.015986 15.682073
0.047959 13.117516
0.015986 16.439580
0.015986 14.931970
0.015986 15.412290
0.015986 11.800899
0.015986 13.350069
0.031973 14.026975
0.015986 7.794783
0.031973 11.101094
0.015986 10.646467
0.015986 10.934799
0.015986 10.292282
0.015986 11.536754
0.015986 10.750687
0.015986 12.333949
0.015986 9.718076
0.015986 11.189565
0.015986 11.233272
0.015986 9.434288
0.015986 10.271633
0.015986 12.765987
0.015986 12.065349
0.015986 11.286322
0.015986 10.518691
0.031973 9.382772
0.015986 6.849183
0.047959 9.845444
0.047959 9.159653
0.031973 7.672789
0.015986 6.917460
0.015986 7.813770
0.015986 7.553895
0.015986 7.113118
0.015986 10.512601
0.015986 8.450402
0.015986 9.572543
0.015986 9.467973
0.015986 8.921817
0.015986 5.150458
0.031973 6.867937
0.031973 7.550359
0.031973 6.927380
0.031973 6.172808
0.047959 7.565258
0.031973 7.065167
0.031973 6.098415
0.031973 5.053110
0.031973 10.818374
0.047959 9.046045
