0.079932 7.955473
0.127891 1.567455
0.255782 0.376918
0.000000 0.000000
0.047959 4.688258
0.367687 3.868250
0.047959 6.557321
0.047959 7.055001
0.047959 8.215837
0.063946 4.351351
0.031973 7.455381
0.031973 6.967892
0.063946 6.276634
0.031973 4.762350
0.031973 9.962877
0.063946 6.299245
0.031973 12.003223
0.031973 17.486260
0.015986 14.715663
0.015986 11.476481
0.015986 16.573868
0.031973 17.676729
0.031973 10.926083
0.031973 15.143135
0.031973 4.086458
0.095918 1.852654
0.031973 14.461721
0.031973 12.359881
0.015986 6.235941
0.031973 16.616079
0.031973 13.840060
0.031973 10.689620
0.031973 16.581201
0.031973 8.221765
0.031973 10.702619
0.031973 5.283752
0.031973 6.360823
0.031973 11.377987
0.031973 13.726474
0.031973 7.717675
0.031973 5.261979
0.031973 15.386155
0.031973 14.393516
0.015986 5.730924
0.015986 13.531438
0.031973 11.387615
0.031973 16.302774
0.031973 13.626741
0.015986 6.245363
0.031973 12.663283
0.031973 14.379782
0.031973 15.532118
0.047959 9.192936
0.015986 8.423146
0.031973 14.860966
0.031973 12.828175
0.031973 13.804691
0.047959 6.564889
0.047959 5.692185
0.015986 17.469735
0.031973 16.016322
0.047959 13.180301
0.031973 17.016071
0.047959 11.163824
0.047959 16.743896
0.047959 19.262026
0.047959 18.625177
0.031973 11.760324
0.031973 11.565151
0.047959 12.137729
0.031973 10.744021
0.047959 4.113847
0.047959 9.029314
0.031973 11.354880
0.063946 5.444226
0.047959 7.120178
0.047959 5.444098
0.031973 4.761457
0.047959 8.416277
0.127891 7.607877
0.031973 6.336952
0.047959 6.002350
0.031973 8.065763
0.031973 8.867770
0.031973 10.154098
0.031973 7.813458
0.031973 8.473107
0.031973 10.412597
0.015986 7.483752
0.031973 8.223400
0.047959 3.381337
0.047959 8.683675
0.031973 8.518563
0.143878 3.665902
0.031973 9.441580
0.031973 9.489137
0.031973 6.763299
0.031973 10.490953
0.015986 6.806991
0.031973 10.232581
0.031973 8.723800
0.031973 5.609833
0.031973 7.902661
0.079932 9.818150
0.095918 10.451144
0.159864 6.407929
0.047959 8.400384
0.047959 7.599849
0.063946 4.141578
0.031973 5.589441
0.031973 7.266814
0.015986 4.019304
0.031973 7.165007
0.031973 8.560075
0.031973 9.378888
0.047959 8.643194
0.031973 7.958339
0.031973 4.833206
0.031973 9.717869
0.031973 6.332039
0.031973 9.330872
0.031973 8.218485
0.031973 7.676257
0.095918 8.356555
0.079932 7.590003
0.143878 9.467973
0.159864 6.452660
0.079932 7.814355
0.175850 8.708802
0.175850 8.197591
0.047959 12.058010
0.031973 10.842801
0.031973 13.327808
0.031973 12.701246
0.015986 7.352424
0.015986 8.797753
0.031973 6.195739
0.047959 6.057962
0.111905 8.612884
0.047959 6.168477
0.063946 7.254287
0.063946 10.520626
0.047959 7.477300
0.047959 7.025139
0.191837 7.341420
0.031973 6.529634
0.031973 6.924223
0.031973 7.009453
0.031973 6.926322
0.063946 6.037330
0.031973 8.483726
0.031973 9.564636
0.031973 7.052245
0.031973 7.159201
0.031973 9.849868
0.031973 7.576775
0.031973 7.727240
0.031973 6.943952
0.015986 8.586599
0.031973 9.178689
0.031973 4.598022
0.031973 8.073935
0.015986 6.619591
0.031973 11.518330
0.031973 7.598504
0.031973 8.630426
0.031973 9.008295
0.031973 7.638803
0.015986 6.074193
0.031973 6.190206
0.031973 6.069618
0.095918 7.665867
0.031973 6.786906
0.015986 7.037158
0.031973 6.452510
0.031973 7.526666
0.031973 7.876078
0.031973 5.721066
0.015986 7.799641
0.031973 9.788074
0.015986 9.953945
0.031973 8.448052
0.015986 6.713505
0.031973 7.517556
0.031973 7.122620
0.031973 6.623635
0.031973 4.273902
0.031973 9.424921
0.015986 10.408267
0.031973 8.966641
0.015986 7.672105
0.015986 9.231959
0.015986 7.993900
0.031973 7.541716
0.031973 6.706636
0.015986 7.888544
0.015986 7.638136
0.031973 8.950654
0.031973 8.171435
0.015986 8.353065
0.015986 7.701138
0.031973 6.446231
0.031973 6.525242
0.031973 6.518103
0.031973 5.703454
0.031973 5.472488
0.031973 5.768551
0.031973 7.558554
0.031973 8.702124
0.031973 6.470924
0.031973 7.025788
0.031973 6.237374
0.031973 8.489121
0.127891 4.710120
0.095918 6.786115
