1 9
17 30
34 41
42 48
55 61
62 65
70 73
80 85
88 92
93 96
100 103
122 125
131 141
146 149
158 163
170 189
194 199
200 203
210 213
216 234
236 240
243 246
251 257
261 277
285 290
295 300
304 309
313 319
341 347
348 358
360 364
387 391
397 406
407 410
411 415
433 436
443 446
454 464
472 478
484 497
503 507
519 524
527 532
533 536
537 541
549 555
558 567
582 588
589 594
602 605
608 612
616 620
625 628
652 657
661 668
669 677
679 682
698 702
703 714
717 722
724 730
748 759
766 772
786 790
794 801
802 805
827 832
833 836
838 852
857 861
879 884
885 892
893 898
899 902
909 912
920 923
924 927
928 932
933 936
937 944
945 949
954 958
964 970
976 980
981 985
988 992
993 996
1013 1016
1019 1022
1023 1026
1053 1059
1065 1069
1070 1076
1079 1084
1099 1102
1107 1111
1120 1126
1127 1130
1139 1142
1161 1164
1169 1172
1187 1192
1197 1200
1215 1218
1219 1225
1226 1229
1238 1241
1244 1248
1266 1271
1276 1279
1284 1296
1297 1306
1311 1314
1319 1322
1332 1336
1341 1345
1361 1365
1381 1384
1392 1395
1421 1424
1429 1432
1444 1447
1462 1465
1466 1469
1474 1477
1487 1490
1511 1514
1534 1538
1545 1548
1580 1584
1600 1603
1606 1609
1635 1638
1647 1651
1739 1744
1745 1748
1799 1803
1826 1829
1832 1835
1902 1907
1910 1915
1954 1958
1993 1996
2001 2004
2011 2014
2038 2041
2044 2048
2049 2052
2055 2058
2074 2077
2083 2086
2089 2092
2104 2107
2120 2124
2151 2154
2170 2174
2233 2236
2242 2245
2262 2265
2273 2276
2351 2355
2356 2359
2377 2380
2385 2388
2391 2394
2421 2424
2425 2428
2429 2432
2435 2439
2451 2454
2485 2489
2499 2502
2512 2516
2567 2570
2616 2619
2648 2651
2695 2698
2731 2735
2779 2782
2805 2808
2811 2814
2815 2818
2864 2867
2882 2885
2948 2951
2972 2975
3022 3025
3064 3067
3082 3085
3110 3113
3130 3133
3140 3143
3258 3262
3321 3325
3378 3381
3382 3386
3389 3392
3399 3403
3404 3409
3434 3437
3464 3467
3483 3486
3499 3502
3562 3566
3584 3589
3605 3608
3611 3614
3622 3625
3675 3679
3682 3685
3688 3691
3712 3715
3718 3721
3726 3731
3741 3744
3770 3774
3812 3816
3819 3824
3836 3839
3848 3851
3865 3868
3869 3874
3875 3881
3884 3887
3899 3904
3932 3936
3943 3946
3947 3950
3965 3971
4046 4049
4069 4074
4075 4081
4093 4096
