0.079932 4.691587
0.783333 2.784032
0.223810 1.356153
0.015986 5.067215
0.000000 0.000000
0.015986 7.167686
0.015986 1.973527
0.159864 5.112201
0.031973 0.948656
0.031973 6.446068
0.063946 0.536350
0.031973 7.425518
0.031973 1.260537
0.015986 8.839439
0.015986 12.859921
0.015986 7.745539
0.031973 16.811766
0.015986 10.337984
0.031973 8.600056
0.015986 13.278275
0.031973 14.964143
0.031973 15.314020
0.031973 15.644672
0.031973 17.534225
0.031973 19.972442
0.047959 7.050259
0.015986 14.705350
0.015986 15.895883
0.015986 12.092184
0.015986 12.054018
0.047959 3.148483
0.063946 3.233869
0.031973 9.864452
0.015986 15.234399
0.015986 12.093861
0.015986 8.429225
0.015986 15.582357
0.015986 14.260162
0.015986 12.798840
0.031973 9.190310
0.031973 12.224755
0.015986 9.317342
0.015986 13.825220
0.015986 10.177063
0.015986 13.233342
0.015986 10.799932
0.015986 10.442068
0.031973 10.975305
0.015986 12.094905
0.015986 10.492043
0.015986 14.245256
0.031973 12.140894
0.031973 7.405736
0.031973 10.031245
0.031973 7.451201
0.031973 9.044407
0.015986 7.193643
0.015986 8.026446
0.031973 8.560988
0.015986 11.323879
0.031973 10.496877
0.015986 12.045467
0.015986 13.529045
0.047959 11.517084
0.031973 12.978667
0.031973 16.116980
0.031973 13.119084
0.031973 6.911501
0.015986 9.734186
0.031973 8.600507
0.015986 9.561522
0.047959 13.230541
0.015986 11.045511
0.015986 7.526365
0.015986 9.917433
0.047959 9.808444
0.031973 8.616764
0.015986 8.565504
0.047959 6.967046
0.031973 8.214795
0.031973 10.262258
0.031973 9.757952
