67.000000 72.000000 0.015986
0.005426 0.007864 0.008754 0.008306 0.007655 0.007679 0.006750 0.004674 0.002713 0.001999 0.001977 0.002342 0.002359 0.002104 0.001689 0.001237 0.000923 0.000844 0.000925 0.001185 0.001394 0.001421 0.001212 0.000905 0.000864 0.001066 0.001654 0.002166 0.002512 0.002665 0.002622 0.002397 0.002012 0.001504 0.000991 0.000833 0.000864 0.001065 0.001108 0.000979 0.000790 0.000651 0.000580 0.000569 0.000618 0.000728 0.000863 0.000968 0.001046 0.001117 0.001175 0.001191 0.001138 0.001004 0.000793 0.000567 0.000532 0.000647 0.000949 0.001117 0.001067 0.000872 0.000779 0.000808 0.000978 0.001089 0.001054 
22.646340 19.624695 17.175168 13.953496 10.068865 6.335422 4.843308 4.880285 6.340846 6.298947 4.899405 3.021995 2.494151 2.390411 2.382933 2.148727 1.742822 1.814616 1.837599 2.459744 2.866356 3.249114 4.082209 6.078270 6.456627 5.553909 3.319130 2.543986 2.223286 2.093270 2.087358 2.205955 2.537268 3.425617 5.862686 6.927701 6.463487 4.273204 3.202355 2.485977 1.779959 1.401922 1.226209 1.217304 1.401089 1.788276 2.052693 1.920957 1.772887 1.801196 1.916925 2.051238 2.245913 2.571432 3.388488 5.707640 6.656771 6.254673 4.480813 3.987512 3.599343 2.557741 1.856496 1.853204 2.682775 2.952396 3.053350 
0.001577 0.001586 0.001065 0.000432 0.000327 0.000311 0.000394 0.000489 0.000503 0.000418 0.000273 0.000220 0.000210 0.000260 0.000225 0.000162 0.000181 0.000305 0.000418 0.000419 0.000334 0.000272 0.000264 0.000306 0.000279 0.000174 0.000098 0.000111 0.000172 0.000175 0.000133 0.000111 0.000102 0.000105 0.000157 0.000267 0.000339 0.000334 0.000265 0.000188 0.000161 0.000154 0.000116 0.000082 0.000095 0.000168 0.000242 0.000286 0.000293 0.000277 0.000278 0.000308 0.000314 0.000259 0.000146 0.000068 0.000098 0.000164 0.000176 0.000188 0.000227 0.000300 0.000322 0.000280 0.000217 0.000203 0.000226 
46.489185 46.297921 45.828094 44.290306 45.430430 45.130262 46.661581 48.138514 48.605770 48.306608 46.501664 45.985794 46.291337 48.102172 47.426489 44.533137 44.505988 47.361446 48.447631 48.453335 47.464766 46.236884 46.243733 48.003070 48.848333 49.363722 48.751589 49.307214 49.024113 48.190252 46.198727 46.045879 48.785310 50.447065 49.984225 49.191050 48.930260 48.573324 47.731266 46.385109 46.955099 48.830636 50.093453 50.003128 50.175780 50.212109 50.027672 49.650103 48.921036 47.930682 47.567496 48.162825 48.737368 49.024731 48.666731 44.532444 47.837187 48.188010 46.628654 45.711546 46.193576 47.682889 48.070008 47.613629 46.299304 46.252609 47.345231 
0.001496 0.001567 0.001241 0.000804 0.000584 0.000529 0.000575 0.000652 0.000682 0.000642 0.000536 0.000494 0.000507 0.000530 0.000525 0.000526 0.000574 0.000636 0.000668 0.000635 0.000544 0.000465 0.000452 0.000516 0.000554 0.000527 0.000485 0.000459 0.000443 0.000406 0.000348 0.000311 0.000319 0.000387 0.000460 0.000517 0.000541 0.000496 0.000386 0.000318 0.000318 0.000344 0.000386 0.000438 0.000501 0.000552 0.000565 0.000519 0.000409 0.000309 0.000324 0.000399 0.000466 0.000492 0.000496 0.000485 0.000426 0.000353 0.000288 0.000284 0.000305 0.000371 0.000393 0.000347 0.000288 0.000279 0.000301 
62.000958 61.350271 61.094001 61.962271 62.804638 62.879049 61.429700 59.760223 59.001972 59.323818 60.398866 61.682383 62.100568 60.170166 59.064136 59.276588 59.620523 59.108580 58.642695 58.864901 60.338845 60.903843 60.812019 59.799787 58.814076 58.027673 57.782317 57.933154 58.546183 59.803955 61.143508 61.409388 61.650380 60.227614 58.661013 57.646086 57.803638 58.547470 60.204740 62.684239 63.675210 61.628132 59.167352 58.291755 58.184442 58.006271 57.930803 58.327450 59.973764 63.979723 65.309565 63.334511 59.597523 58.311847 58.940356 60.319663 60.282383 59.594925 60.077482 60.483692 59.757344 58.289561 58.186914 59.231869 61.213566 62.262691 61.629118 
0.000937 0.001023 0.000905 0.000749 0.000678 0.000659 0.000620 0.000524 0.000415 0.000348 0.000356 0.000371 0.000411 0.000473 0.000538 0.000595 0.000651 0.000725 0.000818 0.000899 0.000954 0.000984 0.000980 0.000928 0.000892 0.000895 0.000909 0.000866 0.000782 0.000693 0.000629 0.000549 0.000461 0.000385 0.000345 0.000297 0.000281 0.000306 0.000343 0.000384 0.000441 0.000497 0.000543 0.000598 0.000669 0.000740 0.000791 0.000804 0.000773 0.000745 0.000740 0.000737 0.000700 0.000669 0.000650 0.000608 0.000514 0.000401 0.000300 0.000218 0.000151 0.000118 0.000110 0.000142 0.000204 0.000258 0.000279 
114.591120 114.910451 115.622029 116.617895 116.728888 115.954085 115.453316 115.890296 116.196335 114.863989 113.856047 114.467992 116.548538 117.358461 117.307871 117.301521 117.464766 117.605454 117.846537 118.260705 118.271986 118.074211 117.891586 117.973949 117.883765 117.663996 117.539108 118.072013 118.242278 117.622970 116.943002 117.012040 116.670535 114.849205 113.295311 114.132421 115.280518 116.294920 117.175359 117.180139 116.979460 117.129752 117.475038 117.822354 118.210521 118.421647 118.237632 117.915891 118.004262 118.094040 118.002074 118.082049 118.444566 118.426979 118.268429 118.445760 118.418087 117.921965 117.713340 117.685797 116.168743 114.495840 115.668440 117.647277 118.133116 117.734452 118.046003 
0.000615 0.000663 0.000571 0.000482 0.000491 0.000531 0.000581 0.000647 0.000735 0.000762 0.000677 0.000532 0.000397 0.000283 0.000174 0.000108 0.000089 0.000104 0.000103 0.000088 0.000068 0.000053 0.000043 0.000055 0.000065 0.000075 0.000090 0.000103 0.000114 0.000128 0.000142 0.000132 0.000094 0.000052 0.000040 0.000042 0.000066 0.000079 0.000087 0.000096 0.000096 0.000079 0.000076 0.000096 0.000130 0.000141 0.000121 0.000083 0.000048 0.000035 0.000034 0.000035 0.000037 0.000038 0.000042 0.000052 0.000069 0.000078 0.000080 0.000074 0.000066 0.000067 0.000092 0.000101 0.000088 0.000078 0.000078 
157.401249 157.805306 158.311319 157.645503 156.793639 157.791140 159.186547 159.041360 157.828273 157.141953 157.109279 157.340276 157.496440 157.578365 157.553178 156.772427 155.901410 154.194560 152.989641 154.836569 159.610115 159.389905 155.267901 152.826297 152.093551 151.538025 151.463068 151.422701 151.653634 152.823461 154.286640 154.512473 153.648480 153.118843 154.413997 155.469093 155.185852 153.580661 153.634608 154.955506 155.095040 152.651845 150.048484 150.679016 152.568451 153.353415 153.481091 153.730569 156.005628 158.472464 158.422233 156.329636 156.423460 158.816385 158.561401 155.577369 152.290976 151.264416 152.264031 155.304038 156.537223 154.027674 152.574326 152.227243 151.103289 150.630250 152.358627 
0.001257 0.001388 0.001180 0.000824 0.000532 0.000356 0.000267 0.000226 0.000199 0.000168 0.000137 0.000111 0.000108 0.000109 0.000106 0.000102 0.000098 0.000091 0.000077 0.000071 0.000082 0.000101 0.000118 0.000120 0.000110 0.000101 0.000094 0.000085 0.000074 0.000072 0.000085 0.000101 0.000108 0.000111 0.000117 0.000123 0.000114 0.000095 0.000077 0.000069 0.000074 0.000093 0.000108 0.000110 0.000103 0.000099 0.000097 0.000091 0.000087 0.000095 0.000100 0.000094 0.000089 0.000099 0.000107 0.000107 0.000094 0.000076 0.000067 0.000069 0.000075 0.000080 0.000085 0.000087 0.000094 0.000103 0.000113 
287.194855 286.418435 285.420408 284.721485 285.648589 287.566861 287.592827 287.141041 288.417978 291.180724 292.519346 292.176480 292.593325 293.543710 293.449221 291.152243 286.981960 284.438700 285.267645 290.749181 292.476056 289.406431 288.304180 289.456756 291.345660 292.614525 294.037470 294.634533 293.692119 291.411083 289.316608 286.812352 285.168782 286.607159 289.661348 290.801799 290.235925 288.679055 286.123756 284.454821 286.829366 291.070388 293.113261 292.869962 291.230936 289.917546 289.679952 290.844509 291.704866 290.419277 289.590026 291.280829 294.147513 294.013049 292.489627 291.252094 291.231923 292.332715 292.255719 289.246752 288.208130 289.030094 290.666076 291.054769 290.965913 293.011193 296.898833 
0.000458 0.000563 0.000532 0.000390 0.000219 0.000124 0.000097 0.000091 0.000066 0.000051 0.000049 0.000031 0.000018 0.000028 0.000025 0.000031 0.000052 0.000046 0.000031 0.000035 0.000048 0.000056 0.000040 0.000026 0.000027 0.000036 0.000048 0.000042 0.000039 0.000041 0.000060 0.000054 0.000041 0.000050 0.000052 0.000025 0.000015 0.000021 0.000047 0.000061 0.000041 0.000013 0.000022 0.000047 0.000029 0.000017 0.000010 0.000052 0.000066 0.000033 0.000031 0.000061 0.000055 0.000016 0.000015 0.000027 0.000044 0.000043 0.000046 0.000054 0.000029 0.000033 0.000071 0.000079 0.000051 0.000047 0.000107 
344.841612 345.359624 345.906646 346.185372 345.120570 342.848374 343.714946 346.005531 345.021482 344.283425 346.300442 345.750687 340.849160 345.219662 346.432995 348.476295 347.807246 346.171848 342.091896 342.929549 345.321762 346.389717 345.127637 341.615717 343.462227 346.852573 346.518561 342.718839 341.916959 344.105481 347.856015 348.526162 348.340267 348.031179 347.539346 344.504830 345.449339 345.454805 347.337786 347.914310 347.744794 341.355630 344.245429 347.300822 344.539535 342.974186 344.945609 348.496282 347.239667 340.945091 340.421284 346.351799 346.953591 339.585603 340.463173 343.390008 346.056147 347.202554 348.563505 347.519997 341.078515 340.881404 345.657573 345.512615 342.404145 343.024132 347.573682 
0.000290 0.000404 0.000540 0.000633 0.000636 0.000585 0.000544 0.000531 0.000530 0.000529 0.000526 0.000524 0.000523 0.000523 0.000524 0.000527 0.000530 0.000524 0.000508 0.000495 0.000498 0.000516 0.000537 0.000549 0.000549 0.000546 0.000543 0.000543 0.000547 0.000555 0.000559 0.000556 0.000549 0.000542 0.000533 0.000518 0.000510 0.000517 0.000535 0.000551 0.000565 0.000574 0.000571 0.000550 0.000525 0.000519 0.000537 0.000562 0.000571 0.000560 0.000547 0.000541 0.000535 0.000526 0.000521 0.000527 0.000539 0.000552 0.000561 0.000562 0.000559 0.000561 0.000566 0.000562 0.000551 0.000538 0.000503 
355.904544 355.612009 356.642995 357.740269 358.524534 358.970441 359.053692 359.044177 359.148018 359.240829 359.259609 359.280726 359.290256 359.204444 359.057477 358.993106 359.081532 359.227006 359.252147 359.071638 358.890864 358.957366 359.182727 359.291814 359.220426 359.145007 359.247493 359.507340 359.685647 359.550248 359.176927 358.822766 358.666592 358.755217 358.997857 359.229120 359.330896 359.270704 359.094634 358.974968 359.102580 359.366848 359.453350 359.286003 359.085389 359.082190 359.190972 359.231509 359.175794 359.052883 358.916774 358.894890 359.027596 359.197071 359.265161 359.191397 359.055031 358.958654 358.925561 358.948882 359.042903 359.142741 359.177120 359.214078 359.269579 359.235772 359.131540 
0.000905 0.000961 0.000785 0.000542 0.000371 0.000264 0.000191 0.000145 0.000120 0.000100 0.000084 0.000071 0.000064 0.000065 0.000069 0.000070 0.000066 0.000068 0.000080 0.000085 0.000075 0.000060 0.000053 0.000053 0.000056 0.000057 0.000054 0.000048 0.000047 0.000051 0.000045 0.000036 0.000039 0.000048 0.000054 0.000051 0.000042 0.000040 0.000048 0.000054 0.000049 0.000041 0.000040 0.000044 0.000048 0.000053 0.000059 0.000061 0.000058 0.000047 0.000038 0.000040 0.000049 0.000058 0.000064 0.000062 0.000051 0.000043 0.000043 0.000047 0.000046 0.000045 0.000049 0.000056 0.000059 0.000053 0.000049 
440.008313 439.641687 439.694453 440.256378 440.913093 441.410588 441.054557 440.582241 440.538547 439.530611 439.883238 440.701683 438.190030 433.533589 431.683350 433.356146 435.463531 436.145015 436.096489 437.226023 439.304442 441.768923 442.168318 440.861589 440.268672 441.094433 442.575578 441.078040 436.165572 434.230989 435.057316 434.870328 432.072869 432.460158 435.808150 438.686240 439.227357 437.798851 434.242707 432.171062 431.930655 434.472919 439.600122 440.344249 438.933739 440.874962 444.058265 443.157532 438.827984 435.424035 434.687430 434.303723 434.578722 434.802164 434.808768 433.621696 431.318910 430.585020 433.825617 437.302503 438.875426 438.885990 438.365394 437.874061 437.595220 437.834015 438.652417 
0.000750 0.000813 0.000753 0.000679 0.000625 0.000554 0.000489 0.000459 0.000454 0.000461 0.000465 0.000457 0.000441 0.000424 0.000412 0.000410 0.000414 0.000418 0.000423 0.000420 0.000410 0.000403 0.000398 0.000392 0.000398 0.000412 0.000431 0.000440 0.000441 0.000442 0.000443 0.000442 0.000441 0.000439 0.000430 0.000418 0.000412 0.000413 0.000417 0.000419 0.000419 0.000417 0.000417 0.000425 0.000434 0.000438 0.000434 0.000426 0.000419 0.000409 0.000401 0.000399 0.000401 0.000402 0.000405 0.000407 0.000405 0.000401 0.000402 0.000406 0.000411 0.000416 0.000418 0.000419 0.000419 0.000414 0.000388 
474.212384 474.741262 475.695495 476.751927 477.250801 477.744623 478.220434 478.366491 478.384193 478.333891 478.453262 478.663101 478.730655 478.757029 478.834750 478.803241 478.726068 478.747504 478.759917 478.799506 478.734462 478.490816 478.420484 478.799866 479.136937 479.215694 478.937039 478.788283 478.867963 478.921896 478.868912 478.786210 478.667401 478.545634 478.651146 478.854607 478.809316 478.563564 478.512603 478.749950 479.014315 479.152820 479.095732 478.878174 478.732449 478.742065 478.774119 478.663314 478.440144 478.430505 478.601487 478.689663 478.717720 478.909215 478.934483 478.770409 478.743709 478.831392 478.787620 478.642047 478.613409 478.737559 479.004322 479.048575 478.816106 478.426558 477.986442 
0.001108 0.001178 0.000975 0.000671 0.000437 0.000306 0.000229 0.000179 0.000150 0.000123 0.000095 0.000077 0.000065 0.000053 0.000053 0.000062 0.000062 0.000054 0.000047 0.000043 0.000044 0.000050 0.000054 0.000054 0.000056 0.000060 0.000056 0.000048 0.000048 0.000057 0.000059 0.000053 0.000048 0.000044 0.000040 0.000043 0.000044 0.000044 0.000046 0.000050 0.000049 0.000044 0.000043 0.000047 0.000049 0.000055 0.000067 0.000072 0.000066 0.000058 0.000048 0.000038 0.000036 0.000039 0.000047 0.000058 0.000067 0.000070 0.000065 0.000058 0.000057 0.000059 0.000055 0.000043 0.000036 0.000043 0.000063 
511.977720 511.732030 511.389558 511.423311 512.567358 513.610625 513.953342 514.429103 513.570363 511.930316 512.029527 514.069298 515.308769 517.138502 515.571432 512.676857 512.271300 510.030830 506.163356 509.357958 514.865899 513.557660 510.823171 510.170713 511.649246 512.546119 512.537030 512.600051 515.620129 516.857711 515.247925 511.970024 507.832814 507.324801 509.138160 509.015356 512.009589 515.301286 516.632694 515.205083 511.815506 509.766538 511.420664 512.943564 515.725389 518.604693 519.019441 520.125593 520.770861 519.925510 520.178441 519.971546 516.682711 515.078644 517.774310 519.655646 521.414399 520.298365 514.871612 508.179975 506.793129 507.249357 508.601044 511.622786 513.169498 514.628435 511.793720 
0.000394 0.000420 0.000369 0.000289 0.000217 0.000160 0.000120 0.000093 0.000071 0.000053 0.000039 0.000031 0.000029 0.000028 0.000025 0.000025 0.000031 0.000038 0.000044 0.000046 0.000044 0.000040 0.000033 0.000026 0.000022 0.000020 0.000016 0.000015 0.000023 0.000028 0.000026 0.000021 0.000013 0.000014 0.000027 0.000042 0.000042 0.000031 0.000025 0.000029 0.000026 0.000018 0.000016 0.000023 0.000028 0.000030 0.000027 0.000022 0.000025 0.000031 0.000033 0.000031 0.000028 0.000024 0.000024 0.000027 0.000033 0.000034 0.000038 0.000043 0.000043 0.000035 0.000025 0.000023 0.000029 0.000032 0.000036 
547.701979 547.758950 547.823563 547.861612 547.849107 547.803362 547.747939 547.623203 547.393710 547.328624 547.511399 547.499734 547.356571 547.566515 548.290412 548.789225 548.031066 547.025135 546.371116 546.199478 546.708343 547.774938 548.772277 549.196676 548.455414 547.353870 547.027740 547.597933 547.403305 546.636485 545.618717 545.746897 549.653539 551.237966 548.181149 547.306772 547.100846 546.995976 547.574302 547.749344 547.366778 546.502644 546.290821 546.979681 547.561872 548.070166 548.117052 547.111413 546.317926 546.554356 546.421001 546.188873 546.863139 548.812017 549.280073 548.366033 546.548205 545.216396 545.061964 545.896757 546.738895 547.710290 549.085034 548.571932 546.762109 545.515144 545.268787 
0.001340 0.001409 0.001152 0.000829 0.000650 0.000580 0.000539 0.000508 0.000494 0.000491 0.000490 0.000485 0.000475 0.000465 0.000461 0.000465 0.000466 0.000467 0.000467 0.000455 0.000434 0.000425 0.000436 0.000463 0.000488 0.000495 0.000490 0.000485 0.000483 0.000481 0.000474 0.000466 0.000467 0.000477 0.000475 0.000454 0.000437 0.000432 0.000433 0.000439 0.000448 0.000459 0.000470 0.000469 0.000460 0.000456 0.000459 0.000461 0.000454 0.000439 0.000422 0.000416 0.000419 0.000424 0.000428 0.000440 0.000457 0.000461 0.000453 0.000444 0.000437 0.000440 0.000452 0.000468 0.000481 0.000480 0.000453 
601.509085 600.963452 599.961627 598.793351 598.481362 598.736792 598.880765 598.763231 598.654769 598.565282 598.489432 598.638837 598.861033 598.769479 598.563897 598.490001 598.629100 598.642697 598.509742 598.395992 598.432593 598.422418 598.362946 598.241725 598.419943 598.701040 598.608211 598.516376 598.597264 598.681749 598.696184 598.709236 598.612032 598.361566 598.074288 598.163097 598.481994 598.726124 598.665648 598.660999 598.751201 598.681534 598.416005 598.345848 598.381821 598.454254 598.632881 598.761074 598.524987 598.302414 598.473026 598.687185 598.697385 598.485118 598.493028 598.550177 598.622172 598.549623 598.340755 598.268818 598.530831 598.846825 598.854836 598.668741 598.604981 598.564927 598.470117 
0.001368 0.001406 0.001100 0.000715 0.000463 0.000322 0.000229 0.000166 0.000122 0.000095 0.000078 0.000065 0.000055 0.000051 0.000052 0.000051 0.000046 0.000040 0.000039 0.000043 0.000049 0.000051 0.000047 0.000040 0.000039 0.000042 0.000044 0.000043 0.000039 0.000034 0.000033 0.000040 0.000050 0.000053 0.000047 0.000041 0.000043 0.000049 0.000053 0.000047 0.000035 0.000028 0.000038 0.000045 0.000047 0.000043 0.000037 0.000032 0.000033 0.000042 0.000046 0.000041 0.000033 0.000028 0.000024 0.000021 0.000026 0.000037 0.000040 0.000037 0.000034 0.000033 0.000035 0.000038 0.000042 0.000047 0.000062 
632.935995 632.921047 632.943393 633.022998 633.075714 632.997456 632.898467 632.902369 632.965455 632.936706 632.377841 631.277964 630.422076 631.181257 632.441147 632.531408 631.573960 630.115971 629.536343 630.506162 631.243224 631.591108 632.248814 632.985142 631.891939 629.560502 628.005953 627.787483 628.743075 631.682651 634.785598 635.023437 633.093287 631.410214 630.517034 632.096398 634.921239 634.474292 632.653027 630.946454 629.568231 631.770139 637.167143 637.777810 635.876064 633.508079 631.577559 629.605472 628.745109 629.681961 630.140236 630.005022 629.646751 629.932478 629.511399 630.579073 633.965234 634.770032 634.069575 633.063830 633.435672 635.337152 634.725228 630.708132 628.167384 628.677515 630.626432 
0.001744 0.001738 0.001315 0.000850 0.000584 0.000429 0.000314 0.000234 0.000180 0.000139 0.000106 0.000092 0.000091 0.000085 0.000072 0.000064 0.000058 0.000051 0.000049 0.000050 0.000048 0.000041 0.000033 0.000034 0.000041 0.000044 0.000045 0.000048 0.000049 0.000049 0.000049 0.000046 0.000041 0.000041 0.000041 0.000039 0.000040 0.000042 0.000043 0.000045 0.000053 0.000064 0.000073 0.000071 0.000060 0.000053 0.000054 0.000049 0.000039 0.000038 0.000045 0.000050 0.000047 0.000041 0.000041 0.000051 0.000061 0.000063 0.000059 0.000055 0.000054 0.000054 0.000060 0.000064 0.000064 0.000058 0.000054 
664.409888 664.440581 664.491231 664.521714 664.579058 664.639001 664.335550 664.091166 664.238907 664.405935 664.807709 666.059615 667.315846 668.021765 668.377543 667.642152 665.451986 662.497308 660.474331 660.565530 661.527084 662.649308 663.454962 663.592359 664.363301 664.997325 664.754062 664.064620 662.830501 661.248945 661.292217 663.009146 662.465089 659.184276 658.219081 660.021495 663.757353 666.813538 668.817202 667.432448 663.026580 658.769695 656.341986 655.554002 657.296365 661.429747 662.713403 660.556631 657.749884 658.783543 660.386363 660.067054 658.643747 658.209025 660.630344 662.988632 663.256703 662.491112 661.791482 662.413752 664.167760 666.047507 666.574768 666.333359 665.126017 662.945166 662.604875 
0.001587 0.001608 0.001209 0.000720 0.000449 0.000339 0.000247 0.000170 0.000126 0.000100 0.000080 0.000065 0.000050 0.000039 0.000034 0.000036 0.000032 0.000031 0.000037 0.000032 0.000022 0.000021 0.000016 0.000017 0.000024 0.000021 0.000014 0.000014 0.000018 0.000018 0.000020 0.000026 0.000032 0.000039 0.000043 0.000042 0.000035 0.000024 0.000021 0.000025 0.000018 0.000021 0.000032 0.000034 0.000037 0.000041 0.000032 0.000016 0.000014 0.000017 0.000016 0.000016 0.000018 0.000021 0.000021 0.000018 0.000015 0.000019 0.000022 0.000020 0.000019 0.000018 0.000015 0.000015 0.000021 0.000014 0.000027 
700.211552 700.153437 699.866589 699.057225 698.698945 699.741539 700.104897 699.797700 699.870927 699.849862 699.337551 699.093771 699.451740 699.490147 698.375174 698.597327 697.265403 696.736576 699.121148 699.239829 699.594248 702.350115 700.035537 697.997120 699.526194 698.929445 698.978486 702.549745 701.735040 698.082271 696.555680 697.441449 697.646782 697.451629 697.395844 697.678876 698.277700 697.090087 697.003800 700.136422 699.070788 699.346311 700.310404 699.270376 699.689490 701.003368 700.914457 700.246600 702.647230 701.522808 697.667931 696.478821 696.855266 698.870926 699.277076 698.118785 697.355442 699.684334 700.782856 700.687580 701.611370 703.499881 703.868359 702.535599 701.887074 695.502005 697.255029 
0.001544 0.001498 0.001106 0.000729 0.000556 0.000486 0.000454 0.000425 0.000400 0.000387 0.000380 0.000373 0.000365 0.000356 0.000350 0.000352 0.000356 0.000358 0.000360 0.000361 0.000362 0.000362 0.000360 0.000357 0.000355 0.000354 0.000357 0.000364 0.000370 0.000369 0.000365 0.000362 0.000360 0.000360 0.000362 0.000367 0.000376 0.000383 0.000385 0.000380 0.000372 0.000365 0.000363 0.000367 0.000372 0.000369 0.000353 0.000336 0.000328 0.000331 0.000337 0.000341 0.000344 0.000345 0.000343 0.000339 0.000341 0.000349 0.000357 0.000358 0.000353 0.000347 0.000343 0.000341 0.000338 0.000327 0.000298 
714.570319 714.237445 713.601907 712.938973 713.477133 714.526526 715.396562 716.171464 716.704902 716.884934 716.905829 716.908847 716.959458 717.082571 717.156832 717.086792 716.979645 716.929114 716.929932 716.953892 716.952788 716.929463 716.933473 716.958632 716.999124 717.064814 717.078172 716.983766 716.879383 716.863215 716.911910 716.952312 716.970532 716.997978 717.022498 716.983374 716.885319 716.807541 716.790947 716.837263 716.933752 717.026336 717.047864 716.951834 716.779633 716.712967 716.879449 717.103524 717.141304 717.032821 716.932978 716.901556 716.860342 716.830541 716.885271 716.984857 716.984921 716.868199 716.784668 716.816436 716.910597 716.989065 717.016508 716.963790 716.802376 716.518705 716.127097 
0.004987 0.005386 0.004267 0.002480 0.001160 0.000673 0.000488 0.000339 0.000234 0.000186 0.000158 0.000119 0.000085 0.000070 0.000081 0.000082 0.000062 0.000050 0.000039 0.000057 0.000062 0.000058 0.000054 0.000044 0.000033 0.000040 0.000061 0.000070 0.000068 0.000052 0.000044 0.000045 0.000059 0.000055 0.000049 0.000043 0.000038 0.000058 0.000068 0.000056 0.000051 0.000049 0.000056 0.000052 0.000042 0.000041 0.000047 0.000047 0.000049 0.000054 0.000052 0.000048 0.000055 0.000057 0.000049 0.000044 0.000050 0.000041 0.000039 0.000047 0.000046 0.000040 0.000038 0.000042 0.000045 0.000053 0.000081 
744.897274 745.136877 745.045272 744.143433 742.023200 742.194589 742.951589 744.067614 745.272490 743.062012 740.521298 741.583545 744.446998 742.838032 735.919166 736.549733 744.550057 747.026028 744.815398 733.603927 736.935231 744.339492 747.779557 748.519143 749.392517 739.233678 735.010719 736.113525 737.513332 742.666604 744.840656 743.029021 735.444227 736.512989 740.005415 742.965685 742.880115 735.513337 735.663481 744.712991 751.678962 750.144282 738.408569 736.777320 741.493776 741.080100 739.531009 745.321510 749.152835 747.692355 747.216151 744.913733 740.643148 740.897181 745.818599 744.472440 737.750317 741.249377 740.637947 734.541686 733.877107 736.004399 736.801659 737.341480 738.644832 735.229170 732.193720 
0.003971 0.004337 0.003630 0.002377 0.001321 0.000777 0.000544 0.000406 0.000310 0.000240 0.000195 0.000171 0.000155 0.000137 0.000120 0.000111 0.000107 0.000102 0.000098 0.000095 0.000087 0.000070 0.000058 0.000055 0.000062 0.000072 0.000083 0.000090 0.000082 0.000063 0.000049 0.000045 0.000050 0.000055 0.000057 0.000056 0.000052 0.000046 0.000038 0.000028 0.000021 0.000024 0.000029 0.000031 0.000031 0.000035 0.000044 0.000055 0.000055 0.000043 0.000030 0.000029 0.000032 0.000038 0.000042 0.000041 0.000040 0.000047 0.000057 0.000065 0.000065 0.000054 0.000040 0.000038 0.000045 0.000048 0.000053 
798.640793 797.627758 795.805225 793.466831 792.137223 793.214198 793.681970 793.330396 792.691452 791.819184 790.739902 789.652656 788.706016 787.795910 787.027580 786.690236 786.626688 786.449436 786.753998 788.027159 789.124818 789.527785 789.966380 789.901983 789.460130 789.560159 790.088558 790.549224 791.177267 792.529220 793.444984 793.176802 792.092754 790.011096 787.964200 787.343488 788.033304 788.851989 789.326169 789.813436 791.938290 791.389821 788.980620 788.810086 790.774749 791.360542 790.982752 791.338319 791.805750 792.612724 794.912638 796.201379 794.981061 791.681087 788.521004 786.950645 789.174538 792.932964 794.832844 795.553487 795.754870 795.389748 794.043718 793.829076 794.827202 794.576692 794.622276 
0.019690 0.019504 0.013759 0.006727 0.002639 0.001698 0.001251 0.000935 0.000709 0.000570 0.000499 0.000463 0.000438 0.000419 0.000406 0.000391 0.000378 0.000372 0.000366 0.000363 0.000367 0.000377 0.000386 0.000386 0.000380 0.000378 0.000384 0.000388 0.000391 0.000385 0.000370 0.000361 0.000366 0.000378 0.000388 0.000398 0.000411 0.000417 0.000408 0.000393 0.000385 0.000384 0.000388 0.000391 0.000387 0.000374 0.000364 0.000364 0.000368 0.000371 0.000375 0.000377 0.000372 0.000364 0.000367 0.000375 0.000387 0.000397 0.000401 0.000394 0.000376 0.000362 0.000362 0.000372 0.000378 0.000374 0.000355 
842.261478 842.305799 842.268333 841.791538 838.852703 837.147426 837.976526 837.717782 837.069121 836.810840 836.949114 837.090471 837.323444 837.893305 838.439722 838.440160 837.980771 837.507410 837.334072 837.416720 837.682672 838.013525 838.187223 838.234036 838.167516 837.838316 837.533680 837.789004 838.200582 838.129202 837.861700 837.946661 838.102843 838.027479 837.827511 837.732403 837.701996 837.837641 838.037828 837.946714 837.901164 838.045130 837.981531 837.724936 837.888538 838.189849 838.068216 837.847027 837.780147 837.855169 837.792373 837.399597 837.203740 837.674273 838.188332 838.161615 837.938895 837.807565 837.683213 837.589086 837.680174 837.630821 837.527609 837.505422 837.653540 837.829542 837.584711 
0.047463 0.048306 0.034810 0.017143 0.005994 0.002732 0.001595 0.001079 0.000762 0.000545 0.000396 0.000295 0.000222 0.000171 0.000134 0.000109 0.000091 0.000074 0.000061 0.000053 0.000050 0.000045 0.000039 0.000039 0.000042 0.000044 0.000040 0.000033 0.000027 0.000027 0.000031 0.000032 0.000029 0.000032 0.000039 0.000040 0.000037 0.000040 0.000044 0.000043 0.000040 0.000037 0.000035 0.000032 0.000033 0.000038 0.000042 0.000041 0.000036 0.000031 0.000027 0.000028 0.000032 0.000033 0.000034 0.000038 0.000042 0.000042 0.000039 0.000038 0.000041 0.000044 0.000048 0.000050 0.000048 0.000044 0.000040 
878.880325 879.180037 879.497540 879.820419 879.409119 877.837747 877.493944 877.300475 876.993405 876.634580 876.457647 876.406590 876.481514 876.487509 876.235430 875.752649 875.161359 874.584262 873.931480 873.816166 874.044441 873.663165 873.020651 872.818292 872.379058 871.398934 870.633682 871.377032 873.418975 873.082512 873.066455 874.977072 877.172341 877.300413 876.855157 876.278567 874.585354 875.435994 878.352781 879.595278 877.980681 875.088146 873.533954 873.606677 872.695830 870.138062 868.358580 867.581182 867.215922 867.875723 871.882110 878.689313 879.325624 875.589366 873.729287 875.707601 875.600187 873.154251 872.892573 874.548522 876.160672 878.107280 879.583753 879.277288 877.948876 877.346966 877.723857 
0.306059 0.433855 0.480041 0.436799 0.347570 0.259520 0.189547 0.138035 0.100690 0.074000 0.054850 0.040821 0.030354 0.022607 0.016907 0.012708 0.009568 0.007179 0.005373 0.004031 0.003028 0.002267 0.001698 0.001274 0.000954 0.000715 0.000535 0.000397 0.000302 0.000247 0.000208 0.000158 0.000115 0.000090 0.000082 0.000085 0.000087 0.000081 0.000072 0.000068 0.000068 0.000064 0.000055 0.000047 0.000047 0.000055 0.000065 0.000068 0.000060 0.000051 0.000048 0.000052 0.000057 0.000057 0.000053 0.000048 0.000043 0.000039 0.000034 0.000033 0.000035 0.000043 0.000057 0.000073 0.000083 0.000080 0.000070 
914.043858 914.628583 915.207141 915.750877 916.206166 916.401431 916.493086 916.506828 916.531030 916.546951 916.559448 916.580622 916.638386 916.683466 916.693409 916.691888 916.705612 916.744755 916.820298 916.883233 916.890165 916.840425 916.845779 916.916414 917.084293 917.106206 916.796402 916.336616 916.249514 916.046511 915.429836 914.753186 913.645304 910.285698 904.880233 902.380677 902.722929 903.172031 904.521585 908.423766 911.795992 912.824076 912.000227 911.362851 913.132351 915.809205 915.587416 913.035262 910.183096 909.983019 909.988676 904.514346 902.181295 904.719611 909.090316 910.732270 909.995027 909.509677 910.537433 912.630102 909.686066 904.223160 902.400093 901.952054 901.856078 903.632834 909.482346 
0.044092 0.040840 0.024967 0.009807 0.004076 0.001973 0.001181 0.000874 0.000692 0.000454 0.000363 0.000275 0.000204 0.000155 0.000120 0.000093 0.000078 0.000066 0.000050 0.000042 0.000038 0.000032 0.000031 0.000032 0.000033 0.000033 0.000033 0.000040 0.000038 0.000030 0.000030 0.000027 0.000018 0.000016 0.000017 0.000017 0.000017 0.000020 0.000028 0.000028 0.000032 0.000033 0.000020 0.000018 0.000022 0.000018 0.000025 0.000028 0.000026 0.000033 0.000037 0.000028 0.000023 0.000026 0.000020 0.000016 0.000019 0.000015 0.000015 0.000029 0.000032 0.000024 0.000022 0.000023 0.000023 0.000021 0.000018 
939.567670 939.247371 938.657565 938.247958 941.044553 943.612614 941.848399 941.191294 940.324459 940.740231 940.489166 940.715505 940.594549 940.398743 940.441532 940.236346 940.254966 940.343374 939.853631 940.129724 940.355238 940.172988 941.226700 941.841526 941.954921 942.198767 942.542138 942.086639 940.809545 939.015695 940.260376 941.263919 940.513681 940.721323 941.440964 940.720908 939.381895 940.601221 942.061136 941.035405 940.540935 940.732217 938.117749 938.511985 940.764255 938.762678 940.342018 941.264327 941.548105 942.141526 941.985287 940.856957 940.415813 941.670391 940.720224 939.153814 941.324223 940.079364 938.517903 941.221729 941.524918 940.265704 940.143575 941.021484 940.268263 939.105269 938.056623 
0.035315 0.035048 0.025138 0.014276 0.007319 0.004001 0.002066 0.001176 0.000740 0.000555 0.000471 0.000427 0.000394 0.000365 0.000350 0.000352 0.000357 0.000352 0.000342 0.000335 0.000330 0.000323 0.000316 0.000306 0.000299 0.000305 0.000321 0.000338 0.000348 0.000353 0.000353 0.000346 0.000332 0.000322 0.000319 0.000323 0.000328 0.000336 0.000344 0.000347 0.000347 0.000346 0.000344 0.000342 0.000338 0.000330 0.000322 0.000321 0.000329 0.000342 0.000347 0.000341 0.000335 0.000333 0.000330 0.000327 0.000326 0.000330 0.000337 0.000342 0.000336 0.000324 0.000319 0.000321 0.000323 0.000314 0.000289 
953.863491 954.760666 956.311125 957.431837 956.424233 952.996788 952.310015 953.399060 954.117542 954.487278 954.737483 955.183306 956.035493 956.780524 957.011268 957.182923 957.268071 957.216894 957.267764 957.389066 957.482885 957.514101 957.397350 957.267605 957.385505 957.610989 957.574126 957.326660 957.255679 957.339722 957.392919 957.461217 957.529417 957.465601 957.340162 957.318310 957.362667 957.361712 957.343998 957.393663 957.354511 957.207271 957.109156 957.102855 957.221622 957.417275 957.510861 957.485136 957.369418 957.210056 957.244543 957.466416 957.554171 957.501514 957.485531 957.465193 957.366475 957.260492 957.172291 957.086696 957.210033 957.478603 957.517457 957.373422 957.174219 957.027877 956.755444 
0.025530 0.027067 0.021228 0.012556 0.006350 0.003628 0.002761 0.002305 0.001960 0.001761 0.001558 0.001402 0.001300 0.001153 0.001000 0.000908 0.000820 0.000691 0.000599 0.000543 0.000461 0.000415 0.000405 0.000357 0.000317 0.000298 0.000253 0.000197 0.000179 0.000170 0.000147 0.000156 0.000163 0.000129 0.000120 0.000136 0.000115 0.000106 0.000119 0.000116 0.000093 0.000086 0.000085 0.000088 0.000106 0.000107 0.000079 0.000063 0.000070 0.000097 0.000109 0.000092 0.000080 0.000086 0.000099 0.000087 0.000070 0.000068 0.000078 0.000088 0.000093 0.000086 0.000077 0.000079 0.000087 0.000092 0.000104 
970.022564 969.407402 968.650792 968.025047 969.761518 974.081536 975.906521 976.074375 976.934980 976.687896 976.890317 977.028073 976.625301 976.689337 976.851876 976.385778 976.142595 977.073265 977.200251 976.460690 977.064374 976.763010 975.515998 976.512032 976.900937 974.929052 974.037212 975.331111 975.043148 973.028410 972.351570 971.270283 971.597946 974.367958 974.336280 971.685399 972.363911 971.597721 968.324120 966.483523 965.870084 967.390763 968.863449 968.759498 967.624942 966.934961 966.645752 967.378188 966.892910 966.555337 966.479095 966.137245 965.915044 965.807342 966.249267 966.852212 967.788012 967.394462 965.887843 965.468797 966.489800 967.809948 967.956527 966.258839 965.087019 964.609742 965.530950 
0.005450 0.005719 0.004606 0.002954 0.001655 0.000928 0.000528 0.000359 0.000280 0.000218 0.000177 0.000151 0.000132 0.000119 0.000107 0.000095 0.000087 0.000086 0.000086 0.000086 0.000084 0.000077 0.000068 0.000058 0.000053 0.000054 0.000056 0.000056 0.000055 0.000052 0.000047 0.000042 0.000041 0.000043 0.000048 0.000052 0.000054 0.000050 0.000041 0.000030 0.000023 0.000020 0.000018 0.000020 0.000026 0.000031 0.000033 0.000031 0.000027 0.000026 0.000026 0.000024 0.000021 0.000019 0.000018 0.000018 0.000021 0.000029 0.000033 0.000032 0.000031 0.000031 0.000027 0.000021 0.000023 0.000034 0.000044 
1013.193552 1012.748114 1012.162264 1011.564521 1011.704226 1013.101695 1014.333585 1014.792426 1014.850951 1014.758057 1014.818116 1014.842875 1014.957214 1015.061057 1015.201827 1015.350584 1015.324138 1015.432226 1015.501084 1015.586786 1015.570074 1015.540441 1015.506200 1015.454038 1015.430343 1015.072556 1014.887714 1014.954002 1014.951555 1014.864172 1014.995414 1015.570873 1016.134070 1016.133604 1015.714391 1015.362598 1015.230592 1015.344004 1015.870412 1016.739243 1016.629128 1015.544002 1015.287476 1014.866636 1014.908640 1015.692285 1016.519027 1017.201630 1017.451769 1016.673265 1015.788903 1015.680302 1016.407225 1016.927613 1016.330912 1015.509296 1015.170957 1015.456512 1015.950561 1016.407943 1016.239129 1015.543836 1014.627732 1012.519165 1012.021874 1013.052044 1013.566659 
0.002497 0.002145 0.001791 0.001530 0.001146 0.000778 0.000545 0.000444 0.000396 0.000336 0.000276 0.000229 0.000214 0.000207 0.000197 0.000181 0.000165 0.000156 0.000145 0.000139 0.000129 0.000121 0.000114 0.000106 0.000101 0.000095 0.000091 0.000085 0.000079 0.000073 0.000068 0.000064 0.000060 0.000058 0.000055 0.000052 0.000052 0.000053 0.000051 0.000045 0.000040 0.000039 0.000040 0.000042 0.000041 0.000036 0.000031 0.000031 0.000034 0.000039 0.000046 0.000048 0.000043 0.000031 0.000024 0.000026 0.000032 0.000038 0.000040 0.000037 0.000036 0.000042 0.000044 0.000041 0.000038 0.000042 0.000056 
1039.243866 1039.796433 1039.288821 1038.234489 1037.816243 1037.552044 1037.478106 1038.213452 1037.945635 1037.997003 1038.153375 1038.759953 1038.617795 1038.649089 1038.363979 1038.251677 1038.732549 1038.741467 1039.023888 1038.796135 1038.958906 1038.894662 1038.856734 1039.001293 1038.799910 1039.061743 1039.002169 1038.942099 1038.775822 1038.779700 1038.872801 1038.803515 1038.975931 1038.735680 1038.504489 1038.102131 1037.955894 1038.654916 1039.650759 1040.410274 1039.711690 1038.095129 1037.350285 1037.888542 1039.012938 1040.416294 1040.982819 1040.135053 1039.191266 1038.820390 1039.334481 1039.964901 1040.493194 1040.927272 1040.446843 1039.345334 1037.737779 1036.454730 1036.835265 1038.465353 1038.142222 1036.555928 1037.604286 1040.854892 1043.336291 1042.085022 1040.185696 
0.027137 0.037953 0.044597 0.046614 0.045416 0.042888 0.040202 0.037613 0.035126 0.032852 0.030820 0.028977 0.027304 0.025800 0.024404 0.023067 0.021798 0.020605 0.019461 0.018368 0.017336 0.016352 0.015402 0.014491 0.013614 0.012763 0.011945 0.011164 0.010415 0.009697 0.009013 0.008364 0.007755 0.007197 0.006696 0.006252 0.005859 0.005508 0.005177 0.004858 0.004562 0.004295 0.004059 0.003846 0.003656 0.003485 0.003327 0.003172 0.003024 0.002890 0.002764 0.002633 0.002491 0.002345 0.002202 0.002064 0.001933 0.001800 0.001672 0.001550 0.001427 0.001304 0.001190 0.001079 0.000957 0.000827 0.000704 
1075.254573 1074.737583 1074.412176 1074.405110 1074.534671 1074.659973 1074.751415 1074.833289 1074.897140 1074.933553 1074.959029 1074.986239 1075.026334 1075.061134 1075.073404 1075.096654 1075.147983 1075.199792 1075.231634 1075.266816 1075.301067 1075.321169 1075.332012 1075.335589 1075.331633 1075.336028 1075.355807 1075.373590 1075.380291 1075.380869 1075.365607 1075.344917 1075.344345 1075.350024 1075.340768 1075.318376 1075.307150 1075.304793 1075.288749 1075.264979 1075.277386 1075.326845 1075.401346 1075.469438 1075.501309 1075.494242 1075.488034 1075.540037 1075.613294 1075.661189 1075.668983 1075.654038 1075.687671 1075.764215 1075.812582 1075.807259 1075.783605 1075.829428 1075.878621 1075.896923 1075.855239 1075.750503 1075.698222 1075.751523 1075.793724 1075.601307 1075.395187 
0.003474 0.003067 0.001977 0.001021 0.000599 0.000447 0.000341 0.000282 0.000266 0.000222 0.000179 0.000185 0.000182 0.000149 0.000141 0.000152 0.000135 0.000115 0.000122 0.000121 0.000103 0.000100 0.000105 0.000095 0.000084 0.000087 0.000084 0.000075 0.000078 0.000079 0.000068 0.000060 0.000061 0.000056 0.000047 0.000047 0.000048 0.000041 0.000036 0.000042 0.000046 0.000043 0.000040 0.000036 0.000034 0.000039 0.000042 0.000038 0.000030 0.000025 0.000021 0.000024 0.000033 0.000042 0.000045 0.000044 0.000043 0.000041 0.000036 0.000035 0.000040 0.000044 0.000042 0.000040 0.000039 0.000038 0.000033 
1116.571885 1115.798147 1114.722595 1114.575051 1117.646984 1118.470341 1118.454533 1118.175482 1117.877099 1118.395933 1119.096853 1118.178596 1117.897276 1118.621559 1118.475878 1117.780765 1118.067268 1118.476468 1117.717563 1117.521818 1118.047549 1118.091907 1117.896401 1118.401394 1118.678025 1117.904877 1117.598135 1117.467506 1116.841371 1116.320026 1115.927095 1116.243884 1116.926743 1117.142117 1116.821097 1116.314459 1116.433137 1116.953809 1117.308489 1117.164229 1117.244425 1117.229371 1117.665204 1119.436182 1120.561263 1119.205496 1118.551955 1119.086015 1120.028106 1119.662223 1118.457460 1117.426975 1116.633549 1116.691995 1117.415642 1117.997229 1117.887370 1117.118630 1115.191879 1114.861083 1115.788872 1116.415822 1116.126989 1116.858652 1118.726408 1119.611511 1119.445504 
0.011242 0.013719 0.014201 0.013729 0.012949 0.012101 0.011185 0.010328 0.009576 0.008884 0.008173 0.007468 0.006819 0.006241 0.005731 0.005285 0.004883 0.004506 0.004154 0.003842 0.003569 0.003316 0.003080 0.002859 0.002645 0.002440 0.002250 0.002079 0.001920 0.001773 0.001640 0.001520 0.001422 0.001331 0.001236 0.001146 0.001070 0.001006 0.000940 0.000866 0.000788 0.000717 0.000664 0.000627 0.000597 0.000570 0.000543 0.000509 0.000467 0.000438 0.000421 0.000405 0.000392 0.000383 0.000365 0.000334 0.000306 0.000278 0.000246 0.000217 0.000198 0.000187 0.000184 0.000178 0.000161 0.000134 0.000110 
1155.149442 1155.550241 1155.434291 1155.144552 1154.993725 1154.966981 1155.101382 1155.215968 1155.230910 1155.192778 1155.268499 1155.434728 1155.599958 1155.685947 1155.686609 1155.675972 1155.703808 1155.736238 1155.767016 1155.823192 1155.873806 1155.870251 1155.857263 1155.882078 1155.981864 1156.034439 1155.990136 1155.945733 1155.982667 1155.964305 1155.908821 1156.020310 1156.187559 1156.215108 1156.070448 1156.024103 1156.038451 1156.090224 1156.169456 1156.261654 1156.259261 1156.160628 1156.075709 1156.001226 1156.072513 1156.029217 1155.802531 1155.787077 1156.167258 1156.338522 1156.144586 1155.904500 1155.792909 1155.709277 1155.812237 1156.259316 1156.566214 1156.489585 1156.284674 1155.882244 1155.438928 1155.495201 1156.016333 1156.172141 1155.759021 1155.257252 1155.024632 
0.005812 0.005933 0.004530 0.002698 0.001343 0.000687 0.000437 0.000347 0.000306 0.000279 0.000263 0.000262 0.000274 0.000287 0.000288 0.000273 0.000254 0.000242 0.000235 0.000233 0.000236 0.000239 0.000242 0.000248 0.000255 0.000263 0.000268 0.000263 0.000249 0.000236 0.000234 0.000238 0.000242 0.000244 0.000243 0.000241 0.000241 0.000247 0.000257 0.000262 0.000255 0.000248 0.000247 0.000251 0.000255 0.000262 0.000269 0.000270 0.000265 0.000257 0.000249 0.000250 0.000259 0.000265 0.000264 0.000260 0.000252 0.000246 0.000247 0.000252 0.000258 0.000264 0.000267 0.000268 0.000268 0.000261 0.000241 
1212.226808 1212.674231 1213.255394 1213.025041 1211.258086 1207.698895 1206.926731 1206.818628 1205.499180 1204.052409 1202.630762 1201.398498 1200.866070 1200.766376 1200.680353 1200.343939 1199.872865 1199.591002 1199.383944 1199.220030 1199.104903 1198.929636 1198.845993 1198.916682 1198.942291 1199.008473 1199.213715 1199.240693 1198.821970 1198.309358 1198.095343 1198.061910 1198.088814 1198.172716 1198.288546 1198.314805 1198.209459 1198.338406 1198.642633 1198.639865 1198.205821 1197.982485 1198.074076 1198.261008 1198.137525 1198.096743 1198.197293 1198.219959 1198.312576 1198.449091 1198.680162 1199.004327 1198.956310 1198.519311 1198.092319 1197.958975 1197.920951 1197.883299 1198.001429 1198.109687 1198.093674 1198.250226 1198.426690 1198.653190 1198.964217 1199.273313 1199.630593 
0.004262 0.004384 0.003440 0.002127 0.001093 0.000514 0.000296 0.000228 0.000182 0.000142 0.000120 0.000111 0.000098 0.000085 0.000079 0.000075 0.000066 0.000060 0.000059 0.000061 0.000063 0.000063 0.000059 0.000055 0.000057 0.000061 0.000063 0.000061 0.000056 0.000052 0.000052 0.000050 0.000047 0.000044 0.000041 0.000037 0.000039 0.000044 0.000052 0.000058 0.000056 0.000049 0.000047 0.000048 0.000046 0.000042 0.000043 0.000044 0.000046 0.000051 0.000053 0.000054 0.000056 0.000055 0.000051 0.000048 0.000047 0.000051 0.000058 0.000059 0.000052 0.000044 0.000036 0.000032 0.000034 0.000041 0.000050 
1260.137780 1260.777914 1261.038654 1260.447395 1259.054986 1257.936986 1256.797707 1255.860054 1256.240179 1257.172598 1256.686788 1255.087059 1254.788789 1256.007909 1257.091351 1257.289366 1257.357498 1258.538490 1260.741623 1262.750437 1264.058425 1263.619084 1261.692595 1260.444308 1261.550767 1262.354423 1260.321065 1256.325081 1253.124009 1251.998111 1252.748057 1254.861323 1256.726058 1256.363857 1255.078145 1255.030333 1256.094836 1257.859170 1260.027958 1261.484965 1262.650245 1263.394901 1263.129666 1262.999451 1262.196760 1259.909369 1257.077463 1256.127544 1257.488758 1258.505155 1256.419567 1252.340688 1250.433556 1251.649439 1255.156532 1257.526237 1256.729829 1254.947496 1255.188633 1256.654310 1257.416238 1256.013711 1255.544150 1259.142335 1258.680271 1254.347258 1252.305415 
0.005109 0.005375 0.004209 0.002453 0.001106 0.000506 0.000336 0.000273 0.000245 0.000236 0.000237 0.000236 0.000231 0.000221 0.000211 0.000207 0.000209 0.000217 0.000224 0.000224 0.000226 0.000231 0.000232 0.000231 0.000236 0.000240 0.000234 0.000224 0.000221 0.000220 0.000212 0.000212 0.000215 0.000215 0.000214 0.000222 0.000236 0.000244 0.000240 0.000230 0.000223 0.000221 0.000224 0.000225 0.000227 0.000235 0.000238 0.000228 0.000218 0.000215 0.000220 0.000227 0.000231 0.000230 0.000230 0.000236 0.000238 0.000234 0.000228 0.000224 0.000222 0.000223 0.000223 0.000219 0.000214 0.000214 0.000214 
1310.682512 1311.671412 1312.226780 1311.842733 1310.156516 1309.452314 1310.489072 1311.755289 1312.611649 1313.119289 1313.903643 1314.852582 1315.348762 1315.420397 1315.286215 1315.285563 1315.615679 1315.965623 1316.199865 1316.564664 1316.749764 1316.681943 1316.526648 1316.520503 1316.477786 1316.220459 1316.082028 1315.893069 1315.500572 1315.273970 1315.694474 1315.975586 1316.070126 1316.039570 1315.983102 1316.164369 1316.213622 1315.974693 1315.975842 1316.582126 1317.024157 1316.505227 1315.363249 1315.294189 1315.831500 1316.321541 1316.517094 1316.999912 1317.083712 1316.779909 1316.547891 1316.752385 1317.058154 1317.074084 1316.654467 1316.105687 1316.064049 1316.317545 1316.377854 1316.266888 1316.427144 1316.578583 1316.337841 1315.848547 1315.836338 1316.083004 1316.336959 
0.003623 0.003607 0.002671 0.001509 0.000706 0.000350 0.000232 0.000181 0.000151 0.000129 0.000107 0.000086 0.000070 0.000063 0.000063 0.000064 0.000063 0.000062 0.000059 0.000054 0.000052 0.000054 0.000058 0.000060 0.000060 0.000059 0.000063 0.000068 0.000071 0.000075 0.000078 0.000073 0.000060 0.000050 0.000048 0.000052 0.000052 0.000049 0.000047 0.000049 0.000056 0.000061 0.000059 0.000054 0.000050 0.000053 0.000058 0.000060 0.000053 0.000044 0.000038 0.000041 0.000047 0.000048 0.000043 0.000041 0.000044 0.000046 0.000045 0.000043 0.000040 0.000038 0.000036 0.000036 0.000043 0.000051 0.000057 
1364.413340 1364.701978 1365.213734 1365.340181 1364.541533 1365.020502 1366.393971 1365.707996 1366.684305 1367.569754 1367.433174 1368.206929 1370.239005 1371.908144 1373.826166 1375.972667 1376.752287 1375.788209 1374.239391 1371.494165 1367.707673 1367.182838 1370.089939 1373.009477 1373.793347 1372.756495 1373.805610 1375.766218 1375.055137 1371.491183 1367.868476 1366.019760 1366.552885 1369.522851 1369.393666 1367.253580 1366.924052 1369.103183 1371.735505 1373.549981 1374.581908 1373.737244 1371.217544 1368.871756 1369.418044 1370.993605 1369.962860 1368.237553 1367.006461 1367.575910 1368.427405 1369.421432 1368.161730 1366.707329 1364.087252 1361.437873 1362.510151 1364.372541 1364.190209 1363.808235 1366.298386 1370.754787 1372.464098 1371.950287 1370.730439 1372.789622 1374.943380 
0.002472 0.002457 0.001913 0.001235 0.000682 0.000319 0.000187 0.000158 0.000142 0.000126 0.000118 0.000118 0.000115 0.000102 0.000097 0.000106 0.000107 0.000098 0.000093 0.000094 0.000085 0.000076 0.000076 0.000074 0.000070 0.000071 0.000077 0.000083 0.000084 0.000080 0.000072 0.000073 0.000083 0.000094 0.000093 0.000083 0.000078 0.000079 0.000076 0.000070 0.000073 0.000080 0.000077 0.000075 0.000083 0.000094 0.000091 0.000076 0.000071 0.000078 0.000082 0.000075 0.000075 0.000086 0.000092 0.000087 0.000089 0.000097 0.000096 0.000085 0.000072 0.000066 0.000067 0.000076 0.000090 0.000101 0.000101 
1414.505286 1414.135887 1413.343843 1412.803364 1413.100788 1413.267028 1412.574670 1414.409778 1415.914574 1416.871784 1418.741908 1420.716330 1421.258423 1421.162641 1423.468662 1426.243665 1427.048875 1427.247790 1426.774699 1425.871643 1425.856383 1427.332756 1427.932270 1426.286664 1423.005752 1420.708852 1421.205376 1424.042296 1427.042065 1427.803858 1426.498066 1426.393204 1427.312099 1427.459378 1427.260865 1426.965182 1425.786239 1424.582012 1424.468222 1426.504332 1428.849455 1429.665368 1430.010202 1430.030085 1429.638226 1428.403204 1426.112908 1423.014275 1423.130922 1425.675665 1426.592357 1427.127854 1428.605793 1428.719511 1427.946901 1426.274766 1425.901180 1427.547757 1428.837701 1428.557042 1425.913002 1423.521125 1424.529883 1427.422994 1428.868736 1428.986329 1428.509646 
0.001265 0.001230 0.000944 0.000659 0.000474 0.000344 0.000266 0.000230 0.000215 0.000203 0.000195 0.000201 0.000217 0.000230 0.000236 0.000232 0.000218 0.000197 0.000181 0.000177 0.000185 0.000196 0.000199 0.000195 0.000190 0.000186 0.000180 0.000173 0.000172 0.000176 0.000183 0.000189 0.000194 0.000197 0.000202 0.000204 0.000201 0.000193 0.000185 0.000182 0.000184 0.000185 0.000183 0.000180 0.000180 0.000181 0.000186 0.000194 0.000199 0.000197 0.000188 0.000180 0.000174 0.000171 0.000172 0.000179 0.000186 0.000187 0.000184 0.000184 0.000188 0.000190 0.000186 0.000176 0.000167 0.000162 0.000152 
1439.180627 1439.605877 1440.093115 1439.929252 1438.786196 1437.684831 1437.105381 1437.047006 1437.188163 1437.042969 1436.795340 1436.980527 1437.433595 1437.708633 1437.753953 1437.646902 1437.371690 1436.892717 1436.579034 1436.631189 1437.077555 1437.507807 1437.619990 1437.562092 1437.542403 1437.508718 1437.285967 1436.974081 1436.867565 1437.005696 1437.198661 1437.292415 1437.252493 1437.206853 1437.292858 1437.451960 1437.521179 1437.420462 1437.246254 1437.200548 1437.273962 1437.279449 1437.180544 1437.063337 1436.960791 1436.939866 1437.154278 1437.510890 1437.701073 1437.599804 1437.331559 1437.093158 1436.923239 1436.768261 1436.752800 1436.971651 1437.165211 1437.100591 1436.936390 1437.059075 1437.451796 1437.703465 1437.583735 1437.160683 1436.844623 1437.099289 1437.697183 
0.002344 0.002224 0.001490 0.000694 0.000308 0.000202 0.000140 0.000112 0.000093 0.000077 0.000067 0.000065 0.000062 0.000053 0.000048 0.000050 0.000053 0.000050 0.000044 0.000043 0.000044 0.000042 0.000037 0.000039 0.000050 0.000056 0.000052 0.000043 0.000042 0.000043 0.000040 0.000031 0.000022 0.000019 0.000027 0.000037 0.000047 0.000057 0.000064 0.000060 0.000047 0.000035 0.000027 0.000025 0.000027 0.000031 0.000035 0.000037 0.000040 0.000041 0.000039 0.000034 0.000033 0.000033 0.000037 0.000039 0.000034 0.000026 0.000027 0.000035 0.000041 0.000043 0.000042 0.000039 0.000033 0.000032 0.000043 
1464.059984 1463.940479 1463.910067 1464.261743 1464.736772 1463.907259 1464.199082 1464.632574 1465.026267 1464.309329 1461.937717 1460.169804 1460.569385 1463.074581 1464.931464 1465.143994 1465.589685 1467.289503 1466.944978 1463.974688 1461.173101 1458.836593 1458.614080 1461.320195 1461.131758 1459.837409 1459.899102 1463.121663 1466.399105 1466.729806 1465.325923 1462.745286 1461.420516 1463.262089 1465.754160 1468.254996 1467.850071 1465.766043 1463.995283 1462.952767 1462.229514 1463.738873 1467.202894 1467.632198 1466.969637 1468.322541 1469.150672 1468.592521 1467.651953 1467.268983 1466.546463 1463.297221 1459.380569 1457.975412 1461.534481 1464.476156 1466.090411 1465.246371 1462.671539 1463.645415 1466.139886 1468.891648 1469.680910 1468.102361 1464.683621 1460.876148 1459.423563 
0.001779 0.001601 0.000999 0.000424 0.000206 0.000153 0.000112 0.000085 0.000067 0.000056 0.000051 0.000046 0.000038 0.000032 0.000033 0.000035 0.000037 0.000039 0.000043 0.000047 0.000047 0.000042 0.000032 0.000021 0.000013 0.000014 0.000018 0.000025 0.000032 0.000034 0.000032 0.000032 0.000031 0.000029 0.000028 0.000030 0.000035 0.000035 0.000031 0.000033 0.000039 0.000044 0.000044 0.000042 0.000041 0.000044 0.000042 0.000034 0.000035 0.000042 0.000043 0.000034 0.000027 0.000032 0.000044 0.000049 0.000040 0.000031 0.000032 0.000034 0.000033 0.000033 0.000032 0.000028 0.000028 0.000026 0.000028 
1512.630769 1512.329073 1511.772870 1510.902376 1512.546356 1513.510529 1513.499031 1513.719121 1514.315841 1514.710544 1514.024655 1513.664736 1514.081779 1514.145639 1512.965556 1511.424664 1510.091540 1509.417047 1509.296479 1510.146424 1511.303063 1511.763023 1511.556903 1511.755912 1513.998610 1514.553556 1512.752855 1510.845653 1510.210271 1510.325106 1510.592336 1509.901500 1508.438395 1507.958789 1509.404635 1512.031945 1513.523129 1513.663309 1512.342417 1511.651574 1513.079420 1515.089304 1517.027841 1517.345864 1516.312190 1514.980200 1514.068197 1512.090685 1510.629737 1511.103342 1511.481157 1511.377113 1512.622262 1512.924338 1512.779076 1512.057713 1510.762758 1510.698149 1512.569583 1512.242969 1510.500700 1510.971099 1514.228119 1517.707512 1517.499315 1517.055221 1515.961794 
0.002738 0.002696 0.001911 0.000951 0.000352 0.000172 0.000115 0.000087 0.000075 0.000066 0.000056 0.000050 0.000049 0.000048 0.000049 0.000050 0.000045 0.000041 0.000040 0.000040 0.000033 0.000021 0.000017 0.000019 0.000023 0.000026 0.000027 0.000029 0.000025 0.000023 0.000027 0.000036 0.000032 0.000021 0.000022 0.000032 0.000037 0.000038 0.000038 0.000043 0.000048 0.000048 0.000047 0.000049 0.000047 0.000043 0.000041 0.000041 0.000039 0.000038 0.000036 0.000040 0.000042 0.000040 0.000042 0.000042 0.000037 0.000043 0.000053 0.000058 0.000052 0.000040 0.000031 0.000031 0.000029 0.000037 0.000058 
1537.116316 1537.439904 1537.751345 1537.728697 1535.702348 1534.764132 1536.388825 1535.310900 1533.695578 1533.720159 1534.627494 1535.156250 1534.490872 1533.170498 1533.259544 1534.317575 1534.514480 1533.447189 1532.813933 1534.072985 1535.215047 1535.283438 1535.909869 1534.386201 1534.018411 1533.238367 1532.108122 1534.502622 1536.146100 1535.266750 1536.203098 1538.780809 1538.407430 1535.252906 1534.364142 1535.788676 1534.592663 1534.022293 1534.133558 1534.545672 1535.452271 1535.319703 1534.114200 1534.082610 1534.192122 1533.314309 1532.131356 1533.023642 1536.902624 1538.218794 1534.776495 1534.090002 1535.334722 1534.066954 1532.715115 1532.982126 1534.233345 1536.832059 1537.621107 1537.775105 1538.551878 1538.599114 1538.047495 1539.525333 1536.002456 1535.894635 1538.805492 
0.003144 0.003036 0.002050 0.000887 0.000244 0.000143 0.000119 0.000117 0.000127 0.000136 0.000137 0.000141 0.000150 0.000150 0.000143 0.000134 0.000130 0.000130 0.000130 0.000126 0.000125 0.000129 0.000139 0.000143 0.000138 0.000135 0.000136 0.000141 0.000146 0.000155 0.000165 0.000162 0.000143 0.000125 0.000120 0.000126 0.000134 0.000138 0.000138 0.000139 0.000145 0.000156 0.000162 0.000157 0.000156 0.000161 0.000163 0.000158 0.000157 0.000161 0.000164 0.000158 0.000143 0.000132 0.000127 0.000127 0.000133 0.000146 0.000154 0.000154 0.000152 0.000154 0.000158 0.000156 0.000149 0.000135 0.000116 
1563.974908 1563.910423 1563.822449 1563.772338 1563.311759 1563.494043 1561.778012 1559.539365 1559.187946 1558.932502 1558.095015 1557.949447 1558.341862 1558.375877 1558.143831 1557.882764 1557.758467 1557.825246 1557.798488 1557.579082 1557.483298 1557.644123 1558.286388 1558.472062 1557.937347 1557.565269 1557.581679 1557.705362 1557.719513 1558.105959 1558.703337 1558.830801 1558.198890 1557.395580 1557.366977 1557.841249 1558.169032 1558.133170 1557.924373 1557.696858 1557.743620 1558.292826 1558.510681 1557.975131 1557.777160 1558.153258 1558.206424 1557.732499 1557.616790 1557.820052 1558.184835 1558.135088 1557.695547 1557.481508 1557.433163 1557.236958 1557.341881 1557.818275 1557.976570 1557.610101 1557.467559 1557.623498 1557.937934 1558.096668 1558.005550 1557.829831 1557.794694 
0.005001 0.004859 0.003315 0.001476 0.000422 0.000202 0.000144 0.000111 0.000095 0.000081 0.000064 0.000052 0.000045 0.000042 0.000047 0.000054 0.000055 0.000051 0.000049 0.000051 0.000051 0.000046 0.000038 0.000034 0.000034 0.000036 0.000037 0.000040 0.000045 0.000047 0.000045 0.000039 0.000038 0.000044 0.000048 0.000046 0.000043 0.000043 0.000044 0.000046 0.000051 0.000055 0.000057 0.000058 0.000059 0.000063 0.000065 0.000061 0.000053 0.000053 0.000059 0.000057 0.000054 0.000054 0.000057 0.000058 0.000059 0.000057 0.000052 0.000046 0.000044 0.000048 0.000051 0.000056 0.000057 0.000048 0.000037 
1608.202275 1608.153862 1608.085537 1607.990987 1609.580138 1609.745003 1608.998939 1608.661214 1609.532512 1609.975656 1608.548939 1605.062703 1602.685647 1602.749468 1605.536833 1609.719859 1613.353665 1614.691059 1611.566669 1607.059805 1605.479768 1605.703759 1606.747261 1609.834045 1612.862277 1613.492594 1613.804441 1613.549954 1612.446071 1612.222798 1612.952118 1614.094654 1614.148852 1614.173676 1613.430775 1609.437976 1603.781669 1603.243196 1604.908303 1604.660784 1604.846621 1605.845329 1606.825245 1605.976302 1604.818418 1605.281217 1606.021817 1606.276456 1607.754006 1609.475405 1610.184929 1609.775198 1611.447569 1614.534525 1616.902390 1616.589953 1613.618244 1609.245472 1604.484887 1602.445862 1603.188379 1604.282598 1603.893385 1603.801380 1604.203933 1604.353520 1605.926277 
0.004010 0.003809 0.002543 0.001123 0.000392 0.000223 0.000164 0.000148 0.000146 0.000144 0.000130 0.000120 0.000125 0.000142 0.000154 0.000155 0.000151 0.000152 0.000155 0.000158 0.000160 0.000150 0.000133 0.000124 0.000125 0.000134 0.000146 0.000156 0.000162 0.000164 0.000166 0.000163 0.000158 0.000159 0.000168 0.000172 0.000165 0.000152 0.000145 0.000146 0.000156 0.000170 0.000174 0.000167 0.000158 0.000153 0.000151 0.000154 0.000158 0.000159 0.000155 0.000151 0.000150 0.000153 0.000158 0.000160 0.000156 0.000150 0.000146 0.000144 0.000144 0.000147 0.000153 0.000156 0.000157 0.000160 0.000159 
1667.337085 1667.822763 1668.517433 1669.422889 1668.830004 1667.921060 1669.496473 1671.074343 1671.517133 1671.757323 1673.141747 1674.926385 1675.125691 1674.262479 1673.895866 1674.370386 1675.407828 1676.158671 1676.218384 1675.515073 1674.253494 1673.642566 1673.943581 1674.399234 1675.035134 1675.595115 1675.774290 1675.639159 1675.520165 1675.406634 1675.101335 1674.930873 1675.141697 1675.323875 1675.240961 1675.272570 1675.606683 1676.032308 1676.031482 1675.841752 1675.338598 1674.487264 1674.214191 1674.719082 1675.107451 1675.160288 1675.236259 1675.189115 1675.100673 1675.190297 1675.471606 1675.674369 1675.751114 1675.693988 1675.486448 1675.185488 1675.084238 1675.144206 1675.158649 1675.213625 1675.318873 1675.261843 1674.988555 1674.997864 1675.073489 1674.617670 1673.295615 
0.005695 0.005599 0.003894 0.001830 0.000656 0.000291 0.000167 0.000114 0.000081 0.000063 0.000055 0.000052 0.000051 0.000050 0.000048 0.000045 0.000042 0.000038 0.000036 0.000049 0.000068 0.000074 0.000063 0.000049 0.000052 0.000059 0.000061 0.000060 0.000057 0.000049 0.000038 0.000033 0.000039 0.000046 0.000045 0.000037 0.000032 0.000034 0.000039 0.000042 0.000046 0.000045 0.000039 0.000037 0.000041 0.000044 0.000040 0.000034 0.000032 0.000033 0.000035 0.000036 0.000036 0.000037 0.000037 0.000034 0.000028 0.000026 0.000030 0.000035 0.000034 0.000032 0.000037 0.000040 0.000036 0.000031 0.000033 
1716.387453 1716.815347 1717.312476 1717.664498 1715.710045 1713.188341 1714.252253 1713.834789 1712.613682 1712.061428 1713.547256 1714.643535 1713.457340 1711.196189 1712.474503 1717.270056 1720.910944 1719.901890 1715.302942 1709.793149 1708.730250 1709.201961 1710.975992 1714.228148 1713.689480 1712.687862 1714.203691 1716.665232 1717.671644 1717.009595 1715.182683 1716.653887 1722.076848 1723.137632 1720.762737 1716.136170 1713.783493 1715.536633 1717.131448 1716.106597 1714.609087 1714.665001 1716.393751 1716.625320 1712.973435 1709.796869 1708.745118 1711.491863 1715.900597 1717.817772 1719.474101 1721.094166 1719.817163 1716.800399 1716.074587 1716.646324 1715.767237 1715.778521 1716.998393 1717.723606 1715.585924 1710.892175 1709.304050 1709.561165 1710.609730 1712.041209 1714.673681 
0.004593 0.004516 0.003119 0.001400 0.000363 0.000172 0.000119 0.000102 0.000088 0.000064 0.000047 0.000047 0.000044 0.000035 0.000027 0.000026 0.000031 0.000032 0.000033 0.000039 0.000044 0.000043 0.000039 0.000036 0.000040 0.000048 0.000050 0.000042 0.000038 0.000040 0.000039 0.000038 0.000037 0.000038 0.000038 0.000038 0.000037 0.000036 0.000038 0.000038 0.000038 0.000038 0.000040 0.000039 0.000037 0.000042 0.000046 0.000051 0.000055 0.000064 0.000069 0.000065 0.000048 0.000035 0.000037 0.000040 0.000034 0.000027 0.000026 0.000032 0.000034 0.000036 0.000039 0.000041 0.000040 0.000041 0.000042 
1771.299794 1771.170341 1770.984799 1770.618574 1771.368489 1773.392239 1773.928156 1774.635304 1775.346347 1774.854329 1773.809639 1773.640410 1772.426381 1772.199861 1773.140084 1772.274559 1771.472132 1772.017034 1771.893804 1770.641730 1769.529545 1769.516063 1772.237902 1775.338201 1776.530961 1777.592021 1775.789626 1770.755859 1765.892976 1767.156064 1768.747140 1768.542453 1769.111860 1771.563790 1772.127311 1770.541916 1771.420194 1772.671091 1775.188898 1777.190817 1779.036682 1779.363406 1777.589641 1774.574795 1769.821691 1768.330855 1768.371343 1768.728746 1769.034143 1770.389218 1771.689896 1772.522107 1771.154817 1769.556951 1772.967385 1774.531440 1773.538189 1772.123491 1772.746448 1775.159369 1772.632313 1772.946353 1774.686355 1773.822032 1772.549924 1772.862507 1771.112057 
0.002505 0.002417 0.001677 0.000885 0.000469 0.000269 0.000162 0.000128 0.000108 0.000071 0.000045 0.000038 0.000037 0.000035 0.000038 0.000048 0.000055 0.000051 0.000041 0.000032 0.000032 0.000032 0.000027 0.000028 0.000036 0.000037 0.000030 0.000031 0.000042 0.000051 0.000048 0.000038 0.000035 0.000039 0.000039 0.000034 0.000029 0.000026 0.000022 0.000021 0.000028 0.000037 0.000044 0.000053 0.000057 0.000048 0.000032 0.000025 0.000031 0.000035 0.000031 0.000028 0.000030 0.000029 0.000025 0.000025 0.000030 0.000032 0.000032 0.000033 0.000034 0.000032 0.000033 0.000038 0.000037 0.000034 0.000033 
1819.841343 1819.620142 1819.475064 1820.693911 1822.476492 1823.520492 1821.727081 1820.972496 1821.813018 1822.622552 1823.870259 1824.036649 1823.104077 1822.433079 1821.227347 1820.404894 1821.159043 1822.788995 1823.778802 1822.779443 1820.949094 1819.784256 1818.038874 1819.021008 1821.733576 1822.808160 1821.959884 1818.736299 1818.434859 1819.663091 1820.193558 1819.295787 1818.098833 1819.126176 1820.165962 1820.072689 1820.431477 1822.601906 1824.569988 1825.916414 1825.203469 1824.992998 1824.964077 1824.104202 1822.788115 1821.133419 1818.843427 1819.220597 1822.437390 1824.157460 1824.196783 1822.066714 1819.495222 1818.023118 1817.233421 1816.672262 1817.184984 1818.744046 1820.507693 1820.119782 1817.977637 1818.284765 1821.378864 1823.430970 1823.420634 1821.646830 1819.636861 
0.002427 0.002326 0.001601 0.000838 0.000424 0.000301 0.000212 0.000145 0.000097 0.000063 0.000049 0.000050 0.000052 0.000048 0.000047 0.000052 0.000055 0.000054 0.000051 0.000046 0.000041 0.000042 0.000044 0.000042 0.000036 0.000033 0.000036 0.000042 0.000049 0.000056 0.000062 0.000065 0.000064 0.000059 0.000052 0.000045 0.000046 0.000053 0.000062 0.000067 0.000062 0.000050 0.000040 0.000044 0.000055 0.000064 0.000068 0.000071 0.000071 0.000061 0.000042 0.000029 0.000025 0.000029 0.000035 0.000036 0.000033 0.000032 0.000038 0.000041 0.000037 0.000033 0.000037 0.000042 0.000041 0.000038 0.000035 
1846.521583 1846.763003 1847.229791 1846.311405 1843.172963 1839.763388 1839.249971 1839.339417 1840.770568 1845.293166 1850.205048 1850.406545 1849.514111 1849.988556 1849.644395 1848.459399 1847.548044 1845.613530 1843.384414 1842.738763 1844.149613 1847.801986 1848.558044 1845.508807 1840.354624 1839.074692 1840.796216 1844.604285 1848.127697 1850.872059 1852.150362 1852.147432 1851.187723 1849.954806 1848.469350 1846.166820 1845.749863 1847.165645 1849.395041 1850.322027 1849.710285 1848.073566 1845.929536 1842.505145 1842.937628 1845.200364 1847.545507 1848.321647 1847.526438 1846.738726 1846.592692 1846.100259 1846.227969 1848.598894 1849.144006 1848.733734 1848.850526 1849.464853 1849.896647 1848.567527 1845.878596 1844.375289 1846.735426 1847.963741 1847.954367 1848.611573 1850.193310 
0.002476 0.002453 0.001774 0.000955 0.000474 0.000286 0.000192 0.000131 0.000108 0.000099 0.000092 0.000086 0.000081 0.000081 0.000083 0.000079 0.000072 0.000071 0.000075 0.000079 0.000083 0.000083 0.000078 0.000072 0.000069 0.000072 0.000082 0.000097 0.000104 0.000099 0.000087 0.000081 0.000082 0.000092 0.000101 0.000101 0.000093 0.000087 0.000080 0.000077 0.000082 0.000089 0.000088 0.000089 0.000097 0.000105 0.000105 0.000097 0.000094 0.000095 0.000093 0.000090 0.000093 0.000093 0.000086 0.000076 0.000069 0.000074 0.000090 0.000103 0.000103 0.000093 0.000081 0.000073 0.000071 0.000072 0.000069 
1889.890198 1890.814607 1892.233391 1893.892059 1893.455722 1891.665941 1890.969576 1889.600023 1890.222571 1894.685612 1899.798939 1903.888554 1905.190263 1905.875483 1906.461521 1905.507810 1902.978980 1901.234287 1901.055744 1901.668137 1902.366979 1903.420860 1905.300075 1906.602832 1905.729483 1904.943960 1905.433402 1905.484214 1905.096474 1904.858808 1904.009325 1902.960558 1904.358078 1907.082531 1908.290503 1907.977478 1906.875661 1905.931547 1905.781348 1905.725536 1905.843057 1906.268366 1906.393002 1905.620393 1906.259183 1908.212640 1908.368504 1906.512922 1902.175432 1901.553245 1904.076563 1904.980496 1903.252491 1902.475801 1903.653518 1905.147943 1905.876409 1905.015833 1904.077447 1903.292134 1902.220322 1901.054950 1901.434437 1903.807192 1904.994574 1903.394178 1902.270884 
0.001215 0.001207 0.000911 0.000539 0.000275 0.000168 0.000143 0.000131 0.000099 0.000067 0.000047 0.000041 0.000047 0.000065 0.000073 0.000070 0.000060 0.000051 0.000046 0.000042 0.000039 0.000040 0.000039 0.000037 0.000035 0.000033 0.000037 0.000042 0.000044 0.000044 0.000047 0.000055 0.000061 0.000058 0.000051 0.000044 0.000040 0.000040 0.000037 0.000035 0.000034 0.000038 0.000047 0.000058 0.000063 0.000059 0.000049 0.000043 0.000039 0.000033 0.000028 0.000026 0.000029 0.000038 0.000047 0.000052 0.000053 0.000048 0.000038 0.000034 0.000040 0.000047 0.000048 0.000050 0.000056 0.000054 0.000046 
1941.651094 1941.563605 1942.191232 1943.887597 1944.350854 1941.208580 1942.417544 1945.067397 1946.844980 1946.992534 1944.677763 1945.233703 1947.549824 1948.660648 1949.007488 1948.519524 1946.448535 1942.048517 1938.485372 1937.070592 1937.522352 1938.231730 1940.466419 1943.465441 1943.567237 1942.399764 1943.273971 1944.194308 1944.445996 1944.395378 1943.039384 1941.391795 1941.844423 1943.528636 1945.442426 1945.646606 1940.789782 1936.918502 1938.152036 1942.084749 1942.928435 1940.943412 1940.287773 1939.800042 1938.892685 1938.301792 1938.322153 1938.753862 1940.076126 1943.445574 1947.790328 1949.806794 1950.644447 1951.450715 1951.965149 1951.625087 1949.669136 1947.232643 1945.820867 1947.519564 1949.662195 1949.560829 1947.484882 1943.575916 1941.832499 1941.818721 1940.672255 
0.002094 0.002162 0.001674 0.001027 0.000629 0.000424 0.000304 0.000212 0.000160 0.000136 0.000125 0.000111 0.000101 0.000091 0.000072 0.000056 0.000055 0.000061 0.000061 0.000057 0.000054 0.000052 0.000054 0.000058 0.000059 0.000055 0.000050 0.000053 0.000060 0.000072 0.000078 0.000077 0.000067 0.000059 0.000060 0.000072 0.000078 0.000070 0.000056 0.000048 0.000047 0.000045 0.000039 0.000037 0.000046 0.000059 0.000066 0.000064 0.000054 0.000046 0.000046 0.000051 0.000055 0.000059 0.000063 0.000065 0.000062 0.000056 0.000047 0.000040 0.000041 0.000045 0.000047 0.000047 0.000046 0.000042 0.000035 
1986.341196 1986.345190 1985.551847 1984.948836 1985.455188 1987.087760 1985.260326 1983.368650 1983.100898 1985.678711 1988.631969 1988.213211 1984.082818 1980.139187 1978.950212 1981.914318 1985.586977 1984.478063 1981.927959 1981.403288 1983.403161 1984.350693 1981.987168 1977.572958 1974.443660 1974.943537 1978.544319 1979.370791 1978.757626 1978.463946 1978.396642 1978.774598 1979.092432 1980.140304 1984.338395 1985.584102 1984.362104 1982.429765 1980.432850 1978.964053 1976.737405 1975.883484 1977.623009 1978.838402 1978.100891 1979.724592 1982.094296 1982.788532 1981.649729 1980.821499 1980.483834 1981.522137 1983.499143 1982.487786 1977.570415 1974.950895 1976.486200 1978.785225 1979.417994 1976.317274 1972.681973 1973.512126 1977.327146 1982.362814 1984.410540 1983.226034 1983.663776 
0.001462 0.001450 0.001026 0.000532 0.000253 0.000164 0.000113 0.000109 0.000120 0.000113 0.000099 0.000102 0.000113 0.000109 0.000092 0.000082 0.000081 0.000085 0.000097 0.000112 0.000122 0.000119 0.000109 0.000101 0.000094 0.000085 0.000087 0.000100 0.000112 0.000117 0.000118 0.000116 0.000110 0.000101 0.000087 0.000081 0.000085 0.000097 0.000103 0.000106 0.000108 0.000109 0.000107 0.000102 0.000105 0.000111 0.000114 0.000113 0.000110 0.000101 0.000100 0.000107 0.000119 0.000123 0.000116 0.000106 0.000106 0.000112 0.000113 0.000099 0.000086 0.000084 0.000090 0.000096 0.000104 0.000112 0.000106 
2034.692372 2035.328244 2036.009899 2035.482229 2033.057424 2032.115735 2032.381118 2033.541671 2033.981515 2034.297008 2034.714912 2035.262677 2035.508115 2034.974023 2034.534773 2035.246190 2035.417278 2034.433193 2033.759399 2033.938837 2034.297350 2034.213233 2034.126536 2034.920003 2035.916540 2036.009150 2035.398309 2034.701753 2034.313837 2034.093248 2033.871565 2033.896135 2034.547640 2035.204054 2034.433914 2034.341047 2035.325533 2036.076474 2035.764519 2035.684556 2035.295345 2033.940439 2033.328823 2034.678245 2035.480725 2034.632011 2034.186654 2034.541580 2034.984150 2035.410233 2035.301277 2034.627476 2034.001464 2034.601496 2035.663223 2035.049206 2033.753780 2033.736314 2035.421449 2035.854792 2035.158017 2034.910248 2035.723557 2035.371687 2033.814013 2032.683083 2032.474057 
0.001091 0.001230 0.001093 0.000797 0.000494 0.000269 0.000139 0.000085 0.000069 0.000057 0.000047 0.000046 0.000052 0.000054 0.000047 0.000038 0.000031 0.000029 0.000032 0.000035 0.000037 0.000032 0.000024 0.000024 0.000029 0.000032 0.000034 0.000034 0.000031 0.000025 0.000019 0.000020 0.000026 0.000032 0.000036 0.000038 0.000042 0.000044 0.000039 0.000031 0.000027 0.000025 0.000023 0.000028 0.000033 0.000039 0.000048 0.000056 0.000058 0.000054 0.000047 0.000038 0.000033 0.000035 0.000040 0.000038 0.000036 0.000045 0.000059 0.000060 0.000046 0.000030 0.000023 0.000024 0.000032 0.000038 0.000040 
2057.150621 2057.191057 2058.138348 2060.064693 2061.992664 2062.410333 2061.842415 2061.308044 2058.977152 2057.767821 2057.192164 2056.645533 2056.619197 2057.023923 2058.128292 2059.908702 2061.344837 2062.441508 2063.539286 2063.925089 2062.508110 2060.568700 2059.071535 2058.762489 2058.177136 2057.583675 2057.907163 2059.432596 2060.923625 2060.619757 2057.712364 2057.075260 2057.679055 2057.500416 2057.114690 2057.913894 2060.014843 2061.945257 2062.467413 2059.657635 2055.182936 2055.705488 2058.880178 2063.478842 2063.901387 2062.298034 2061.174159 2060.324263 2059.474201 2059.497812 2060.617881 2062.111308 2062.683947 2061.676146 2060.903968 2060.804179 2060.517124 2060.073800 2059.685961 2059.675697 2059.913602 2059.055487 2057.599432 2057.853046 2061.499927 2063.577023 2064.477001 
0.001088 0.001183 0.000989 0.000683 0.000466 0.000318 0.000212 0.000147 0.000136 0.000136 0.000120 0.000093 0.000077 0.000084 0.000093 0.000088 0.000075 0.000067 0.000064 0.000061 0.000066 0.000069 0.000065 0.000056 0.000052 0.000053 0.000050 0.000043 0.000041 0.000053 0.000065 0.000065 0.000055 0.000044 0.000041 0.000045 0.000052 0.000053 0.000049 0.000047 0.000052 0.000060 0.000062 0.000065 0.000072 0.000077 0.000071 0.000056 0.000044 0.000041 0.000047 0.000051 0.000051 0.000049 0.000049 0.000050 0.000050 0.000046 0.000045 0.000048 0.000053 0.000057 0.000058 0.000054 0.000048 0.000044 0.000046 
2101.860986 2103.039152 2105.046969 2108.188332 2109.325519 2106.120847 2103.135635 2104.651514 2106.150736 2105.610766 2105.813577 2106.334540 2106.964326 2103.962703 2098.935294 2095.673950 2096.254097 2099.170573 2100.310253 2100.353377 2103.167740 2106.045184 2107.967051 2105.918377 2100.738123 2099.008976 2100.064788 2101.690686 2103.671074 2105.301220 2107.210134 2109.662224 2110.527157 2106.090880 2103.046703 2107.047566 2108.129721 2107.783092 2106.933043 2103.352509 2098.411521 2096.177895 2096.407797 2096.932804 2097.916944 2098.956279 2100.556646 2101.374596 2101.315821 2104.096203 2106.557643 2105.197732 2102.139266 2101.245449 2101.713479 2099.907301 2098.094346 2098.965968 2100.514417 2099.539514 2097.528083 2097.234008 2097.606866 2097.714268 2098.517676 2099.380519 2098.224286 
0.000646 0.000870 0.000971 0.000914 0.000697 0.000412 0.000226 0.000182 0.000175 0.000144 0.000130 0.000141 0.000164 0.000170 0.000170 0.000170 0.000157 0.000132 0.000111 0.000094 0.000077 0.000060 0.000057 0.000060 0.000070 0.000089 0.000114 0.000129 0.000130 0.000128 0.000126 0.000116 0.000101 0.000087 0.000080 0.000079 0.000079 0.000075 0.000070 0.000073 0.000083 0.000085 0.000075 0.000067 0.000065 0.000067 0.000076 0.000090 0.000104 0.000112 0.000108 0.000097 0.000087 0.000083 0.000081 0.000083 0.000084 0.000076 0.000072 0.000078 0.000089 0.000093 0.000089 0.000085 0.000085 0.000089 0.000089 
2165.867290 2166.198384 2165.363781 2163.335571 2161.228810 2160.915186 2163.775891 2164.589197 2160.100754 2157.072116 2156.071018 2155.974691 2156.075967 2155.798687 2155.742433 2155.959875 2155.818151 2155.220253 2155.251312 2156.163746 2157.410913 2159.847336 2162.360836 2163.100979 2160.831656 2158.976234 2158.535362 2158.087368 2157.527250 2157.483123 2157.506885 2156.892945 2156.096603 2155.549611 2155.416448 2156.296944 2157.661262 2158.769319 2159.656884 2160.876729 2161.665377 2161.341941 2160.055259 2159.214621 2158.965834 2157.356414 2156.047120 2156.183476 2156.787824 2157.498357 2157.540167 2157.100320 2157.192855 2158.005859 2158.536725 2158.785884 2158.593509 2157.488957 2157.040553 2157.948771 2158.353604 2157.872423 2157.016316 2156.658491 2156.866092 2157.152104 2157.828127 
0.000529 0.000801 0.000917 0.000859 0.000734 0.000628 0.000533 0.000440 0.000346 0.000267 0.000227 0.000215 0.000210 0.000195 0.000173 0.000145 0.000121 0.000104 0.000095 0.000095 0.000104 0.000101 0.000081 0.000063 0.000062 0.000075 0.000080 0.000072 0.000058 0.000045 0.000046 0.000058 0.000067 0.000068 0.000066 0.000067 0.000065 0.000054 0.000047 0.000046 0.000046 0.000045 0.000045 0.000044 0.000041 0.000040 0.000038 0.000036 0.000032 0.000024 0.000021 0.000023 0.000026 0.000024 0.000021 0.000023 0.000032 0.000043 0.000051 0.000051 0.000051 0.000051 0.000044 0.000030 0.000019 0.000024 0.000039 
2226.549692 2226.994138 2227.499303 2228.320693 2229.332051 2229.718089 2229.759085 2229.673086 2229.739470 2230.102571 2230.402175 2230.807201 2231.309025 2231.319730 2230.803770 2230.373588 2230.293688 2230.478036 2230.664354 2230.277313 2228.843616 2227.151404 2225.304194 2225.054072 2226.755010 2229.038883 2230.477165 2231.583468 2230.784109 2227.470449 2224.366278 2224.693762 2224.926942 2225.793660 2227.745304 2228.655740 2227.413314 2225.233655 2222.636373 2221.469927 2221.688640 2222.481884 2223.838732 2225.505195 2227.523596 2229.226856 2229.263645 2227.199038 2224.908116 2222.237049 2220.756863 2221.410874 2222.653340 2221.826288 2221.236645 2224.435292 2227.425863 2227.035836 2225.655631 2224.228148 2223.761247 2224.264372 2224.316336 2222.879045 2222.297268 2225.691524 2227.064151 
0.000162 0.000334 0.000482 0.000519 0.000453 0.000358 0.000287 0.000240 0.000207 0.000185 0.000166 0.000152 0.000136 0.000114 0.000087 0.000063 0.000048 0.000044 0.000048 0.000047 0.000041 0.000033 0.000027 0.000029 0.000038 0.000044 0.000040 0.000031 0.000032 0.000038 0.000039 0.000035 0.000031 0.000028 0.000028 0.000028 0.000025 0.000022 0.000024 0.000025 0.000022 0.000023 0.000031 0.000035 0.000034 0.000034 0.000034 0.000034 0.000032 0.000026 0.000018 0.000012 0.000013 0.000016 0.000020 0.000023 0.000023 0.000019 0.000020 0.000025 0.000027 0.000026 0.000029 0.000036 0.000038 0.000031 0.000022 
2304.476674 2307.007471 2307.809458 2308.102948 2308.480871 2309.384539 2310.435696 2310.817341 2310.661499 2310.279507 2310.296879 2310.476050 2310.585915 2310.691568 2310.720975 2311.022915 2311.563506 2311.494345 2310.371401 2310.351647 2310.335874 2309.133649 2307.862624 2308.410259 2308.609622 2308.709404 2309.571540 2311.221752 2310.473538 2308.466552 2307.025173 2306.550882 2308.297357 2310.757307 2311.004608 2308.979068 2307.449524 2307.577611 2307.890897 2307.772167 2308.286358 2309.629107 2309.282240 2308.765838 2309.045145 2309.357953 2308.759066 2308.240197 2308.031948 2307.649179 2307.498364 2310.046300 2310.379858 2309.979246 2308.672117 2307.941592 2307.598004 2307.488097 2307.511734 2307.592094 2307.659907 2308.329671 2309.330435 2308.576773 2307.232532 2306.066081 2306.644860 
0.005222 0.006896 0.007071 0.005926 0.004340 0.002974 0.002001 0.001359 0.000939 0.000652 0.000441 0.000298 0.000219 0.000179 0.000142 0.000106 0.000095 0.000099 0.000096 0.000085 0.000071 0.000063 0.000064 0.000065 0.000063 0.000065 0.000072 0.000080 0.000088 0.000093 0.000088 0.000072 0.000058 0.000058 0.000068 0.000082 0.000088 0.000080 0.000071 0.000069 0.000075 0.000073 0.000068 0.000067 0.000066 0.000068 0.000068 0.000064 0.000063 0.000068 0.000069 0.000065 0.000062 0.000070 0.000070 0.000062 0.000055 0.000058 0.000061 0.000061 0.000065 0.000077 0.000084 0.000076 0.000061 0.000057 0.000063 
2364.700374 2364.183201 2363.847578 2363.708130 2363.689812 2363.560026 2363.432550 2363.359730 2363.252182 2363.032782 2362.920690 2362.996542 2362.384892 2359.392459 2355.089693 2352.752256 2356.641437 2361.699271 2362.953536 2364.692314 2367.203793 2363.442631 2355.415866 2349.363791 2350.072042 2357.693243 2361.447177 2360.261874 2358.950720 2359.086582 2359.578810 2357.965750 2353.872150 2351.194399 2353.021762 2356.903444 2358.481390 2357.644091 2360.977070 2368.665375 2370.997570 2364.818931 2360.629334 2361.041423 2357.082667 2351.281735 2352.048628 2356.917537 2363.114517 2362.206919 2357.924159 2357.342644 2365.270754 2372.767175 2372.023840 2366.822434 2364.065368 2365.439842 2363.583137 2357.610523 2360.709684 2371.073026 2374.909221 2372.279584 2365.519787 2364.655055 2368.338432 
0.001156 0.001189 0.000882 0.000467 0.000200 0.000123 0.000108 0.000088 0.000062 0.000042 0.000040 0.000048 0.000058 0.000067 0.000068 0.000057 0.000041 0.000032 0.000033 0.000036 0.000037 0.000037 0.000043 0.000047 0.000041 0.000034 0.000035 0.000035 0.000034 0.000039 0.000046 0.000047 0.000047 0.000048 0.000047 0.000044 0.000042 0.000040 0.000040 0.000046 0.000055 0.000061 0.000061 0.000053 0.000047 0.000044 0.000041 0.000042 0.000050 0.000057 0.000057 0.000053 0.000045 0.000037 0.000032 0.000029 0.000032 0.000039 0.000046 0.000046 0.000039 0.000033 0.000033 0.000033 0.000030 0.000027 0.000031 
2420.026145 2419.923898 2420.127827 2421.172629 2423.866349 2426.039674 2426.955464 2427.117620 2427.446442 2428.725096 2428.264675 2427.677406 2428.247167 2428.688101 2429.086114 2429.896772 2430.582268 2428.884212 2428.250474 2427.893939 2424.510532 2420.698891 2421.548983 2423.035598 2422.110429 2418.069252 2415.518436 2415.199747 2416.774432 2419.122895 2420.483424 2422.497310 2424.114976 2423.590679 2423.556254 2424.896705 2425.298114 2424.980712 2424.770771 2422.691756 2421.163798 2422.682216 2424.246728 2423.432099 2421.175190 2421.321043 2422.965574 2422.220521 2420.157085 2418.801334 2417.416323 2417.604024 2420.957593 2426.708526 2430.461534 2429.218090 2425.673124 2423.775539 2424.371470 2425.846902 2427.674993 2428.059166 2425.334854 2423.715515 2422.265621 2422.304536 2423.531341 
0.000877 0.000899 0.000665 0.000353 0.000157 0.000096 0.000071 0.000065 0.000067 0.000065 0.000061 0.000057 0.000053 0.000051 0.000045 0.000040 0.000033 0.000030 0.000031 0.000038 0.000058 0.000080 0.000087 0.000075 0.000060 0.000054 0.000057 0.000055 0.000048 0.000048 0.000053 0.000052 0.000049 0.000053 0.000060 0.000058 0.000049 0.000039 0.000035 0.000036 0.000040 0.000045 0.000046 0.000044 0.000044 0.000045 0.000046 0.000050 0.000055 0.000052 0.000041 0.000030 0.000030 0.000034 0.000036 0.000039 0.000045 0.000048 0.000043 0.000040 0.000043 0.000048 0.000047 0.000044 0.000046 0.000052 0.000057 
2475.622139 2475.694692 2475.774453 2476.057349 2477.272048 2477.391359 2475.785749 2477.881609 2480.230811 2480.782323 2481.358033 2480.841774 2477.618730 2476.482483 2477.835242 2479.573285 2476.476083 2471.188888 2468.427782 2470.434353 2475.286269 2476.500362 2475.978755 2475.501150 2476.235505 2475.720003 2474.201787 2473.638905 2475.504125 2478.242292 2478.513040 2477.837953 2477.645659 2475.494357 2472.704497 2470.995316 2470.345124 2469.697810 2469.929961 2470.413895 2470.590292 2469.265001 2467.731554 2466.108641 2466.271296 2468.215166 2472.200326 2474.830109 2475.043094 2475.138937 2475.839673 2475.042394 2474.639649 2475.087633 2475.991389 2474.466514 2471.616658 2470.276748 2470.324548 2472.726490 2477.075909 2480.094055 2480.329452 2476.432551 2472.398280 2472.574963 2475.250985 
0.001193 0.001451 0.001365 0.001043 0.000678 0.000404 0.000218 0.000125 0.000105 0.000108 0.000108 0.000094 0.000082 0.000081 0.000093 0.000096 0.000085 0.000078 0.000079 0.000088 0.000094 0.000087 0.000076 0.000077 0.000088 0.000089 0.000084 0.000086 0.000096 0.000102 0.000102 0.000097 0.000091 0.000085 0.000080 0.000075 0.000073 0.000077 0.000081 0.000083 0.000082 0.000080 0.000078 0.000075 0.000080 0.000087 0.000096 0.000100 0.000100 0.000096 0.000088 0.000081 0.000080 0.000083 0.000081 0.000075 0.000074 0.000077 0.000079 0.000079 0.000082 0.000092 0.000098 0.000094 0.000091 0.000092 0.000090 
2522.108189 2524.568798 2526.411033 2526.680650 2525.197978 2523.159348 2521.793906 2519.259985 2516.768025 2515.956732 2515.679871 2516.362219 2516.970465 2516.843666 2516.115622 2515.700275 2515.157495 2515.059834 2514.772369 2514.620382 2513.825015 2513.594538 2515.261583 2517.522995 2517.064106 2515.573610 2514.904083 2514.656945 2514.153573 2513.934782 2514.170744 2514.341611 2514.508955 2514.483499 2513.967199 2513.726974 2513.989122 2514.860837 2515.721034 2516.125619 2515.691067 2514.565806 2514.663530 2517.130506 2517.344208 2515.491974 2513.961637 2514.071106 2515.180552 2516.490843 2516.544479 2515.428531 2515.896434 2516.908161 2516.577123 2515.372520 2515.336120 2517.681679 2519.586934 2519.618367 2518.941412 2517.459325 2515.252424 2514.055520 2514.594405 2515.766531 2515.869961 
0.004713 0.006586 0.007356 0.006935 0.005866 0.004707 0.003683 0.002811 0.002112 0.001621 0.001278 0.001008 0.000784 0.000606 0.000490 0.000416 0.000373 0.000328 0.000267 0.000195 0.000133 0.000100 0.000103 0.000106 0.000111 0.000118 0.000118 0.000108 0.000084 0.000070 0.000070 0.000081 0.000080 0.000070 0.000060 0.000058 0.000064 0.000070 0.000071 0.000071 0.000075 0.000077 0.000077 0.000074 0.000074 0.000082 0.000095 0.000103 0.000104 0.000104 0.000105 0.000107 0.000110 0.000112 0.000114 0.000117 0.000118 0.000107 0.000090 0.000079 0.000076 0.000071 0.000069 0.000086 0.000106 0.000115 0.000106 
2639.782930 2640.589155 2641.065297 2641.309344 2641.449119 2641.560373 2641.638132 2641.664398 2641.555199 2641.491612 2641.534184 2641.500999 2641.559639 2641.844805 2641.791586 2641.487898 2640.791443 2640.066408 2639.222137 2638.413451 2638.134415 2636.368041 2634.978762 2635.369061 2636.638066 2637.774558 2638.385026 2639.354419 2639.503631 2636.134152 2632.156263 2631.303938 2631.615807 2631.233164 2629.362588 2629.123225 2631.015745 2632.285854 2632.699609 2634.047766 2634.012871 2631.979982 2630.478968 2629.523917 2629.506670 2631.489798 2634.657491 2636.557895 2636.786138 2635.159372 2634.275678 2634.697836 2636.112631 2636.640691 2636.002400 2634.616036 2633.167476 2631.330230 2629.843067 2630.882438 2632.747996 2632.486159 2632.430799 2633.618830 2634.187702 2634.091466 2632.905653 
0.002629 0.003456 0.003741 0.003731 0.003718 0.003519 0.003032 0.002454 0.001921 0.001459 0.001065 0.000777 0.000597 0.000491 0.000425 0.000359 0.000286 0.000213 0.000154 0.000116 0.000090 0.000076 0.000071 0.000068 0.000062 0.000056 0.000049 0.000046 0.000049 0.000054 0.000061 0.000064 0.000062 0.000061 0.000064 0.000069 0.000069 0.000067 0.000065 0.000062 0.000054 0.000048 0.000046 0.000048 0.000050 0.000055 0.000059 0.000063 0.000067 0.000065 0.000060 0.000060 0.000064 0.000068 0.000068 0.000065 0.000058 0.000054 0.000062 0.000079 0.000086 0.000080 0.000075 0.000078 0.000079 0.000074 0.000068 
2719.433086 2720.387069 2720.813991 2720.165415 2718.970756 2718.222836 2718.199547 2718.464089 2718.891532 2719.416523 2720.058460 2720.391419 2720.409210 2720.343822 2720.209598 2719.819799 2719.154119 2718.625000 2718.072283 2717.184096 2716.822708 2715.319851 2711.521280 2708.992706 2710.708695 2713.933951 2717.201827 2718.748756 2719.210187 2715.941944 2715.444978 2716.825110 2718.164685 2720.958438 2725.699339 2726.118511 2720.850315 2719.570306 2721.458703 2720.318217 2712.505851 2711.409067 2716.515720 2720.558224 2720.431260 2717.821412 2714.903743 2713.849886 2714.081462 2711.127743 2706.759123 2707.783427 2711.731037 2715.937880 2716.321832 2715.895492 2718.465398 2722.532617 2727.653589 2730.227163 2729.702821 2727.278932 2724.271496 2721.551700 2717.004436 2712.260964 2712.386600 
0.001545 0.002447 0.003040 0.003065 0.002598 0.001890 0.001235 0.000737 0.000446 0.000309 0.000244 0.000204 0.000160 0.000119 0.000089 0.000080 0.000082 0.000084 0.000081 0.000074 0.000070 0.000067 0.000064 0.000064 0.000063 0.000060 0.000057 0.000059 0.000063 0.000067 0.000069 0.000064 0.000058 0.000057 0.000062 0.000065 0.000061 0.000052 0.000046 0.000044 0.000044 0.000044 0.000044 0.000045 0.000044 0.000045 0.000049 0.000055 0.000055 0.000051 0.000047 0.000044 0.000044 0.000048 0.000058 0.000067 0.000067 0.000060 0.000055 0.000050 0.000048 0.000050 0.000055 0.000056 0.000059 0.000059 0.000055 
2826.782947 2824.342324 2822.318714 2821.105718 2821.123563 2822.005967 2823.084142 2823.535912 2824.080726 2824.503351 2824.289627 2822.747495 2822.229991 2823.041759 2825.524527 2827.020475 2826.270336 2825.723282 2825.904556 2825.340426 2822.399534 2819.078986 2819.987378 2824.370852 2827.378896 2827.694121 2824.509890 2820.791647 2820.830997 2823.907224 2827.992083 2831.825775 2833.697132 2831.589265 2830.113029 2831.033114 2831.913125 2829.218456 2823.497611 2822.462760 2824.039134 2822.242575 2821.096388 2821.643419 2824.032317 2825.235472 2822.788854 2819.753283 2820.054434 2821.717007 2822.820585 2823.449894 2824.709910 2825.752021 2826.510493 2824.666632 2820.648148 2816.168510 2814.872773 2817.096687 2818.055658 2815.771487 2816.343550 2821.470163 2825.087982 2824.034052 2821.291802 
0.002904 0.004249 0.004887 0.004698 0.004004 0.003183 0.002440 0.001871 0.001442 0.001106 0.000859 0.000686 0.000559 0.000460 0.000371 0.000285 0.000217 0.000177 0.000149 0.000129 0.000118 0.000115 0.000109 0.000102 0.000096 0.000092 0.000090 0.000092 0.000090 0.000081 0.000079 0.000080 0.000082 0.000083 0.000080 0.000073 0.000066 0.000058 0.000051 0.000054 0.000063 0.000068 0.000070 0.000073 0.000072 0.000068 0.000065 0.000065 0.000063 0.000061 0.000059 0.000065 0.000075 0.000078 0.000074 0.000069 0.000062 0.000053 0.000049 0.000048 0.000053 0.000060 0.000065 0.000069 0.000072 0.000073 0.000071 
2956.299133 2956.585885 2956.519560 2956.143152 2955.833988 2956.004621 2956.713745 2957.771664 2958.846405 2959.511046 2959.590964 2959.191029 2958.708000 2958.751314 2959.308047 2959.519469 2959.442194 2959.286775 2958.004313 2955.456760 2954.590978 2957.291255 2958.999569 2957.157049 2954.826910 2956.563736 2961.453247 2963.404612 2962.969486 2961.451201 2958.889078 2954.938295 2951.127665 2950.213436 2952.750365 2956.959345 2959.164466 2957.072302 2954.166914 2956.626107 2961.051051 2965.328100 2968.834502 2966.977193 2959.401705 2951.939771 2949.117431 2948.960152 2947.289173 2947.240671 2949.924771 2955.213308 2959.333445 2957.257291 2949.937844 2945.640277 2948.016151 2953.240459 2961.056431 2966.794030 2964.993372 2961.982059 2961.292867 2962.164181 2961.516681 2957.673016 2953.784099 
0.000690 0.000681 0.000486 0.000256 0.000135 0.000096 0.000075 0.000067 0.000065 0.000062 0.000056 0.000053 0.000056 0.000058 0.000057 0.000058 0.000061 0.000061 0.000059 0.000057 0.000052 0.000048 0.000053 0.000058 0.000058 0.000051 0.000044 0.000041 0.000043 0.000046 0.000053 0.000059 0.000064 0.000065 0.000062 0.000057 0.000051 0.000044 0.000038 0.000038 0.000043 0.000047 0.000047 0.000043 0.000038 0.000041 0.000050 0.000056 0.000060 0.000062 0.000062 0.000060 0.000057 0.000052 0.000046 0.000048 0.000055 0.000057 0.000051 0.000048 0.000051 0.000049 0.000041 0.000030 0.000027 0.000031 0.000039 
3121.290512 3121.090395 3120.900348 3120.996649 3121.187522 3120.208035 3118.316176 3116.446156 3115.914090 3116.452707 3116.491850 3116.721285 3118.371902 3119.853007 3119.999321 3118.993495 3118.134207 3117.130394 3115.626311 3114.797334 3114.806013 3114.521079 3114.385883 3114.927557 3115.819444 3116.582191 3116.030705 3114.330767 3114.070795 3116.131261 3117.777605 3117.274147 3115.077244 3113.719379 3113.997665 3115.501859 3117.957798 3120.571150 3121.090585 3119.807378 3118.863271 3117.272560 3115.582162 3114.439108 3113.689944 3114.520368 3116.260642 3117.015185 3117.621677 3117.647808 3116.705855 3115.382235 3114.148668 3113.444021 3113.176328 3114.762917 3116.334750 3116.450665 3115.346163 3114.590466 3114.804860 3114.869738 3115.018152 3116.496122 3117.177069 3117.085074 3116.272508 
0.000868 0.000836 0.000568 0.000276 0.000148 0.000122 0.000126 0.000120 0.000089 0.000059 0.000047 0.000040 0.000033 0.000032 0.000028 0.000024 0.000025 0.000033 0.000040 0.000042 0.000042 0.000041 0.000042 0.000042 0.000040 0.000035 0.000029 0.000029 0.000032 0.000031 0.000029 0.000029 0.000029 0.000028 0.000027 0.000028 0.000031 0.000036 0.000044 0.000046 0.000039 0.000030 0.000031 0.000040 0.000051 0.000054 0.000049 0.000043 0.000036 0.000026 0.000018 0.000021 0.000032 0.000043 0.000047 0.000043 0.000038 0.000035 0.000035 0.000035 0.000039 0.000040 0.000037 0.000028 0.000027 0.000033 0.000037 
3183.250805 3183.244909 3183.148527 3183.325758 3183.103666 3183.939252 3185.152656 3186.549719 3187.278870 3185.711201 3183.395829 3182.830363 3182.627771 3184.582425 3185.195228 3183.899991 3185.002713 3185.811795 3184.713896 3182.437247 3180.699316 3182.192982 3186.121431 3186.620513 3183.392706 3180.358772 3179.022648 3180.225207 3183.040603 3186.009503 3188.036718 3186.449312 3183.017525 3181.107413 3181.343161 3182.047093 3181.691070 3181.136416 3180.440754 3180.476938 3180.465437 3178.101105 3175.959589 3177.165182 3179.232709 3179.863105 3179.924120 3180.990797 3182.999281 3184.713285 3185.516624 3186.172389 3185.807550 3185.147991 3184.935680 3184.259423 3183.382411 3184.062865 3184.035976 3180.501062 3176.911879 3176.829590 3179.465915 3184.290343 3187.524930 3187.579049 3187.530458 
0.001119 0.001101 0.000767 0.000402 0.000258 0.000214 0.000193 0.000179 0.000174 0.000183 0.000174 0.000142 0.000106 0.000081 0.000066 0.000063 0.000072 0.000098 0.000109 0.000100 0.000080 0.000072 0.000072 0.000066 0.000055 0.000056 0.000059 0.000064 0.000064 0.000066 0.000072 0.000072 0.000060 0.000043 0.000035 0.000036 0.000038 0.000038 0.000040 0.000047 0.000052 0.000050 0.000050 0.000052 0.000055 0.000056 0.000059 0.000058 0.000054 0.000052 0.000053 0.000050 0.000046 0.000046 0.000051 0.000052 0.000045 0.000035 0.000029 0.000029 0.000031 0.000034 0.000042 0.000051 0.000055 0.000055 0.000056 
3226.350879 3226.460155 3226.563215 3224.765292 3223.016237 3222.952535 3224.959385 3225.295841 3226.497362 3226.975087 3226.464350 3226.462093 3227.359772 3227.117605 3226.745507 3229.239661 3229.822635 3228.841716 3228.187797 3227.828360 3228.763139 3231.014762 3232.137237 3231.282639 3228.249058 3224.536450 3223.562264 3225.036127 3227.028590 3229.306565 3230.858655 3231.096298 3230.522960 3228.544624 3226.643967 3227.745694 3228.901889 3230.151147 3231.088198 3231.042397 3230.413218 3231.150486 3232.116119 3231.728862 3229.772402 3227.686250 3227.069780 3227.987313 3229.358503 3229.709935 3230.062262 3230.688287 3231.767321 3233.057585 3233.379481 3232.588874 3231.321131 3230.133515 3230.516935 3230.564749 3229.738898 3230.605097 3231.421650 3230.604648 3230.337243 3230.566301 3229.486763 
0.001226 0.001208 0.000841 0.000397 0.000193 0.000148 0.000136 0.000123 0.000114 0.000105 0.000100 0.000096 0.000096 0.000092 0.000079 0.000067 0.000060 0.000057 0.000052 0.000056 0.000063 0.000066 0.000065 0.000057 0.000046 0.000041 0.000044 0.000046 0.000045 0.000044 0.000046 0.000059 0.000072 0.000071 0.000059 0.000044 0.000038 0.000041 0.000049 0.000057 0.000064 0.000070 0.000075 0.000071 0.000059 0.000050 0.000044 0.000041 0.000041 0.000047 0.000051 0.000046 0.000039 0.000040 0.000044 0.000045 0.000042 0.000039 0.000039 0.000040 0.000040 0.000041 0.000041 0.000040 0.000042 0.000043 0.000044 
3302.971281 3303.137578 3303.383896 3303.843166 3305.876769 3307.067556 3307.194288 3304.990221 3304.377302 3306.121791 3306.741588 3304.672955 3303.252414 3304.814406 3307.447123 3309.968188 3310.966823 3310.096228 3309.188100 3308.151351 3306.724207 3304.274012 3300.990890 3298.874776 3300.196505 3306.036197 3307.390132 3303.648166 3297.422954 3294.605410 3299.956689 3305.118444 3303.280027 3300.778718 3300.295973 3301.897927 3304.034226 3305.107732 3304.471611 3302.843535 3301.879039 3302.737676 3303.891192 3303.957591 3302.649462 3303.297483 3305.831073 3307.721687 3308.654586 3308.509451 3306.855478 3305.362563 3305.701994 3307.215536 3306.857440 3306.027727 3303.963952 3301.959551 3298.883759 3296.533098 3294.832544 3293.614777 3294.297134 3298.037651 3302.856965 3303.857905 3301.167513 
0.000514 0.000514 0.000371 0.000188 0.000075 0.000059 0.000064 0.000058 0.000045 0.000040 0.000044 0.000044 0.000038 0.000029 0.000023 0.000026 0.000034 0.000040 0.000041 0.000039 0.000034 0.000032 0.000039 0.000050 0.000052 0.000048 0.000044 0.000041 0.000039 0.000036 0.000029 0.000021 0.000017 0.000019 0.000021 0.000024 0.000030 0.000035 0.000036 0.000041 0.000051 0.000059 0.000058 0.000047 0.000035 0.000030 0.000028 0.000035 0.000050 0.000061 0.000060 0.000049 0.000035 0.000028 0.000031 0.000039 0.000043 0.000043 0.000037 0.000028 0.000026 0.000027 0.000029 0.000037 0.000049 0.000057 0.000056 
3360.413979 3360.574327 3360.884300 3361.637444 3362.904830 3359.812951 3358.214572 3358.125542 3358.457138 3357.927336 3357.648338 3357.796511 3357.504590 3357.777284 3359.924449 3362.149741 3361.949314 3361.501979 3360.495848 3359.205554 3359.841161 3362.588049 3362.509730 3360.305203 3358.767246 3358.178258 3358.755249 3359.394674 3359.696635 3359.823290 3359.294414 3358.238091 3359.323454 3361.867051 3363.338031 3363.404064 3360.911543 3358.810912 3357.754087 3357.255072 3357.374608 3357.988639 3358.572017 3358.513119 3357.341646 3356.492969 3355.790335 3356.014509 3357.267789 3357.838986 3358.071692 3358.540494 3360.319964 3363.099757 3363.150662 3361.227635 3359.580411 3358.685395 3359.450347 3362.917490 3364.853437 3364.314052 3364.654615 3364.265658 3362.809772 3361.891954 3361.465351 
0.000264 0.000270 0.000323 0.000455 0.000544 0.000531 0.000447 0.000340 0.000248 0.000201 0.000182 0.000175 0.000158 0.000128 0.000095 0.000071 0.000063 0.000063 0.000064 0.000064 0.000060 0.000050 0.000035 0.000025 0.000025 0.000030 0.000036 0.000037 0.000033 0.000029 0.000028 0.000028 0.000023 0.000019 0.000020 0.000027 0.000031 0.000027 0.000026 0.000033 0.000037 0.000031 0.000025 0.000025 0.000027 0.000021 0.000018 0.000023 0.000029 0.000032 0.000031 0.000029 0.000034 0.000047 0.000056 0.000052 0.000040 0.000027 0.000021 0.000021 0.000025 0.000031 0.000036 0.000037 0.000039 0.000041 0.000040 
3626.101499 3624.498729 3625.019240 3626.799571 3627.176730 3626.774098 3626.098718 3625.794517 3626.515983 3627.136580 3627.399255 3626.929897 3626.754303 3626.717074 3626.563568 3626.997665 3627.612505 3628.054030 3627.644707 3627.293032 3627.188063 3627.137196 3627.378674 3628.388802 3628.378646 3626.504836 3625.279952 3624.703986 3624.051901 3624.064341 3624.870842 3626.592079 3628.136000 3628.464149 3626.319784 3625.593945 3626.034405 3626.903861 3627.630926 3627.089594 3626.417429 3624.966754 3624.401011 3624.857864 3627.475946 3629.787631 3631.141825 3628.959190 3627.697639 3626.871563 3625.973033 3625.323960 3625.370062 3626.083761 3626.495036 3626.637794 3626.222075 3625.481376 3627.177488 3629.072070 3628.694593 3628.467406 3628.129798 3627.146993 3626.039111 3625.691175 3625.836564 
0.000677 0.000822 0.000828 0.000761 0.000675 0.000594 0.000533 0.000484 0.000419 0.000340 0.000278 0.000241 0.000216 0.000190 0.000157 0.000127 0.000107 0.000094 0.000078 0.000061 0.000053 0.000053 0.000061 0.000068 0.000077 0.000085 0.000088 0.000085 0.000074 0.000063 0.000058 0.000058 0.000059 0.000057 0.000052 0.000045 0.000038 0.000033 0.000030 0.000028 0.000027 0.000027 0.000027 0.000025 0.000023 0.000022 0.000023 0.000024 0.000025 0.000026 0.000030 0.000033 0.000034 0.000033 0.000028 0.000025 0.000028 0.000036 0.000041 0.000042 0.000041 0.000043 0.000043 0.000041 0.000040 0.000045 0.000049 
3667.013864 3667.105367 3667.165701 3667.020099 3666.738300 3666.582139 3666.531650 3666.534642 3666.650457 3666.548160 3666.136795 3665.860336 3665.800367 3666.374856 3667.262650 3667.574125 3667.203351 3666.679886 3666.924571 3666.712137 3666.489709 3667.875209 3669.334066 3668.671907 3666.723090 3666.236387 3666.779093 3667.013818 3665.990969 3665.806452 3668.143909 3669.805003 3670.209864 3669.855860 3667.833126 3664.739056 3662.956745 3662.979814 3663.944062 3664.900182 3664.776898 3664.649602 3664.404060 3663.980421 3665.319224 3668.310837 3669.275382 3668.296748 3669.364849 3672.115428 3672.549364 3671.917378 3671.068321 3669.784747 3668.101538 3667.633474 3669.279027 3670.447591 3671.031291 3670.308488 3667.831714 3665.203409 3664.231284 3664.410314 3665.555156 3666.784408 3667.310295 
0.000253 0.000379 0.000446 0.000473 0.000480 0.000450 0.000374 0.000299 0.000250 0.000202 0.000145 0.000103 0.000079 0.000065 0.000051 0.000040 0.000033 0.000027 0.000023 0.000024 0.000031 0.000038 0.000038 0.000033 0.000031 0.000029 0.000025 0.000023 0.000027 0.000028 0.000024 0.000025 0.000035 0.000047 0.000054 0.000056 0.000054 0.000051 0.000047 0.000043 0.000039 0.000032 0.000023 0.000020 0.000024 0.000031 0.000035 0.000036 0.000035 0.000034 0.000032 0.000027 0.000021 0.000021 0.000025 0.000030 0.000032 0.000032 0.000030 0.000026 0.000020 0.000015 0.000016 0.000021 0.000025 0.000024 0.000023 
5921.898650 5920.120200 5918.825722 5919.297156 5921.578374 5924.156112 5925.569590 5925.561932 5924.548008 5924.208148 5925.321212 5926.761057 5926.976853 5926.432777 5926.317775 5926.288196 5926.393305 5926.468866 5925.902895 5925.519534 5925.073365 5924.261617 5923.381468 5921.908245 5920.232288 5919.746910 5920.817888 5923.292908 5924.213257 5925.070521 5926.140437 5924.805555 5922.971077 5922.000802 5921.159003 5920.730014 5921.004564 5921.648581 5922.155118 5922.024063 5921.039610 5919.752086 5919.442639 5920.976326 5923.581951 5924.677635 5924.917346 5925.003511 5924.927123 5923.986998 5922.756876 5922.693428 5922.870689 5921.668261 5919.536503 5919.081188 5919.822527 5921.498354 5923.697334 5925.307831 5925.331733 5922.913100 5920.428746 5920.659022 5921.411681 5921.588657 5921.141934 
0.000371 0.000498 0.000534 0.000480 0.000359 0.000210 0.000107 0.000063 0.000061 0.000051 0.000047 0.000032 0.000019 0.000014 0.000016 0.000018 0.000023 0.000031 0.000040 0.000043 0.000038 0.000029 0.000022 0.000020 0.000023 0.000027 0.000031 0.000036 0.000045 0.000053 0.000054 0.000043 0.000027 0.000018 0.000018 0.000017 0.000016 0.000016 0.000017 0.000020 0.000021 0.000016 0.000014 0.000018 0.000022 0.000026 0.000035 0.000039 0.000030 0.000023 0.000024 0.000029 0.000028 0.000026 0.000026 0.000027 0.000026 0.000026 0.000028 0.000037 0.000046 0.000050 0.000050 0.000048 0.000045 0.000037 0.000026 
5942.286893 5942.324906 5942.251558 5941.679441 5940.462183 5938.729317 5938.895137 5943.750422 5944.561335 5944.068382 5940.739601 5940.227154 5940.399277 5937.340322 5937.982630 5941.961338 5943.087738 5941.530622 5939.965171 5939.255846 5938.586251 5937.393668 5936.340577 5937.077019 5939.727172 5941.305647 5942.861544 5944.794542 5945.153463 5943.949221 5942.204814 5940.752974 5939.725567 5942.581032 5944.463943 5944.639451 5942.537717 5940.017043 5938.461519 5939.665733 5942.029033 5944.672085 5944.759768 5942.771931 5942.435676 5942.218747 5942.258343 5942.670485 5943.188339 5941.965755 5940.926499 5940.188886 5939.490224 5939.287480 5941.582477 5943.998317 5945.525943 5945.789263 5944.824975 5942.274535 5942.076514 5942.979035 5943.355637 5942.923109 5942.509930 5942.923121 5944.397442 
