0.047959 5.324145
0.031973 6.348928
0.000000 0.000000
1.119048 3.161522
0.047959 4.762540
0.031973 4.568831
0.063946 3.161364
0.063946 3.455669
0.031973 4.289980
0.095918 0.706788
0.031973 6.807894
0.031973 11.247580
0.031973 10.812511
0.063946 4.649095
0.015986 12.512011
0.015986 9.700937
0.031973 13.179974
0.031973 9.895408
0.015986 12.819047
0.095918 4.107638
0.031973 9.012808
0.031973 16.272915
0.031973 16.119544
0.031973 10.082197
0.015986 14.767067
0.031973 12.198268
0.015986 6.125437
0.031973 2.980345
0.031973 11.819677
0.031973 12.754302
0.031973 1.495966
0.047959 4.033478
0.031973 14.496201
0.047959 12.219191
0.031973 8.130977
0.047959 1.865044
0.031973 12.766463
0.031973 8.799827
0.031973 12.026545
0.031973 12.968492
0.015986 6.707375
0.031973 14.467934
0.015986 12.820571
0.031973 8.764493
0.031973 3.637068
0.031973 10.246569
0.015986 11.753811
0.031973 9.081441
0.031973 13.320228
0.031973 13.919790
0.015986 7.440434
0.031973 14.536107
0.015986 9.180899
0.031973 9.988232
0.031973 6.297484
0.031973 16.831453
0.047959 10.212046
0.031973 13.676934
0.047959 16.923968
0.047959 19.595421
0.047959 20.944242
0.031973 11.642633
0.031973 15.552425
0.047959 17.070518
0.031973 14.489102
0.015986 12.579594
0.015986 11.066030
0.031973 7.904814
0.015986 6.040980
0.015986 11.008742
0.015986 11.424250
0.015986 11.315903
0.015986 6.791175
0.047959 4.721971
0.015986 8.280295
0.015986 8.707803
0.015986 8.708508
0.015986 6.566802
0.031973 5.484663
0.015986 7.783589
0.015986 9.536543
0.015986 9.241339
0.015986 11.049847
0.015986 10.215248
0.031973 12.668035
0.031973 13.178176
0.015986 12.208403
0.031973 13.504200
0.031973 13.680364
0.031973 12.079485
0.015986 9.766727
0.015986 8.850304
0.015986 7.103252
0.015986 9.940600
0.015986 10.184919
0.015986 10.058554
0.015986 9.647312
0.015986 9.843651
0.015986 10.960101
0.015986 8.243227
0.015986 9.811921
0.015986 9.137189
0.015986 13.249081
0.015986 8.355402
0.015986 6.909340
0.015986 9.102093
0.015986 7.364340
0.015986 8.763212
0.015986 9.420033
0.031973 10.738797
0.015986 6.080367
0.031973 7.960254
0.127891 7.691597
0.031973 5.579884
0.095918 3.906596
0.031973 6.845240
0.015986 7.537519
0.031973 8.244212
0.031973 12.166462
0.127891 6.096954
0.143878 9.082686
0.031973 7.633194
0.015986 5.270569
0.031973 5.210020
0.111905 4.821524
0.111905 4.876230
0.127891 8.646194
0.111905 11.106085
0.095918 8.135898
0.031973 7.008807
0.111905 5.598895
0.015986 7.361176
0.031973 9.856163
0.031973 9.318330
0.015986 8.962701
0.031973 8.080938
0.143878 8.163896
0.143878 8.402350
0.143878 8.469633
0.031973 7.648682
0.095918 6.109509
0.031973 7.019675
0.031973 11.065892
0.047959 12.154245
0.015986 10.340762
0.015986 9.908795
0.015986 10.933596
0.015986 7.954200
0.015986 8.246928
0.031973 10.677306
0.015986 4.611898
0.031973 7.446116
0.015986 6.699957
0.015986 8.127346
0.015986 8.354491
0.015986 6.640395
0.015986 6.299007
0.015986 6.400404
0.015986 5.495498
0.015986 4.572013
0.015986 6.594755
0.015986 7.288386
0.015986 8.491455
0.015986 6.789235
0.015986 7.727399
0.015986 6.379774
0.031973 2.951213
0.015986 8.294064
0.031973 6.005890
0.015986 7.173300
0.015986 9.397818
0.015986 7.643876
0.015986 6.115201
0.015986 7.310511
0.015986 7.549973
0.015986 6.538844
0.015986 5.499895
0.015986 5.037779
0.031973 5.025116
0.031973 5.058481
0.031973 3.908252
0.031973 5.853454
0.031973 6.418811
0.031973 7.988995
0.015986 6.839762
0.015986 6.200160
0.015986 7.177618
0.015986 10.222266
0.015986 6.620028
0.015986 6.806842
0.015986 8.562507
0.015986 7.100748
0.015986 6.518365
0.015986 7.246450
0.015986 7.274707
0.015986 8.222721
0.015986 6.427417
0.031973 7.071387
0.015986 7.066811
0.015986 5.972251
0.031973 7.055110
0.031973 6.594149
0.031973 8.301595
0.031973 5.802035
