29.000000 68.000000 0.015986
0.002992 0.004476 0.005335 0.005728 0.006274 0.006259 0.004981 0.003318 0.002663 0.002760 0.003190 0.003130 0.002710 0.002126 0.001532 0.001050 0.000775 0.000649 0.000620 0.000590 0.000529 0.000495 0.000527 0.000621 0.000711 0.000725 0.000640 0.000481 0.000306 
16.420428 15.358806 14.118458 11.577348 7.853771 5.795510 5.626032 6.979351 6.900755 5.257403 3.318367 2.637748 2.391043 2.299416 2.103204 1.595268 1.371864 1.485023 2.101223 2.362478 1.942970 1.566686 1.773155 2.426537 2.910303 3.074042 3.427365 4.456900 7.558745 
0.000079 0.000129 0.000171 0.000189 0.000188 0.000181 0.000192 0.000220 0.000223 0.000177 0.000112 0.000069 0.000067 0.000094 0.000156 0.000192 0.000186 0.000195 0.000234 0.000285 0.000283 0.000240 0.000208 0.000198 0.000205 0.000223 0.000247 0.000237 0.000189 
61.499863 61.291705 61.477050 61.406397 61.005199 60.610148 60.360927 60.126941 59.745888 59.117226 58.632262 59.814544 59.920466 59.329252 59.784098 59.726762 58.578785 58.496142 59.320561 60.313461 60.185602 59.259801 58.491934 58.168359 58.230573 58.802896 60.181313 61.214886 61.812663 
0.000176 0.000214 0.000226 0.000227 0.000237 0.000271 0.000296 0.000274 0.000215 0.000175 0.000168 0.000183 0.000207 0.000229 0.000260 0.000292 0.000302 0.000292 0.000303 0.000340 0.000363 0.000361 0.000349 0.000333 0.000312 0.000291 0.000262 0.000219 0.000173 
118.917158 119.566753 120.030445 120.172323 119.821100 118.939454 118.472869 118.860340 120.189258 121.173198 121.252329 120.668592 120.171656 120.062299 119.663811 118.936715 118.632841 118.893431 118.950225 118.638104 118.534249 118.508441 118.337329 118.292596 118.551868 118.852279 119.246163 120.100169 120.799068 
0.000143 0.000202 0.000233 0.000250 0.000276 0.000307 0.000325 0.000327 0.000319 0.000300 0.000270 0.000232 0.000187 0.000143 0.000108 0.000079 0.000070 0.000085 0.000088 0.000086 0.000085 0.000079 0.000061 0.000055 0.000063 0.000062 0.000054 0.000049 0.000046 
158.770448 158.159300 157.603638 157.486300 157.931528 158.385233 158.713289 158.984499 158.875990 158.142025 157.270145 156.985178 157.186408 157.366286 157.381982 156.503184 155.643956 156.466945 155.328426 154.862815 155.946525 159.175532 161.479196 160.922382 157.849462 155.716320 155.037694 155.955761 156.237420 
0.000214 0.000270 0.000286 0.000277 0.000275 0.000292 0.000302 0.000280 0.000234 0.000191 0.000163 0.000150 0.000149 0.000160 0.000177 0.000189 0.000201 0.000216 0.000230 0.000236 0.000231 0.000216 0.000202 0.000203 0.000216 0.000232 0.000247 0.000251 0.000229 
240.145242 240.007770 239.874439 239.777877 239.645169 239.418637 239.143898 238.888003 238.901817 239.625875 240.844803 241.505833 241.481883 240.843943 240.086016 239.460579 238.926402 238.813000 239.160477 239.568111 239.787460 239.914838 240.057935 240.075444 239.939847 239.677170 239.252178 238.869963 238.709167 
0.000559 0.000680 0.000663 0.000540 0.000371 0.000230 0.000164 0.000152 0.000124 0.000089 0.000076 0.000070 0.000059 0.000043 0.000030 0.000036 0.000061 0.000082 0.000084 0.000077 0.000070 0.000066 0.000062 0.000063 0.000063 0.000064 0.000072 0.000079 0.000077 
278.325186 278.008036 277.955290 278.368711 278.743205 278.798447 280.710677 283.872678 284.246807 280.801086 276.476361 276.246764 278.495786 279.983445 282.712111 282.252743 282.146273 281.783963 281.804573 281.511987 280.399341 278.619869 277.532565 277.767819 277.820982 278.574479 281.444978 283.758342 284.290037 
0.000283 0.000368 0.000408 0.000437 0.000478 0.000511 0.000520 0.000518 0.000520 0.000531 0.000547 0.000560 0.000559 0.000554 0.000548 0.000543 0.000544 0.000550 0.000556 0.000553 0.000542 0.000526 0.000512 0.000508 0.000514 0.000524 0.000529 0.000521 0.000472 
361.697920 362.112576 361.741573 360.323594 359.267865 359.200560 359.375341 359.353909 359.246269 359.293230 359.566440 359.797822 359.626534 359.325017 359.192232 359.202700 359.258685 359.398611 359.646736 359.778526 359.715828 359.541998 359.388853 359.263185 359.159919 359.180519 359.396073 359.836630 360.317944 
0.000404 0.000506 0.000552 0.000567 0.000554 0.000521 0.000491 0.000476 0.000466 0.000452 0.000441 0.000436 0.000436 0.000434 0.000430 0.000420 0.000410 0.000410 0.000417 0.000421 0.000421 0.000419 0.000415 0.000412 0.000411 0.000406 0.000396 0.000379 0.000340 
479.207511 478.898102 478.692723 478.773896 479.040437 479.269621 479.415591 479.489544 479.444121 479.287136 479.084455 478.958375 479.021968 479.250102 479.489333 479.550211 479.346029 479.113420 479.033846 479.062711 479.008198 478.981120 479.116972 479.291668 479.332376 479.296859 479.289031 479.214998 479.005851 
0.000309 0.000352 0.000325 0.000268 0.000216 0.000170 0.000132 0.000106 0.000088 0.000074 0.000056 0.000037 0.000029 0.000031 0.000033 0.000031 0.000024 0.000021 0.000023 0.000028 0.000031 0.000034 0.000035 0.000032 0.000027 0.000026 0.000028 0.000031 0.000038 
515.204657 515.527170 515.967075 516.207849 515.905939 515.409541 515.114582 514.904058 514.455114 513.986775 513.859267 514.112734 515.378184 516.814771 516.810128 516.208329 516.023608 514.851943 513.190537 514.179700 516.007471 516.548165 515.754516 514.415540 512.703504 512.818438 514.601722 515.730002 515.920161 
0.000488 0.000608 0.000635 0.000600 0.000552 0.000513 0.000486 0.000475 0.000475 0.000475 0.000471 0.000468 0.000471 0.000471 0.000462 0.000449 0.000441 0.000444 0.000457 0.000468 0.000464 0.000449 0.000438 0.000437 0.000441 0.000445 0.000445 0.000435 0.000394 
595.163215 595.119620 595.628783 596.808512 597.970538 598.324555 598.254390 598.434358 598.854277 599.241372 599.377386 599.191645 598.845327 598.718234 598.880975 598.999381 599.038159 599.109770 599.161150 599.099706 599.079459 599.054253 599.010141 599.040054 599.159667 599.125231 598.983415 598.889955 598.728990 
0.000594 0.000642 0.000573 0.000456 0.000342 0.000249 0.000182 0.000139 0.000115 0.000103 0.000092 0.000082 0.000074 0.000064 0.000052 0.000047 0.000049 0.000050 0.000050 0.000054 0.000061 0.000063 0.000056 0.000050 0.000050 0.000053 0.000050 0.000047 0.000056 
636.199249 635.611939 635.142523 635.154197 635.594239 635.887064 635.787260 635.757810 635.895580 635.433061 633.942239 632.099555 631.371770 631.715882 632.363789 633.654114 635.867249 636.689552 634.478097 631.492508 631.615760 633.144505 633.973422 632.798697 631.379463 632.958739 636.583321 638.245903 633.965036 
0.000757 0.000781 0.000657 0.000501 0.000377 0.000282 0.000212 0.000163 0.000132 0.000111 0.000097 0.000083 0.000070 0.000064 0.000062 0.000054 0.000044 0.000044 0.000051 0.000054 0.000050 0.000046 0.000044 0.000038 0.000033 0.000036 0.000042 0.000045 0.000047 
665.632043 665.729519 665.445476 664.689689 664.176389 664.205281 664.405589 664.695249 664.149572 662.912381 663.263007 665.207068 666.603540 666.164046 665.255114 665.072929 664.773646 663.465549 663.520382 664.662890 664.511128 661.833441 660.395871 662.408196 665.626384 665.334418 663.340090 663.244540 664.350949 
0.001941 0.001975 0.001510 0.001024 0.000789 0.000653 0.000527 0.000475 0.000463 0.000451 0.000430 0.000410 0.000400 0.000404 0.000413 0.000424 0.000431 0.000433 0.000429 0.000429 0.000437 0.000446 0.000444 0.000434 0.000422 0.000418 0.000423 0.000415 0.000369 
715.851362 715.671991 715.547626 716.151344 716.522462 716.730684 717.389156 718.069241 718.321195 718.517533 718.786388 718.986211 718.901270 718.643810 718.583786 718.693613 718.748659 718.735872 718.775088 718.789301 718.731786 718.662384 718.694615 718.780086 718.755105 718.676257 718.608096 718.438302 718.031970 
0.005355 0.006104 0.005069 0.003053 0.001347 0.000577 0.000365 0.000276 0.000201 0.000150 0.000123 0.000102 0.000081 0.000067 0.000058 0.000060 0.000073 0.000076 0.000064 0.000060 0.000065 0.000065 0.000060 0.000061 0.000053 0.000048 0.000060 0.000116 0.000143 
748.804355 749.537238 749.911729 749.387346 746.964618 745.653415 747.045095 744.472503 744.179295 744.110032 742.434963 742.858217 747.452082 750.336096 748.280830 739.344454 735.161282 737.346809 745.451584 747.315239 739.150730 735.673633 736.025965 735.065029 739.263560 742.375171 737.376224 730.619709 730.543959 
0.003980 0.004675 0.003943 0.002357 0.001000 0.000460 0.000304 0.000201 0.000139 0.000103 0.000085 0.000079 0.000070 0.000056 0.000048 0.000043 0.000036 0.000031 0.000036 0.000039 0.000041 0.000043 0.000038 0.000029 0.000027 0.000034 0.000033 0.000024 0.000024 
770.862362 770.982657 771.213055 771.704666 772.673887 772.369378 772.016691 772.293576 771.314951 770.558220 771.448284 772.595279 773.154591 773.936395 775.024761 775.405855 773.821563 769.357100 768.347030 768.630566 769.773321 770.988416 771.139575 771.340692 773.667054 775.171779 775.035706 772.123332 768.277379 
0.002966 0.003401 0.002818 0.001670 0.000706 0.000345 0.000267 0.000242 0.000211 0.000184 0.000169 0.000162 0.000155 0.000140 0.000122 0.000108 0.000099 0.000095 0.000087 0.000079 0.000075 0.000074 0.000071 0.000065 0.000061 0.000058 0.000054 0.000049 0.000046 
785.361112 785.181445 785.023389 784.968183 785.539041 786.407905 786.377476 785.885692 785.825319 785.667470 785.271162 784.917495 784.655421 784.288901 783.747235 783.666781 784.248085 785.222230 785.572476 785.123030 784.559262 784.401982 784.130049 783.514172 783.275385 783.498146 784.043611 785.328892 786.861695 
0.002199 0.002128 0.001474 0.000813 0.000536 0.000407 0.000303 0.000227 0.000173 0.000133 0.000104 0.000082 0.000064 0.000050 0.000044 0.000039 0.000031 0.000020 0.000016 0.000019 0.000021 0.000021 0.000025 0.000032 0.000034 0.000029 0.000024 0.000025 0.000032 
807.733216 807.818138 808.136910 808.739138 808.252939 807.552993 807.658078 807.798934 807.851874 807.770543 807.627405 807.392611 807.084825 806.673392 806.838718 807.641293 808.276440 808.018488 806.003434 806.608330 808.380761 810.487703 810.430436 809.080405 808.185311 807.147880 806.062914 806.190222 806.970361 
0.006558 0.006628 0.004888 0.002719 0.001461 0.001004 0.000788 0.000598 0.000484 0.000433 0.000401 0.000378 0.000374 0.000388 0.000402 0.000401 0.000391 0.000383 0.000378 0.000375 0.000377 0.000382 0.000384 0.000383 0.000382 0.000383 0.000382 0.000367 0.000320 
838.298546 838.484056 838.898249 839.560971 839.375404 838.128425 837.192136 837.059759 836.862594 837.161424 837.767890 838.073882 838.085490 838.333579 838.708898 838.849875 838.694064 838.499312 838.413572 838.540009 838.705140 838.736092 838.479616 838.329206 838.471793 838.605197 838.618052 838.652271 838.683811 
0.024780 0.025222 0.018267 0.009201 0.003583 0.001831 0.001093 0.000744 0.000548 0.000403 0.000302 0.000230 0.000175 0.000132 0.000099 0.000078 0.000065 0.000055 0.000047 0.000046 0.000045 0.000038 0.000033 0.000037 0.000041 0.000039 0.000030 0.000031 0.000048 
879.449196 879.642613 879.686466 879.290452 877.866503 877.516889 877.308710 876.881188 876.593929 876.454712 876.392681 876.548560 876.721129 876.725887 876.319511 875.639010 874.970225 874.513724 873.753995 873.181421 873.155728 873.369082 875.534505 877.386125 876.947389 875.877475 874.363248 872.869339 872.267986 
0.195354 0.282566 0.320155 0.298356 0.241800 0.182561 0.135092 0.100336 0.075199 0.056647 0.042651 0.032015 0.023978 0.017950 0.013448 0.010084 0.007549 0.005620 0.004177 0.003116 0.002328 0.001728 0.001270 0.000939 0.000705 0.000531 0.000403 0.000310 0.000246 
914.790025 915.109026 915.504691 915.904972 916.263964 916.489909 916.625103 916.695154 916.737164 916.758006 916.777267 916.804478 916.844567 916.883583 916.897941 916.894491 916.890054 916.929229 917.012571 917.076688 917.095481 917.082252 917.082471 917.022563 916.976047 917.173928 917.327440 917.318386 918.727593 
0.016068 0.016150 0.012682 0.008484 0.005069 0.002496 0.001140 0.000761 0.000572 0.000506 0.000460 0.000423 0.000389 0.000385 0.000372 0.000328 0.000309 0.000329 0.000340 0.000337 0.000340 0.000340 0.000336 0.000338 0.000335 0.000321 0.000313 0.000318 0.000303 
957.158336 958.467906 959.746573 959.676521 957.529819 955.067893 954.866269 956.140001 956.013452 956.727005 957.577322 958.068960 957.824041 958.066330 958.436024 958.049672 957.824875 958.322885 958.465239 958.384645 958.495470 958.469842 958.303836 958.397307 958.524459 958.316897 958.054109 957.862340 957.549568 
0.011949 0.013183 0.010876 0.007081 0.004154 0.002703 0.002110 0.001769 0.001495 0.001285 0.001164 0.001029 0.000898 0.000820 0.000764 0.000653 0.000570 0.000512 0.000420 0.000358 0.000337 0.000302 0.000260 0.000256 0.000267 0.000216 0.000190 0.000184 0.000161 
971.899849 971.438358 970.698766 970.067950 971.373502 974.848557 976.113923 976.287591 976.851646 977.197824 976.862082 976.897240 977.115694 976.741477 976.092832 976.694162 976.823589 976.303428 977.084989 977.541519 976.658351 976.498801 977.201292 976.626600 975.369660 977.013389 977.176451 976.216131 976.309374 
0.002227 0.002410 0.002569 0.002441 0.001665 0.000784 0.000385 0.000348 0.000227 0.000134 0.000155 0.000078 0.000096 0.000033 0.000071 0.000018 0.000049 0.000028 0.000040 0.000024 0.000031 0.000025 0.000032 0.000045 0.000055 0.000046 0.000037 0.000046 0.000085 
989.374822 988.955351 989.764081 991.160973 992.225826 994.115113 993.888962 991.822466 991.520339 992.756699 992.063839 989.952540 993.341985 989.637186 993.086460 989.797997 993.736043 989.072489 992.977815 991.125136 992.279214 991.218190 994.000372 992.880658 991.703527 992.385171 993.511007 992.981056 991.232393 
0.003064 0.003627 0.003628 0.003107 0.002195 0.001254 0.000638 0.000406 0.000281 0.000230 0.000171 0.000134 0.000115 0.000097 0.000094 0.000073 0.000069 0.000054 0.000058 0.000050 0.000053 0.000055 0.000062 0.000066 0.000070 0.000072 0.000064 0.000063 0.000090 
1010.168708 1010.357489 1008.976936 1006.806117 1005.241526 1004.818213 1005.690209 1006.749441 1008.998352 1008.631481 1009.522875 1009.457627 1008.922607 1011.013526 1009.068833 1010.695231 1008.293752 1011.859156 1010.163237 1012.019670 1008.672007 1007.866253 1007.685960 1009.442481 1011.240204 1012.467440 1013.278095 1012.272550 1009.978964 
0.010143 0.015345 0.019334 0.021094 0.020828 0.019623 0.018219 0.016860 0.015573 0.014409 0.013406 0.012541 0.011761 0.011024 0.010336 0.009706 0.009134 0.008600 0.008093 0.007604 0.007125 0.006649 0.006190 0.005761 0.005353 0.004956 0.004572 0.004156 0.003632 
1074.721828 1074.286753 1074.275630 1074.495449 1074.771065 1074.948564 1075.045704 1075.108080 1075.152978 1075.188244 1075.208084 1075.201540 1075.181961 1075.175000 1075.191170 1075.242139 1075.303037 1075.322186 1075.334720 1075.372239 1075.403154 1075.399463 1075.384643 1075.377866 1075.379986 1075.362159 1075.340341 1075.336990 1075.470629 
0.006331 0.009070 0.010801 0.011362 0.011167 0.010575 0.009886 0.009251 0.008687 0.008177 0.007628 0.007040 0.006483 0.005998 0.005585 0.005211 0.004852 0.004503 0.004166 0.003862 0.003603 0.003382 0.003170 0.002963 0.002770 0.002595 0.002432 0.002254 0.002017 
1158.007361 1156.618999 1155.652229 1155.127862 1155.033315 1155.147436 1155.370177 1155.489907 1155.508030 1155.477760 1155.541759 1155.689066 1155.806713 1155.855159 1155.849729 1155.833497 1155.812533 1155.814517 1155.879241 1155.942656 1155.974356 1155.985889 1156.029986 1156.057138 1156.056086 1156.051463 1156.011274 1155.817942 1155.075259 
0.002044 0.002306 0.001979 0.001306 0.000702 0.000364 0.000234 0.000170 0.000139 0.000134 0.000130 0.000115 0.000101 0.000104 0.000110 0.000101 0.000079 0.000065 0.000071 0.000095 0.000106 0.000097 0.000083 0.000073 0.000074 0.000085 0.000097 0.000104 0.000104 
1214.296683 1214.532787 1214.745329 1214.999235 1214.974870 1214.062412 1211.344971 1211.058212 1210.928421 1209.363088 1208.544795 1208.354991 1207.674817 1206.455489 1205.895109 1205.783935 1206.830950 1209.608282 1209.588451 1207.356014 1206.100462 1205.350729 1205.202571 1205.876658 1207.277282 1207.757804 1206.663879 1205.470475 1205.333911 
0.001340 0.001630 0.001576 0.001194 0.000707 0.000361 0.000221 0.000173 0.000142 0.000123 0.000112 0.000102 0.000088 0.000076 0.000070 0.000071 0.000070 0.000065 0.000063 0.000067 0.000069 0.000065 0.000060 0.000060 0.000063 0.000067 0.000070 0.000070 0.000064 
1263.601247 1262.615525 1261.271904 1260.131762 1259.787982 1260.850751 1261.823446 1262.339620 1261.186873 1258.553443 1257.688530 1259.219822 1261.479272 1262.256775 1261.408473 1261.104692 1261.056355 1259.802493 1259.299889 1260.953184 1262.938603 1264.560043 1265.096561 1265.302477 1265.125229 1263.113808 1259.796535 1256.313303 1253.821043 
0.002241 0.002553 0.002209 0.001455 0.000760 0.000401 0.000297 0.000255 0.000230 0.000217 0.000223 0.000240 0.000248 0.000240 0.000231 0.000227 0.000224 0.000215 0.000205 0.000206 0.000222 0.000233 0.000236 0.000232 0.000225 0.000222 0.000230 0.000243 0.000236 
1317.519847 1316.787069 1315.928746 1314.946154 1314.488738 1315.479117 1316.427868 1316.346132 1316.665482 1317.228424 1317.236445 1317.012228 1317.213376 1317.820367 1318.281263 1318.216383 1317.807355 1317.426799 1317.332879 1317.587581 1318.002142 1318.313254 1318.257864 1317.863984 1317.725066 1317.810301 1317.720065 1317.517080 1317.520964 
0.000617 0.000703 0.000681 0.000545 0.000332 0.000163 0.000099 0.000074 0.000056 0.000046 0.000043 0.000040 0.000036 0.000032 0.000031 0.000033 0.000034 0.000032 0.000030 0.000034 0.000044 0.000050 0.000047 0.000043 0.000043 0.000045 0.000043 0.000038 0.000036 
1358.871445 1359.131745 1358.211614 1356.648052 1355.545629 1355.767473 1356.664764 1355.779255 1354.731338 1354.610866 1355.469447 1356.200474 1355.642609 1353.327868 1352.611815 1354.328712 1355.053881 1354.272022 1353.393968 1353.345836 1353.646049 1353.480879 1352.446735 1352.297746 1354.182358 1356.375459 1357.257036 1356.964805 1356.114719 
0.001030 0.001208 0.001064 0.000690 0.000330 0.000170 0.000130 0.000099 0.000079 0.000071 0.000066 0.000058 0.000050 0.000047 0.000050 0.000053 0.000049 0.000042 0.000039 0.000038 0.000044 0.000055 0.000062 0.000063 0.000060 0.000054 0.000051 0.000056 0.000071 
1372.805129 1373.287103 1373.909457 1374.536540 1375.638203 1378.022598 1378.001075 1377.767096 1379.175075 1380.315937 1378.959304 1376.290220 1375.537943 1376.290497 1376.690042 1376.902418 1376.746378 1376.790444 1377.980008 1377.922951 1376.678228 1377.326796 1378.541928 1378.956165 1379.169389 1379.240120 1377.860746 1377.103578 1378.043858 
0.001043 0.001214 0.001134 0.000848 0.000511 0.000276 0.000184 0.000148 0.000119 0.000097 0.000088 0.000087 0.000083 0.000075 0.000074 0.000077 0.000089 0.000097 0.000085 0.000069 0.000060 0.000064 0.000064 0.000061 0.000060 0.000057 0.000063 0.000082 0.000101 
1415.858945 1413.319858 1411.183354 1410.714323 1413.150836 1417.926512 1418.341353 1414.023738 1410.207656 1410.231544 1414.621651 1419.220482 1422.085771 1422.126698 1420.427606 1421.779236 1425.166821 1425.261820 1421.461869 1416.322304 1416.196917 1419.177571 1417.929947 1417.146903 1418.151890 1417.407730 1419.114462 1422.751849 1424.224410 
0.000827 0.000796 0.000589 0.000384 0.000257 0.000168 0.000117 0.000094 0.000076 0.000060 0.000045 0.000037 0.000039 0.000045 0.000047 0.000044 0.000036 0.000033 0.000038 0.000046 0.000048 0.000043 0.000040 0.000042 0.000047 0.000048 0.000043 0.000037 0.000034 
1467.795586 1467.859799 1468.239747 1468.971269 1469.012690 1467.964281 1467.375393 1467.941135 1467.541468 1466.222191 1465.964083 1467.485756 1469.978940 1471.135665 1471.027748 1469.884434 1467.272144 1464.849548 1466.136812 1468.345946 1469.130892 1466.629362 1464.680613 1467.621326 1470.980777 1471.084412 1469.959621 1469.633802 1469.790831 
0.000721 0.000769 0.000642 0.000438 0.000261 0.000146 0.000082 0.000055 0.000045 0.000038 0.000036 0.000033 0.000031 0.000032 0.000028 0.000026 0.000033 0.000039 0.000044 0.000051 0.000057 0.000058 0.000048 0.000033 0.000025 0.000027 0.000031 0.000030 0.000026 
1539.035113 1539.047964 1538.547713 1537.533756 1536.865782 1537.409050 1537.362270 1536.532912 1537.488154 1539.272788 1540.521790 1539.412178 1537.262322 1537.949143 1538.740826 1536.822136 1535.103593 1534.425222 1535.065162 1536.005770 1536.302383 1536.110489 1535.531587 1534.741851 1534.412073 1535.267767 1536.392270 1535.370463 1534.025133 
0.001135 0.001084 0.000759 0.000416 0.000259 0.000199 0.000177 0.000165 0.000161 0.000169 0.000178 0.000180 0.000179 0.000179 0.000175 0.000168 0.000160 0.000156 0.000157 0.000169 0.000183 0.000186 0.000179 0.000174 0.000174 0.000171 0.000162 0.000151 0.000141 
1567.270432 1566.217099 1565.716854 1567.493007 1569.959746 1568.940231 1565.744789 1563.621995 1561.954895 1560.198354 1559.041894 1558.621561 1558.854168 1558.897778 1558.546871 1558.703193 1559.260038 1559.282933 1558.888960 1558.265845 1557.959311 1557.822909 1557.732861 1558.112269 1558.774234 1558.889571 1558.542007 1558.999298 1561.448396 
0.001043 0.001007 0.000720 0.000411 0.000232 0.000143 0.000096 0.000080 0.000082 0.000084 0.000076 0.000060 0.000047 0.000045 0.000052 0.000052 0.000044 0.000035 0.000035 0.000039 0.000045 0.000050 0.000053 0.000049 0.000041 0.000038 0.000042 0.000054 0.000068 
1612.957618 1612.980015 1612.392332 1610.519573 1608.779912 1609.564693 1609.547744 1608.796096 1609.307507 1610.134995 1610.649306 1611.383841 1612.305318 1613.857189 1615.455158 1616.086242 1615.088777 1610.466784 1606.285239 1607.391171 1611.342752 1613.813487 1613.481484 1612.060544 1611.543774 1611.495158 1610.418875 1609.514264 1609.676579 
0.001562 0.001583 0.001230 0.000814 0.000496 0.000296 0.000200 0.000162 0.000159 0.000164 0.000166 0.000161 0.000153 0.000149 0.000150 0.000155 0.000154 0.000148 0.000147 0.000154 0.000164 0.000166 0.000161 0.000153 0.000144 0.000135 0.000130 0.000130 0.000131 
1667.083742 1667.071946 1666.065013 1665.308736 1665.733540 1670.010485 1672.692405 1673.365047 1673.653296 1673.709220 1673.920294 1674.383928 1674.994545 1675.689683 1676.291674 1676.501373 1676.747515 1677.004478 1676.641916 1675.981526 1675.749849 1676.141761 1676.174872 1675.413519 1675.060350 1675.866076 1676.785291 1675.631021 1672.443742 
0.001219 0.001211 0.000909 0.000535 0.000293 0.000157 0.000097 0.000073 0.000060 0.000056 0.000060 0.000065 0.000065 0.000061 0.000054 0.000045 0.000040 0.000045 0.000054 0.000060 0.000062 0.000061 0.000055 0.000044 0.000034 0.000027 0.000025 0.000023 0.000026 
1720.123168 1720.681176 1719.972570 1717.054068 1713.052741 1713.839266 1716.597769 1716.670525 1715.839794 1715.800597 1718.078587 1719.681169 1718.833132 1716.660268 1714.501375 1711.541848 1708.780685 1709.454601 1712.105286 1713.956757 1716.463500 1719.417802 1721.564276 1722.740826 1721.402546 1715.205579 1711.463050 1714.197059 1720.935275 
0.000897 0.000881 0.000634 0.000354 0.000232 0.000192 0.000175 0.000167 0.000155 0.000152 0.000145 0.000141 0.000138 0.000135 0.000135 0.000132 0.000125 0.000117 0.000123 0.000142 0.000152 0.000143 0.000132 0.000128 0.000127 0.000129 0.000139 0.000152 0.000148 
1778.062542 1779.534863 1782.108860 1787.062677 1791.192980 1793.155963 1794.788878 1794.684436 1795.862996 1796.153853 1796.608219 1795.252973 1794.254045 1794.359356 1794.172294 1792.901494 1791.850558 1793.180797 1794.834481 1794.848903 1794.304857 1794.253892 1794.635796 1794.846963 1794.404104 1794.203850 1794.176691 1794.501728 1794.974475 
0.000288 0.000426 0.000490 0.000444 0.000313 0.000167 0.000077 0.000056 0.000054 0.000046 0.000034 0.000031 0.000038 0.000042 0.000039 0.000031 0.000025 0.000023 0.000022 0.000022 0.000024 0.000030 0.000036 0.000036 0.000035 0.000036 0.000038 0.000034 0.000030 
1836.023016 1834.932306 1834.299120 1833.738569 1832.950934 1831.960346 1833.150398 1835.437749 1834.638945 1834.153157 1835.164544 1837.503565 1836.226569 1834.544418 1833.806232 1834.423631 1836.097266 1836.837575 1836.382030 1834.676482 1833.536116 1833.850111 1833.139209 1831.383410 1830.448443 1830.671233 1831.825625 1833.012346 1834.155784 
0.000890 0.000968 0.000791 0.000499 0.000282 0.000181 0.000133 0.000118 0.000120 0.000110 0.000088 0.000073 0.000067 0.000062 0.000063 0.000070 0.000074 0.000071 0.000061 0.000049 0.000046 0.000048 0.000048 0.000050 0.000055 0.000057 0.000048 0.000038 0.000039 
1883.809606 1884.147910 1884.596685 1884.539381 1883.272046 1881.481421 1881.168913 1882.843449 1883.822463 1882.347612 1880.775349 1881.748628 1883.398666 1881.082381 1877.122280 1875.624770 1875.849185 1877.406321 1879.097542 1879.454639 1881.375763 1884.211554 1884.001984 1884.019824 1886.665522 1888.471780 1887.822376 1885.539448 1885.396051 
0.000335 0.000387 0.000400 0.000367 0.000283 0.000193 0.000141 0.000123 0.000128 0.000129 0.000121 0.000116 0.000121 0.000128 0.000135 0.000137 0.000133 0.000123 0.000105 0.000093 0.000093 0.000101 0.000101 0.000090 0.000078 0.000079 0.000086 0.000092 0.000086 
1921.891115 1921.861684 1920.195579 1917.705120 1916.185953 1916.411805 1917.109374 1917.153618 1916.750490 1916.685905 1916.695385 1916.201393 1915.776563 1916.109045 1917.169168 1917.746324 1917.515690 1916.871181 1916.260193 1916.364968 1916.831718 1917.618604 1918.135393 1918.027149 1916.778545 1915.863065 1915.989034 1917.002376 1917.717875 
0.000715 0.000778 0.000636 0.000388 0.000184 0.000095 0.000076 0.000069 0.000069 0.000060 0.000052 0.000049 0.000045 0.000045 0.000046 0.000039 0.000031 0.000037 0.000038 0.000032 0.000030 0.000035 0.000039 0.000037 0.000029 0.000021 0.000023 0.000039 0.000056 
1937.451399 1937.505623 1938.358925 1940.468210 1942.499224 1939.557710 1938.884847 1940.503386 1940.148685 1941.843295 1943.070512 1941.216081 1939.110851 1936.200886 1934.125318 1934.340835 1938.309062 1939.854674 1940.245498 1941.698533 1940.682958 1938.017018 1936.899455 1937.321829 1937.528570 1935.808435 1936.059670 1938.009963 1937.815979 
0.000625 0.000677 0.000573 0.000385 0.000212 0.000124 0.000087 0.000069 0.000047 0.000034 0.000032 0.000032 0.000030 0.000029 0.000028 0.000025 0.000023 0.000024 0.000027 0.000032 0.000036 0.000036 0.000036 0.000034 0.000032 0.000038 0.000047 0.000054 0.000055 
1972.888597 1972.959193 1972.491262 1971.767539 1972.100175 1972.951742 1971.527362 1969.286386 1968.997138 1970.551223 1971.807867 1971.992755 1972.292178 1972.881003 1973.494849 1974.507309 1974.530554 1972.021025 1970.381620 1970.612493 1970.797428 1970.465371 1970.406885 1971.423226 1972.863345 1972.926498 1972.717912 1972.339072 1972.189004 
0.000973 0.000980 0.000719 0.000383 0.000195 0.000136 0.000116 0.000102 0.000095 0.000092 0.000084 0.000069 0.000057 0.000052 0.000051 0.000046 0.000038 0.000033 0.000035 0.000038 0.000040 0.000038 0.000036 0.000036 0.000034 0.000035 0.000034 0.000036 0.000041 
1996.813528 1996.223116 1996.308399 1997.921111 1997.654887 1994.308551 1994.943437 1999.067657 2002.057399 2004.450082 2007.177306 2009.090176 2007.837246 2004.003498 2003.713845 2005.597401 2004.362846 1999.095200 1997.814735 2001.748574 2005.139338 2004.821275 2002.002289 2001.383247 2001.697128 2000.638984 2002.329143 2005.852294 2003.813569 
0.001109 0.001385 0.001306 0.000919 0.000486 0.000263 0.000198 0.000163 0.000122 0.000101 0.000098 0.000100 0.000103 0.000106 0.000104 0.000097 0.000093 0.000096 0.000109 0.000121 0.000125 0.000121 0.000112 0.000103 0.000097 0.000095 0.000099 0.000100 0.000090 
2048.751870 2053.044246 2056.412893 2058.803365 2058.825348 2053.105694 2047.544692 2046.390097 2047.331010 2047.204928 2045.447025 2043.742011 2042.829910 2042.004567 2040.959702 2039.152618 2037.912171 2038.013491 2038.365872 2038.728716 2039.443080 2039.887240 2039.953044 2040.415908 2040.085309 2039.151160 2038.835189 2040.811409 2043.392574 
0.000659 0.000860 0.000867 0.000683 0.000434 0.000226 0.000113 0.000085 0.000077 0.000077 0.000071 0.000061 0.000054 0.000053 0.000054 0.000050 0.000041 0.000036 0.000040 0.000046 0.000046 0.000043 0.000042 0.000040 0.000037 0.000033 0.000028 0.000029 0.000034 
2104.290464 2106.881412 2109.852142 2112.666968 2114.186150 2113.580893 2109.227410 2107.963296 2108.977151 2111.225327 2112.383811 2113.553985 2114.238486 2112.242483 2109.405478 2107.232359 2104.673716 2101.241361 2100.298957 2100.504655 2100.461323 2100.692096 2101.658356 2102.252831 2102.172099 2103.217750 2105.762064 2106.872288 2106.656229 
0.000884 0.001064 0.000988 0.000738 0.000470 0.000279 0.000206 0.000170 0.000154 0.000122 0.000087 0.000069 0.000079 0.000092 0.000102 0.000110 0.000113 0.000109 0.000104 0.000104 0.000103 0.000101 0.000102 0.000101 0.000093 0.000083 0.000082 0.000086 0.000083 
2157.821993 2159.103657 2161.288710 2163.584538 2163.826466 2160.401225 2156.845178 2157.144340 2159.450355 2161.424121 2161.206940 2158.717113 2156.263038 2156.000778 2156.123916 2156.055615 2155.827961 2155.691298 2156.248163 2157.438777 2158.353806 2158.183159 2157.404258 2156.709045 2156.289942 2156.311126 2156.992082 2157.605983 2158.136786 
0.000652 0.000757 0.000667 0.000451 0.000272 0.000207 0.000201 0.000189 0.000154 0.000115 0.000088 0.000072 0.000065 0.000068 0.000074 0.000072 0.000061 0.000049 0.000045 0.000045 0.000052 0.000062 0.000065 0.000062 0.000062 0.000067 0.000076 0.000071 0.000053 
2212.168082 2212.908026 2213.879193 2215.205569 2218.709127 2223.503794 2224.961583 2224.798408 2225.469235 2226.628078 2225.954495 2224.685897 2225.647071 2225.649170 2224.214985 2222.954709 2222.121939 2221.137824 2219.570053 2218.279522 2218.053661 2218.617093 2218.073314 2216.641776 2215.798176 2215.674902 2216.046738 2216.171569 2215.714673 
0.000614 0.000772 0.000720 0.000501 0.000267 0.000140 0.000093 0.000092 0.000099 0.000104 0.000097 0.000081 0.000070 0.000066 0.000059 0.000057 0.000067 0.000080 0.000081 0.000078 0.000078 0.000075 0.000069 0.000070 0.000079 0.000090 0.000099 0.000101 0.000092 
2264.204586 2264.450870 2264.191137 2263.289389 2261.620531 2263.107882 2269.424159 2273.299451 2273.517111 2272.404227 2271.248605 2270.564656 2270.523493 2270.267255 2269.993980 2269.615874 2268.932101 2268.871344 2270.088796 2271.049759 2270.370251 2269.900137 2270.363148 2269.977401 2268.845070 2268.825250 2269.776557 2270.851521 2271.249869 
0.000339 0.000525 0.000612 0.000558 0.000436 0.000336 0.000279 0.000248 0.000225 0.000201 0.000177 0.000152 0.000121 0.000090 0.000064 0.000045 0.000040 0.000041 0.000049 0.000057 0.000056 0.000046 0.000038 0.000033 0.000030 0.000030 0.000029 0.000025 0.000020 
2305.238749 2306.772131 2308.359367 2309.986526 2311.048917 2310.964326 2310.739818 2310.965176 2311.019196 2310.759537 2310.165269 2309.696640 2309.697368 2309.855540 2310.133370 2310.974304 2310.806613 2310.145827 2308.352199 2306.546094 2304.832148 2302.752764 2301.632865 2302.201531 2302.758777 2303.387911 2303.531596 2302.421130 2302.534273 
0.005975 0.008064 0.008598 0.007612 0.005917 0.004272 0.002970 0.002032 0.001384 0.000946 0.000656 0.000461 0.000327 0.000236 0.000181 0.000142 0.000104 0.000075 0.000070 0.000075 0.000074 0.000070 0.000064 0.000060 0.000055 0.000053 0.000050 0.000050 0.000052 
2364.608574 2364.185999 2363.980700 2363.905587 2363.830157 2363.831073 2363.933094 2364.154678 2364.338402 2364.377418 2364.365644 2364.402427 2364.812242 2365.455668 2366.469125 2366.998146 2365.676637 2365.333348 2370.665924 2372.879099 2369.203398 2363.488561 2359.207896 2358.367958 2361.269906 2363.691681 2363.943576 2362.647545 2363.557031 
0.000777 0.000737 0.000524 0.000306 0.000171 0.000098 0.000066 0.000058 0.000051 0.000043 0.000036 0.000037 0.000034 0.000026 0.000020 0.000024 0.000037 0.000046 0.000047 0.000044 0.000040 0.000041 0.000039 0.000035 0.000030 0.000025 0.000024 0.000030 0.000041 
2412.613481 2413.124619 2414.858781 2417.895431 2419.145613 2416.514988 2413.717615 2412.453281 2414.420552 2416.718450 2416.006951 2413.031970 2413.438639 2416.632691 2419.864373 2416.711804 2414.799472 2416.031712 2418.971019 2421.154584 2419.799827 2413.466587 2409.432037 2409.602286 2412.054163 2416.489173 2420.118159 2419.752851 2416.127343 
0.001284 0.001268 0.000904 0.000463 0.000206 0.000133 0.000109 0.000088 0.000074 0.000069 0.000067 0.000072 0.000079 0.000077 0.000070 0.000062 0.000059 0.000058 0.000057 0.000060 0.000065 0.000069 0.000071 0.000070 0.000064 0.000063 0.000067 0.000071 0.000072 
2471.476808 2471.500688 2470.778818 2468.917982 2465.756910 2465.410948 2466.234622 2465.182861 2468.044533 2470.037752 2471.745925 2471.649973 2469.838011 2467.697643 2467.397196 2468.437320 2467.809587 2464.388039 2462.919785 2463.084456 2461.738035 2462.527029 2466.206684 2468.724132 2465.985695 2462.219265 2462.837839 2467.804678 2473.640316 
0.002236 0.002877 0.002820 0.002169 0.001349 0.000739 0.000418 0.000258 0.000187 0.000148 0.000128 0.000116 0.000107 0.000102 0.000104 0.000110 0.000111 0.000105 0.000099 0.000096 0.000085 0.000075 0.000077 0.000085 0.000088 0.000086 0.000081 0.000082 0.000081 
2531.193571 2529.562152 2528.188960 2526.871080 2525.999572 2526.544208 2527.109428 2526.850378 2526.012261 2527.844163 2528.042514 2524.724043 2522.676072 2521.833133 2521.190812 2523.586362 2527.692037 2528.825925 2526.174745 2524.627456 2525.240374 2525.350637 2521.683987 2518.415489 2517.050317 2518.915650 2525.587867 2533.433666 2538.587550 
0.001815 0.001742 0.001177 0.000542 0.000218 0.000165 0.000138 0.000106 0.000083 0.000072 0.000070 0.000070 0.000066 0.000060 0.000062 0.000067 0.000070 0.000071 0.000073 0.000067 0.000053 0.000043 0.000040 0.000043 0.000041 0.000041 0.000042 0.000047 0.000055 
2597.618156 2597.927015 2598.035452 2596.906392 2591.475237 2590.719908 2590.627363 2591.088328 2591.329192 2591.577258 2592.276051 2592.176308 2590.895082 2589.165753 2588.276545 2588.712842 2591.431965 2595.183157 2596.330700 2595.380279 2593.985265 2594.645156 2596.929080 2597.277624 2594.960112 2590.657802 2586.778876 2584.426189 2584.486552 
0.012892 0.018809 0.021798 0.021267 0.018576 0.015328 0.012390 0.010003 0.008133 0.006670 0.005504 0.004540 0.003698 0.002959 0.002351 0.001880 0.001519 0.001230 0.000996 0.000800 0.000631 0.000491 0.000378 0.000290 0.000237 0.000214 0.000209 0.000195 0.000164 
2642.017024 2642.028154 2641.989984 2641.886547 2641.773586 2641.780856 2641.835907 2641.904808 2641.944702 2641.931477 2641.877089 2641.813416 2641.830242 2641.947673 2642.103995 2642.244100 2642.313701 2642.219721 2642.074770 2642.007865 2642.020043 2642.219155 2642.643663 2643.149639 2643.376871 2643.317480 2642.656037 2641.401631 2640.478707 
0.006002 0.008555 0.009663 0.009178 0.007876 0.006457 0.005209 0.004188 0.003367 0.002697 0.002155 0.001722 0.001369 0.001068 0.000817 0.000617 0.000467 0.000356 0.000272 0.000208 0.000160 0.000125 0.000102 0.000087 0.000078 0.000068 0.000058 0.000052 0.000049 
2720.567009 2720.165314 2720.073839 2720.157739 2720.197821 2720.162861 2720.166599 2720.227218 2720.321014 2720.365706 2720.310720 2720.135759 2719.854862 2719.662193 2719.753215 2720.027500 2720.160733 2720.206821 2720.362877 2720.317747 2719.128179 2716.496411 2713.830453 2712.992330 2713.140694 2713.665784 2716.882202 2720.579556 2721.154321 
0.000955 0.000954 0.000727 0.000474 0.000343 0.000274 0.000205 0.000153 0.000115 0.000090 0.000081 0.000079 0.000077 0.000075 0.000071 0.000061 0.000052 0.000051 0.000061 0.000078 0.000089 0.000086 0.000075 0.000070 0.000070 0.000065 0.000055 0.000050 0.000053 
2763.805023 2765.302224 2766.777337 2766.594233 2764.087951 2763.234271 2764.618880 2767.181491 2768.513758 2766.403319 2763.211315 2760.299034 2758.158163 2757.546103 2757.594625 2757.724706 2758.046945 2758.753515 2759.425077 2760.128998 2760.302741 2759.867555 2759.319551 2760.916249 2763.878570 2766.147121 2767.630647 2769.156749 2770.115139 
0.001398 0.002025 0.002351 0.002296 0.001978 0.001565 0.001183 0.000887 0.000681 0.000534 0.000430 0.000343 0.000258 0.000176 0.000114 0.000082 0.000068 0.000060 0.000060 0.000062 0.000060 0.000061 0.000062 0.000057 0.000047 0.000044 0.000046 0.000050 0.000052 
2833.314788 2829.775748 2827.338608 2825.796990 2824.902599 2824.400792 2824.311621 2824.476043 2824.579752 2824.390378 2824.193583 2823.965195 2823.816906 2824.704032 2827.977817 2833.311372 2837.061656 2835.828005 2831.379203 2828.903593 2826.663818 2825.717761 2826.150086 2828.285933 2831.357373 2831.968304 2832.970696 2833.879408 2836.465048 
0.000425 0.000433 0.000323 0.000196 0.000115 0.000080 0.000057 0.000039 0.000032 0.000035 0.000041 0.000045 0.000045 0.000036 0.000023 0.000023 0.000033 0.000043 0.000044 0.000037 0.000038 0.000044 0.000052 0.000045 0.000028 0.000014 0.000011 0.000011 0.000019 
2891.509004 2892.020829 2892.894756 2893.057519 2891.075179 2888.404731 2889.526669 2890.436872 2887.341064 2886.408413 2888.253819 2889.360013 2889.203045 2888.884238 2890.022279 2892.401146 2891.969172 2889.278785 2887.999304 2889.526942 2892.435219 2893.051238 2892.255600 2892.783587 2894.598002 2893.386188 2891.772737 2892.038107 2890.808410 
0.006200 0.009142 0.010489 0.010021 0.008576 0.006921 0.005459 0.004304 0.003404 0.002696 0.002119 0.001649 0.001275 0.000984 0.000751 0.000563 0.000420 0.000312 0.000229 0.000180 0.000158 0.000150 0.000136 0.000121 0.000107 0.000100 0.000094 0.000086 0.000069 
2956.519315 2956.989884 2956.997573 2956.784855 2956.665359 2956.699042 2956.760869 2956.849946 2956.862106 2956.900513 2956.946764 2956.988836 2957.158557 2957.326437 2957.265759 2957.267558 2957.234389 2956.958405 2956.452130 2956.209175 2954.959961 2953.723912 2951.577582 2949.146326 2949.035761 2952.458819 2954.118272 2953.630182 2953.126776 
0.001214 0.002119 0.002837 0.003037 0.002790 0.002382 0.001962 0.001573 0.001241 0.001000 0.000857 0.000767 0.000693 0.000626 0.000566 0.000507 0.000446 0.000385 0.000324 0.000260 0.000202 0.000171 0.000157 0.000149 0.000136 0.000127 0.000121 0.000111 0.000091 
2997.097168 2991.383423 2989.254766 2988.591789 2988.578046 2988.843861 2989.188913 2989.679390 2989.793536 2989.416528 2988.944056 2988.715337 2988.810223 2988.994510 2989.149146 2989.328425 2989.701512 2990.218422 2990.604208 2990.538931 2989.946695 2989.697138 2990.394739 2991.909514 2993.190928 2994.667674 2995.387785 2994.638087 2993.877390 
0.000128 0.000332 0.000591 0.000792 0.000854 0.000787 0.000658 0.000535 0.000442 0.000367 0.000312 0.000271 0.000239 0.000215 0.000188 0.000156 0.000124 0.000103 0.000095 0.000090 0.000080 0.000069 0.000058 0.000047 0.000040 0.000043 0.000049 0.000056 0.000058 
3627.543835 3628.624505 3629.125377 3629.228600 3629.023896 3628.418807 3627.415182 3626.471374 3626.212244 3626.448228 3627.177586 3627.464470 3627.033896 3626.113616 3625.885833 3626.694494 3627.528006 3627.491897 3627.649559 3627.707280 3627.147425 3626.253926 3626.205554 3627.546130 3628.792251 3628.841014 3629.287279 3629.200290 3628.108680 
0.000414 0.000608 0.000694 0.000647 0.000523 0.000380 0.000293 0.000259 0.000251 0.000219 0.000165 0.000114 0.000077 0.000054 0.000044 0.000044 0.000048 0.000053 0.000053 0.000050 0.000050 0.000047 0.000043 0.000038 0.000035 0.000034 0.000032 0.000034 0.000038 
5922.721901 5923.990084 5925.303517 5926.563753 5927.346509 5928.187659 5928.380407 5928.318433 5928.077325 5928.225591 5928.492834 5928.050720 5926.461838 5923.524076 5921.553998 5921.807624 5922.001225 5921.840701 5921.736259 5921.184548 5920.423729 5920.001395 5918.745415 5916.521156 5915.711012 5917.355263 5921.049581 5927.527361 5929.537369 
0.000123 0.000184 0.000265 0.000316 0.000289 0.000196 0.000098 0.000046 0.000029 0.000025 0.000021 0.000013 0.000010 0.000020 0.000027 0.000028 0.000028 0.000033 0.000038 0.000036 0.000030 0.000026 0.000023 0.000019 0.000014 0.000012 0.000014 0.000017 0.000014 
8578.658275 8578.849593 8580.077358 8580.964489 8581.304670 8581.196485 8580.361575 8580.314306 8581.395052 8581.286033 8581.340293 8581.315908 8577.775252 8578.583801 8579.228656 8578.822964 8578.243881 8579.114836 8579.705403 8579.185890 8578.395486 8578.956507 8580.677679 8581.850912 8582.513730 8582.833138 8582.069479 8580.946904 8580.323955 
0.000189 0.000324 0.000560 0.000736 0.000707 0.000494 0.000247 0.000121 0.000081 0.000063 0.000044 0.000035 0.000043 0.000054 0.000055 0.000045 0.000038 0.000044 0.000055 0.000061 0.000062 0.000057 0.000050 0.000045 0.000045 0.000043 0.000037 0.000033 0.000033 
8630.400079 8627.545635 8624.264046 8623.626507 8624.013040 8625.091218 8626.956016 8628.288122 8629.036211 8629.948946 8627.631556 8624.833659 8629.297647 8632.350383 8631.952142 8628.557678 8624.740284 8626.304757 8627.656860 8626.470052 8622.603161 8617.741667 8615.510370 8616.170518 8616.206771 8615.137430 8616.983554 8623.909750 8628.552730 
0.000152 0.000220 0.000304 0.000372 0.000368 0.000290 0.000184 0.000109 0.000077 0.000063 0.000047 0.000035 0.000031 0.000032 0.000033 0.000034 0.000033 0.000027 0.000019 0.000015 0.000016 0.000019 0.000022 0.000025 0.000024 0.000017 0.000015 0.000021 0.000031 
8710.984293 8711.301349 8713.268692 8715.158923 8716.171237 8716.724253 8717.357630 8718.519213 8719.171571 8718.315431 8717.390640 8716.962488 8715.225955 8713.430869 8713.113281 8714.552382 8715.792715 8715.184399 8712.218768 8711.197707 8714.725358 8717.532655 8718.347679 8717.930978 8718.186532 8717.510921 8715.348493 8713.711174 8715.228926 
