0.079932 6.896404
0.031973 7.907082
0.000000 0.000000
0.543537 3.686338
0.031973 3.539614
0.767347 2.254514
0.047959 1.646799
0.079932 5.024283
0.159864 5.702825
0.127891 4.463798
0.031973 1.314588
0.063946 5.739901
0.047959 2.712639
0.031973 3.527867
0.031973 4.807325
0.047959 1.552094
0.031973 5.973999
0.015986 5.028280
0.031973 4.073840
0.031973 2.315784
0.031973 11.426213
0.031973 10.693310
0.015986 10.744331
0.031973 13.149964
0.015986 8.243632
0.031973 12.198584
0.031973 16.084676
0.063946 4.812556
0.031973 13.418795
0.031973 11.579397
0.031973 16.179437
0.031973 14.673030
0.015986 13.688797
0.015986 9.884208
0.031973 17.995433
0.031973 17.199352
0.015986 15.264481
0.015986 14.304034
0.031973 7.531107
0.063946 3.249490
0.063946 3.314268
0.015986 9.745954
0.015986 11.312664
0.015986 14.116663
0.015986 14.604158
0.015986 14.330178
0.031973 8.531128
0.031973 12.918752
0.015986 10.994458
0.015986 12.474322
0.015986 10.037530
0.015986 15.074402
0.031973 15.966801
0.031973 13.752216
0.015986 9.305424
0.015986 15.350165
0.031973 15.160997
0.015986 13.624316
0.015986 13.201173
0.031973 9.932773
0.031973 14.622101
0.031973 17.591959
0.031973 14.214627
0.031973 16.925927
0.031973 7.011112
0.031973 13.293868
0.031973 13.130551
0.031973 13.432169
0.031973 8.662337
0.047959 7.640307
0.015986 12.461955
0.031973 13.893123
0.015986 13.421329
0.015986 14.446986
0.015986 13.570636
0.015986 10.792421
0.031973 6.599074
0.031973 14.009123
0.015986 9.760404
0.031973 18.405191
0.031973 19.045104
0.031973 14.336063
0.031973 16.725684
0.031973 17.295771
0.031973 11.658409
0.031973 15.597399
0.015986 13.734087
0.031973 14.111188
0.031973 15.589553
0.015986 14.977149
0.047959 14.065754
0.031973 16.369491
0.047959 12.961579
0.031973 15.213851
0.031973 10.281873
0.031973 9.595926
0.031973 10.377394
0.047959 7.587152
0.015986 6.890373
0.015986 10.098971
0.031973 9.976767
0.047959 11.435339
0.031973 12.749468
0.015986 10.335571
0.031973 13.892003
0.031973 13.149976
0.031973 15.123628
0.031973 9.333592
0.031973 13.420575
0.015986 12.120818
0.015986 13.576322
0.015986 12.234056
0.031973 13.227063
0.015986 11.940770
0.015986 10.155241
0.015986 9.954012
0.031973 12.441309
0.015986 11.382465
0.015986 8.552432
0.015986 9.935677
0.031973 9.892482
0.031973 11.180305
0.015986 9.219608
0.015986 9.840671
0.031973 10.785069
0.015986 8.186251
0.015986 8.586850
0.031973 8.492066
0.031973 10.161977
0.047959 15.391770
0.031973 8.400277
0.031973 7.934880
0.031973 9.415749
0.031973 6.852055
0.031973 6.501103
0.031973 5.562657
0.031973 6.843186
0.111905 7.826573
0.031973 4.492774
0.047959 8.354274
0.063946 4.603819
0.079932 7.471301
0.047959 6.234630
0.047959 5.198677
0.031973 7.711786
0.015986 7.612088
0.031973 6.368063
0.031973 7.451765
0.031973 8.151715
0.031973 8.664583
0.015986 11.832860
0.031973 4.526694
0.031973 8.150032
0.031973 8.881344
0.015986 6.138904
0.031973 9.137629
0.015986 9.444949
0.031973 7.712841
0.031973 11.827490
0.031973 11.713997
0.031973 7.874069
0.015986 6.272370
0.015986 10.798838
0.015986 8.622813
0.015986 9.998936
0.031973 12.447420
0.015986 10.888833
0.031973 10.718702
0.031973 9.748150
0.015986 5.585722
0.031973 8.149498
0.063946 9.379252
0.031973 4.173091
0.031973 5.914856
0.031973 6.537812
0.031973 9.715409
0.047959 6.079873
0.031973 4.914564
0.031973 6.205825
0.031973 10.213933
0.031973 7.955700
0.031973 6.389281
0.047959 5.018807
0.079932 5.716896
0.031973 4.486962
0.031973 5.113357
0.031973 5.662733
0.031973 6.753098
0.031973 8.539477
0.015986 7.099642
0.015986 7.053695
0.015986 6.866974
0.031973 4.623372
0.031973 6.223502
0.015986 3.549375
0.031973 7.180300
0.031973 10.190545
0.031973 9.216676
0.015986 9.166725
0.031973 6.738230
0.031973 6.060147
0.015986 5.683959
0.031973 10.220078
0.015986 8.427032
0.031973 9.299821
0.015986 7.144002
0.031973 7.838373
0.031973 3.396794
0.015986 2.938367
0.015986 7.394611
0.015986 10.073806
0.015986 7.148066
0.031973 8.955971
0.031973 7.062669
0.031973 6.215987
0.015986 6.213856
0.031973 6.481968
0.031973 7.082463
0.047959 6.548713
0.047959 4.961310
0.031973 5.217149
0.047959 6.129411
0.063946 7.099982
0.063946 5.204647
0.079932 5.498863
0.031973 7.501675
0.015986 4.930658
0.047959 6.727243
0.143878 5.357260
0.079932 3.029100
0.031973 7.061700
0.031973 6.527748
0.031973 7.459612
0.047959 6.970604
0.047959 7.825125
0.079932 4.130641
0.047959 6.258007
0.031973 5.362577
0.031973 8.250978
0.031973 5.191573
0.031973 4.620842
0.031973 5.602903
0.031973 5.167458
0.079932 9.290960
0.063946 4.358661
0.031973 5.740244
0.031973 5.429033
0.063946 5.909510
0.031973 5.898486
0.031973 5.769930
0.031973 4.202709
0.031973 5.674687
0.031973 5.873377
0.031973 6.229799
0.031973 5.369099
0.031973 5.269507
0.031973 5.388136
