0.079932 9.243631
0.000000 0.000000
0.000000 0.000000
0.127891 6.561378
0.111905 1.310010
0.031973 9.413915
0.191837 0.216872
0.063946 1.205059
0.031973 10.443499
0.047959 1.394906
0.031973 10.051343
0.031973 11.252698
0.031973 5.946218
0.031973 17.294306
0.031973 19.068566
0.031973 13.809482
0.015986 15.736803
0.031973 11.068359
0.031973 23.308808
0.047959 15.804293
0.031973 15.464994
0.031973 12.280575
0.047959 17.671520
0.047959 16.417534
0.063946 3.745608
0.063946 3.922953
0.031973 13.197044
0.031973 12.293932
0.031973 9.507919
0.031973 11.826902
0.031973 12.520865
0.031973 10.203490
0.015986 11.503429
0.031973 12.330154
0.015986 7.468007
0.015986 11.719811
0.031973 9.107000
0.015986 12.884715
0.015986 7.487894
0.047959 11.947133
0.031973 10.064545
0.047959 4.617685
0.031973 12.572090
0.031973 13.176126
0.031973 12.756108
0.031973 10.575969
0.047959 12.410402
0.031973 8.764067
0.031973 9.872908
0.031973 9.544318
0.047959 10.543581
0.047959 18.531596
0.015986 13.585621
0.015986 11.842478
0.031973 12.719484
0.015986 12.869726
0.047959 11.239332
0.047959 12.909815
0.015986 10.762593
0.047959 14.317160
0.031973 10.119821
0.047959 13.739286
0.063946 8.747222
0.079932 8.793423
0.047959 10.082228
0.063946 8.280405
0.063946 10.125083
0.063946 11.621164
