1 16
19 27
28 35
40 48
58 62
87 92
99 111
132 139
154 167
169 182
203 212
223 229
235 242
243 254
256 265
266 273
278 281
287 299
307 318
319 331
332 352
356 359
360 369
380 384
394 412
421 438
445 448
449 458
463 475
481 493
501 508
521 533
534 539
541 552
559 565
567 595
601 634
636 645
646 662
667 672
679 689
694 709
711 727
728 748
750 769
770 788
789 793
801 808
815 827
828 832
835 845
850 863
864 890
894 903
918 925
929 945
951 957
958 969
976 988
990 998
1005 1018
1026 1033
1046 1055
1074 1081
1083 1086
1093 1104
1110 1115
1124 1134
1140 1152
1153 1160
1166 1172
1181 1184
1189 1193
1194 1215
1225 1240
1245 1255
1268 1275
1280 1297
1305 1313
1314 1325
1334 1351
1352 1355
1359 1378
1379 1385
1386 1394
1436 1440
1605 1613
1694 1697
1731 1739
1740 1758
1766 1776
1782 1790
1817 1821
1823 1833
1842 1862
1870 1881
1883 1890
1891 1897
1898 1904
1912 1924
1941 1952
1953 1960
1967 1979
1985 1988
1991 1999
2001 2013
2132 2139
2151 2163
2189 2214
2222 2235
2247 2263
2293 2303
2341 2348
2394 2404
2408 2417
3203 3207
3686 3693
