1 14
16 19
20 30
32 50
85 93
99 109
111 116
123 141
156 170
171 184
189 197
199 212
220 227
228 252
264 272
301 319
333 342
343 346
347 352
357 371
376 380
383 398
399 406
408 418
419 425
426 429
441 451
456 483
484 492
500 503
508 522
523 533
534 538
542 563
580 584
591 604
605 621
624 627
632 644
648 651
660 666
667 671
674 687
693 703
715 725
726 730
732 744
746 749
752 773
778 792
795 811
814 821
826 829
830 841
846 856
857 869
874 878
886 896
905 908
914 921
925 931
935 943
944 961
962 988
996 1001
1006 1017
1022 1032
1050 1060
1065 1077
1093 1099
1100 1111
1118 1130
1139 1143
1147 1154
1155 1158
1161 1178
1185 1188
1189 1195
1196 1202
1203 1207
1216 1226
1227 1242
1243 1259
1260 1272
1280 1288
1303 1309
1316 1332
1336 1344
1361 1367
1369 1390
1394 1399
1410 1423
1432 1444
1462 1465
1487 1491
1561 1567
1568 1572
1668 1682
1694 1703
1704 1726
1728 1752
1754 1757
1758 1771
1775 1780
1785 1798
1799 1826
1830 1836
1838 1845
1847 1864
1876 1883
1889 1898
1904 1913
1928 1933
1940 1944
1952 1963
1979 1988
2030 2034
2088 2101
2295 2309
2344 2351
2380 2407
2440 2456
2478 2484
2560 2569
2628 2633
