1 11
16 23
24 32
38 41
42 49
55 58
63 72
75 83
86 95
98 106
110 115
118 122
125 142
143 155
158 162
163 175
176 184
189 193
194 199
200 204
206 209
211 220
221 230
233 250
251 260
261 264
267 274
279 288
289 302
305 317
318 328
329 333
336 345
346 351
354 359
360 365
369 374
375 381
385 390
397 411
412 417
423 433
434 453
461 472
475 488
489 493
497 503
514 520
530 539
540 553
562 568
575 580
581 584
585 594
601 616
617 630
639 644
646 649
664 668
669 674
678 696
702 707
710 717
726 743
748 755
756 762
765 777
778 783
784 794
795 822
823 831
832 842
846 849
856 860
861 865
867 875
881 896
897 912
916 922
931 942
945 949
950 954
964 968
969 976
985 994
1003 1010
1011 1014
1022 1033
1041 1045
1049 1052
1058 1063
1064 1067
1068 1072
1073 1083
1092 1098
1113 1119
1124 1133
1136 1142
1144 1150
1151 1157
1165 1174
1184 1188
1189 1194
1206 1211
1218 1225
1228 1232
1233 1241
1242 1253
1270 1278
1291 1304
1306 1312
1314 1317
1318 1325
1336 1342
1349 1355
1360 1379
1384 1397
1398 1405
1414 1420
1423 1448
1451 1467
1474 1480
1488 1500
1502 1510
1511 1516
1517 1524
1534 1539
1542 1551
1556 1562
1563 1568
1569 1589
1597 1611
1614 1626
1636 1639
1640 1650
1653 1658
1659 1671
1672 1680
1687 1699
1707 1714
1722 1729
1731 1745
1748 1751
1753 1761
1762 1766
1767 1772
1781 1785
1786 1791
1792 1796
1799 1809
1818 1831
1836 1842
1843 1849
1858 1868
1874 1883
1884 1904
1909 1912
1914 1925
1926 1934
1945 1952
1959 1971
1985 1993
1997 2007
2041 2054
2055 2068
2076 2080
2081 2086
2093 2101
2102 2106
2117 2120
2127 2136
2137 2141
2144 2156
2161 2164
2166 2174
2177 2192
2199 2215
2222 2234
2244 2247
2248 2261
2262 2265
2269 2275
2276 2290
2291 2295
2300 2310
2311 2338
2340 2357
2365 2372
2375 2388
2396 2406
2408 2414
2416 2420
2425 2430
2437 2442
2447 2457
2462 2478
2479 2482
2495 2504
2506 2509
2513 2516
2522 2534
2542 2556
2572 2575
2576 2587
2593 2598
2607 2618
2623 2626
2628 2631
2634 2645
2648 2651
2655 2664
2665 2681
2685 2691
2702 2707
2709 2712
2721 2729
2730 2739
2740 2752
2754 2759
2764 2775
2789 2797
2799 2802
2804 2812
2822 2829
2844 2856
2861 2871
2872 2877
2878 2885
2894 2908
2913 2916
2925 2931
2992 3003
3020 3025
3084 3089
3103 3112
3115 3120
3126 3131
3135 3149
3152 3155
3158 3165
3172 3184
3197 3201
3208 3219
3221 3225
3237 3245
3252 3256
3286 3293
3307 3316
3321 3327
3329 3334
3347 3359
3400 3409
3423 3429
3431 3435
3444 3454
3465 3474
3475 3494
3495 3500
3501 3515
3522 3525
3531 3542
3552 3559
3560 3565
3572 3578
3584 3598
3599 3605
3613 3619
3634 3649
3653 3656
3672 3678
3696 3703
3707 3710
3719 3726
3729 3732
3735 3738
3739 3747
3752 3761
3769 3780
3786 3792
3793 3803
3812 3820
3822 3827
3830 3833
3841 3847
3851 3863
3864 3874
3880 3885
3887 3905
3909 3923
3943 3954
3988 3992
4011 4017
4045 4056
4070 4076
