0.079932 6.764592
0.031973 2.078679
0.031973 4.138154
0.047959 8.676806
0.703401 0.893663
0.063946 4.215694
0.031973 6.155143
0.047959 4.798330
0.687415 1.051402
0.031973 7.223995
0.063946 3.410169
0.031973 6.482432
0.031973 3.158021
0.031973 9.946061
0.031973 9.284305
0.031973 12.065236
0.031973 10.093254
0.079932 4.611013
0.031973 12.098981
0.031973 11.176412
0.031973 5.984497
0.015986 9.648905
0.031973 13.927973
0.031973 11.511723
0.031973 7.903274
0.031973 8.176524
0.031973 14.164455
0.015986 12.975390
0.079932 5.493904
0.079932 4.157765
0.031973 8.579292
0.031973 13.055030
0.031973 14.786400
0.031973 15.443628
0.031973 8.960222
0.031973 13.635764
0.031973 13.949742
0.015986 7.193599
0.031973 6.452479
0.047959 10.341141
0.047959 11.621760
0.031973 15.611215
0.031973 6.412272
0.031973 14.730962
0.047959 12.578530
0.047959 11.571877
0.047959 5.663211
0.047959 15.610690
0.047959 16.015986
0.031973 15.680748
0.031973 16.133849
0.031973 10.642091
0.031973 15.772876
0.031973 14.728772
0.015986 17.692306
0.031973 10.386518
0.031973 10.702068
0.031973 14.483051
0.031973 13.405737
0.031973 15.885205
0.031973 22.008948
0.031973 12.998321
0.047959 18.124414
0.031973 16.427945
0.031973 16.449254
0.015986 12.474626
0.031973 9.579187
0.031973 16.738937
0.031973 14.743285
0.015986 12.651277
0.031973 15.357159
0.063946 7.769622
0.063946 6.843312
0.031973 17.648519
0.047959 9.617834
0.047959 17.891187
0.047959 24.190347
0.047959 13.830903
0.047959 14.052931
0.047959 16.946394
0.031973 14.459973
0.031973 12.194280
0.031973 11.309425
0.031973 15.838943
0.031973 10.744363
0.031973 15.805327
0.031973 14.054026
0.031973 14.606185
0.047959 8.882465
0.063946 5.051554
0.047959 5.667670
0.031973 13.662523
0.031973 5.809988
0.015986 5.422887
0.031973 9.987034
0.031973 11.646751
0.031973 8.350604
0.031973 6.529285
0.031973 8.854800
0.031973 11.998367
0.031973 12.392702
0.031973 10.091133
0.031973 12.769031
0.031973 12.263976
0.031973 13.587612
0.031973 17.254633
0.031973 14.259254
0.031973 14.502300
0.031973 16.076479
0.031973 11.474745
0.031973 12.426521
0.031973 12.934869
0.031973 15.649985
0.031973 16.915431
0.031973 14.043927
0.031973 6.667025
0.047959 8.281472
0.031973 10.806680
0.031973 12.473187
0.031973 11.074396
0.031973 11.539393
0.031973 11.770427
0.031973 12.285566
0.031973 13.336011
0.031973 13.446654
0.031973 12.427057
0.031973 9.490174
0.031973 7.407125
0.031973 7.824251
0.031973 10.490632
0.031973 10.247172
0.031973 7.436745
0.031973 8.348009
0.031973 14.286695
0.031973 12.441537
0.047959 12.077678
0.063946 11.530459
0.031973 13.654886
0.031973 13.890545
0.031973 10.341887
0.015986 7.211834
0.031973 13.200315
0.031973 10.695139
0.015986 6.814713
0.031973 8.196189
0.047959 14.595071
0.047959 18.218016
0.047959 14.730746
0.047959 13.645952
0.031973 13.415373
0.031973 10.029889
0.031973 4.559088
0.031973 9.845533
0.031973 6.375411
0.047959 4.713286
0.031973 11.721718
0.031973 8.601167
0.031973 11.062644
0.031973 8.970333
0.031973 11.629101
0.047959 9.344429
0.031973 17.128725
0.031973 17.314354
0.031973 16.099531
0.031973 18.414496
0.031973 17.297329
0.031973 12.409212
0.015986 10.747726
0.031973 14.368469
0.031973 13.708192
0.047959 19.119082
0.015986 10.486510
0.031973 11.089002
0.031973 12.182067
0.031973 14.587501
0.031973 15.801239
0.031973 18.100647
0.031973 16.182767
0.031973 13.765739
0.031973 14.916024
0.031973 13.464297
0.031973 11.920478
0.031973 11.453773
0.031973 12.506181
0.015986 8.658419
0.031973 9.708049
0.031973 9.734715
0.031973 9.196468
0.031973 10.575305
0.031973 7.818608
0.031973 4.350060
0.031973 7.850129
0.031973 9.063352
0.063946 9.323437
0.031973 5.920494
0.031973 7.210098
0.031973 9.433188
0.015986 6.652800
0.047959 10.498058
0.031973 6.316540
0.047959 9.746874
0.031973 7.997422
0.031973 8.740602
0.031973 8.099951
0.031973 7.928746
0.031973 9.984706
0.031973 10.361695
0.031973 9.047319
0.031973 7.639495
0.031973 8.012403
0.047959 5.429255
0.047959 6.839451
0.047959 6.776362
0.031973 5.330183
0.031973 5.406536
0.031973 5.469063
0.031973 8.017963
0.031973 7.034121
0.031973 7.514649
0.031973 6.246304
0.031973 7.740992
0.031973 9.268003
0.031973 7.341945
0.031973 7.832795
0.031973 9.314533
0.031973 8.072740
0.031973 8.572584
0.031973 8.006467
0.031973 7.866690
0.031973 9.373468
0.031973 6.460630
0.031973 7.162403
0.031973 8.339763
0.031973 5.900564
0.031973 7.109115
0.031973 7.503385
0.031973 5.565734
0.031973 4.146971
0.047959 4.592798
0.031973 3.647597
0.031973 7.561678
0.031973 4.439647
0.031973 7.137645
0.031973 4.688245
0.031973 5.549144
0.031973 5.621474
0.031973 10.161979
0.031973 10.975780
0.031973 8.392149
0.031973 8.383847
0.031973 10.342491
0.031973 10.149569
0.031973 9.625847
0.031973 11.246721
0.031973 7.349721
0.031973 9.035546
0.031973 8.140404
0.031973 9.137680
0.031973 6.606724
0.031973 11.107375
0.031973 9.813156
0.031973 6.019218
0.031973 7.825946
0.031973 8.180045
0.031973 7.621739
0.031973 6.270386
0.031973 6.835631
0.031973 7.885926
0.031973 6.660856
0.031973 10.546465
0.031973 6.118287
0.031973 7.708706
0.031973 6.405683
0.031973 6.287931
0.031973 7.427547
0.031973 8.260727
0.031973 7.397653
0.031973 6.997835
0.031973 7.701181
0.031973 7.580299
0.031973 3.471839
0.031973 6.477708
0.031973 7.004367
0.031973 6.107435
0.031973 3.023481
0.031973 5.202871
0.031973 5.618426
0.031973 6.530257
0.031973 9.819225
0.031973 7.747659
0.031973 6.044578
0.031973 5.428123
0.031973 4.455652
0.031973 5.636870
0.031973 4.529362
