0.063946 11.667741
0.031973 2.151743
0.095918 1.021683
0.319728 3.964149
0.000000 0.000000
0.127891 3.689670
0.031973 5.239043
0.031973 4.314583
0.031973 6.307785
0.031973 2.534004
0.031973 9.842237
0.031973 2.276191
0.031973 9.699301
0.031973 3.583434
0.015986 10.127437
0.015986 9.785802
0.015986 4.989354
0.015986 10.786513
0.015986 11.122850
0.031973 13.551352
0.015986 10.904483
0.047959 5.538956
0.015986 13.516563
0.015986 13.434194
0.031973 12.207489
0.031973 8.996173
0.015986 12.684852
0.031973 3.844887
0.047959 4.605946
0.015986 16.494245
0.015986 8.562098
0.031973 12.379013
0.015986 8.347786
0.015986 13.434293
0.031973 15.371216
0.015986 8.299364
0.015986 13.352353
0.015986 14.724805
0.015986 11.738608
0.031973 15.439328
0.015986 12.521425
0.015986 4.951455
0.031973 11.451589
0.031973 10.224464
0.031973 8.872462
0.031973 11.930509
0.015986 9.462332
0.015986 14.855560
0.015986 8.587194
0.031973 14.297952
0.031973 15.108441
0.031973 11.160505
0.031973 11.525991
0.031973 8.837695
0.031973 11.336532
0.031973 11.627793
0.031973 5.230813
0.031973 9.607266
0.031973 8.297337
0.031973 6.610374
0.047959 7.705201
0.031973 6.756009
0.031973 8.966797
0.015986 7.357543
0.031973 12.451871
0.015986 10.494733
0.015986 8.488698
0.015986 7.336759
0.063946 5.044348
0.047959 13.526831
0.047959 16.541203
0.015986 11.854670
0.015986 17.048959
0.047959 14.885940
0.015986 8.696091
0.031973 11.831641
0.015986 9.076903
0.015986 9.023728
0.015986 7.296911
0.031973 6.747144
0.031973 6.132750
0.015986 7.420603
0.031973 7.754586
0.031973 5.740742
0.015986 7.792107
0.031973 5.507919
0.031973 7.410001
0.031973 7.813348
0.031973 7.579177
0.031973 9.383030
0.015986 8.010280
0.015986 7.557497
0.031973 7.549068
0.031973 10.682763
0.031973 8.330196
0.031973 7.173182
0.015986 7.289342
0.015986 7.945531
0.031973 5.472127
0.031973 7.205028
0.015986 8.784869
0.031973 7.136487
0.031973 7.938486
0.031973 6.629625
0.031973 8.276374
0.047959 7.809509
0.031973 9.684469
0.031973 7.562305
0.031973 6.328851
0.031973 5.950573
0.031973 10.018145
0.031973 8.286129
0.031973 5.794396
0.031973 7.754515
0.031973 10.915132
0.031973 9.769690
0.031973 7.511967
0.031973 6.616718
