0.047959 3.390056
0.000000 0.000000
0.415646 6.015030
0.031973 5.305561
0.031973 5.073042
0.031973 3.219872
0.031973 6.908595
0.031973 1.892055
0.047959 6.645095
0.031973 2.049678
0.015986 12.306336
0.031973 8.214341
0.015986 1.512550
0.383673 0.164712
0.015986 11.865871
0.015986 9.318061
0.015986 13.873278
0.015986 5.392635
0.031973 13.407595
0.031973 14.457817
0.015986 3.484036
0.015986 11.680071
0.031973 16.664416
0.015986 12.597642
0.015986 7.821401
0.015986 9.866541
0.015986 14.379728
0.031973 13.710513
0.031973 9.207417
0.015986 15.038980
0.015986 16.382765
0.047959 6.025935
0.047959 14.522021
0.047959 13.682160
0.015986 11.715006
0.031973 12.002712
0.047959 4.861797
0.047959 4.961793
0.015986 11.746802
0.015986 16.757546
0.015986 10.385789
0.015986 15.798299
0.015986 16.480406
0.015986 10.392730
0.015986 14.451981
0.015986 11.222309
0.015986 6.253975
0.015986 13.052750
0.015986 8.906654
0.015986 13.547066
0.031973 12.030572
0.015986 12.207374
0.015986 13.016006
0.031973 14.327686
0.047959 11.394703
0.031973 9.195193
0.031973 15.545983
0.031973 8.719517
0.015986 7.989887
0.031973 9.011501
0.031973 8.764859
0.047959 9.245590
0.063946 10.988407
0.031973 10.170898
0.047959 5.768373
0.031973 4.014261
0.063946 8.834768
0.047959 14.110107
0.031973 9.667907
0.031973 7.217874
0.047959 12.117894
0.031973 6.108987
0.015986 9.272383
0.031973 12.372327
0.047959 7.938421
0.031973 6.422512
0.031973 8.667322
0.031973 7.315494
0.015986 7.809636
0.015986 5.793382
0.015986 5.255729
0.063946 6.899320
0.031973 6.630255
0.031973 3.514040
0.031973 7.070735
0.015986 6.740779
0.015986 7.957510
0.015986 6.851644
0.015986 7.822842
0.031973 7.223096
0.047959 5.493722
0.031973 7.910062
0.047959 6.152529
0.031973 8.892417
0.095918 7.047902
0.111905 10.494506
0.015986 6.750797
0.015986 8.335653
0.015986 5.971305
0.031973 7.903966
0.031973 6.217594
0.079932 8.223827
0.063946 6.283150
0.079932 9.480140
0.095918 7.843483
0.079932 6.263167
0.063946 6.090585
0.047959 6.405718
0.063946 8.547016
0.047959 6.849764
