1 15
18 24
25 31
32 35
44 49
52 64
81 89
90 95
100 105
108 120
125 140
144 153
155 162
166 175
176 184
191 196
225 228
230 235
237 253
257 260
264 271
276 283
288 296
297 309
310 315
316 325
331 338
339 345
346 351
354 368
379 392
394 406
415 422
423 428
445 451
452 469
470 473
478 487
488 493
503 510
515 521
522 529
532 538
539 546
547 566
579 585
586 593
602 610
616 621
622 627
633 636
637 643
650 659
660 667
668 671
675 679
680 701
707 710
715 728
730 734
735 739
740 747
748 753
754 774
775 780
784 792
799 817
822 829
834 846
847 854
859 872
873 878
883 889
893 907
914 934
938 943
944 962
967 978
981 986
987 996
1001 1006
1007 1028
1043 1052
1053 1057
1060 1065
1071 1084
1085 1089
1095 1104
1114 1120
1121 1125
1133 1137
1138 1145
1149 1154
1161 1170
1171 1175
1176 1184
1185 1196
1197 1203
1206 1214
1215 1221
1230 1234
1252 1256
1257 1261
1263 1280
1284 1289
1295 1315
1316 1330
1334 1338
1339 1342
1343 1366
1367 1373
1376 1385
1386 1393
1394 1408
1409 1417
1423 1429
1436 1450
1455 1464
1465 1469
1472 1481
1482 1505
1509 1521
1522 1528
1537 1545
1552 1559
1560 1572
1573 1576
1581 1588
1609 1612
1613 1618
1619 1624
1631 1636
1640 1654
1665 1680
1685 1703
1714 1720
1721 1726
1727 1735
1742 1762
1763 1771
1772 1775
1776 1784
1791 1804
1810 1818
1819 1839
1842 1856
1862 1867
1868 1886
1898 1910
1911 1927
1935 1947
1952 1971
1972 1984
1991 1996
1997 2006
2010 2028
2036 2053
2054 2088
2101 2106
2145 2149
2156 2172
2174 2181
2185 2191
2192 2202
2210 2219
2227 2244
2245 2259
2263 2269
2270 2276
2282 2287
2288 2292
2295 2298
2299 2313
2318 2330
2335 2341
2343 2346
2347 2350
2351 2358
2370 2382
2383 2397
2400 2405
2406 2410
2411 2414
2415 2420
2424 2434
2435 2441
2445 2450
2451 2454
2460 2469
2482 2492
2493 2504
2506 2510
2511 2522
2531 2542
2554 2564
2572 2579
2584 2594
2656 2664
2666 2670
2678 2686
2693 2703
2709 2716
2717 2730
2738 2746
2754 2763
2785 2792
2802 2809
2844 2848
2909 2915
2937 2955
2964 2973
2992 2996
3092 3095
3163 3166
3196 3205
3207 3224
3225 3234
3266 3274
3302 3306
3361 3365
3375 3387
3400 3410
3417 3429
3437 3440
3462 3467
3531 3537
3619 3628
3637 3644
