0.079932 2.051310
0.000000 0.000000
0.127891 4.177524
0.159864 5.150573
0.047959 6.127947
0.143878 1.559944
0.047959 4.824145
0.047959 4.246752
0.031973 3.974697
0.031973 3.848715
0.079932 6.140778
0.031973 4.429684
0.031973 8.649609
0.031973 10.506418
0.063946 6.659284
0.031973 10.231281
0.031973 13.641285
0.015986 13.578706
0.031973 14.109846
0.031973 8.271135
0.015986 10.895986
0.031973 3.465131
0.031973 7.345629
0.031973 10.667631
0.047959 12.582189
0.047959 3.383803
0.031973 1.492829
0.031973 14.106562
0.031973 12.711662
0.015986 5.996860
0.031973 12.705437
0.031973 14.739411
0.031973 6.940899
0.031973 12.343805
0.031973 5.907949
0.031973 2.951054
0.047959 7.811077
0.031973 13.886054
0.031973 4.600549
0.031973 15.075893
0.031973 13.199921
0.111905 8.710972
0.031973 11.370925
0.031973 7.517204
0.031973 17.191439
0.031973 14.211316
0.031973 7.909927
0.031973 12.942705
0.063946 8.877276
0.015986 6.273004
0.015986 3.812559
0.031973 12.545840
0.031973 12.528623
0.047959 4.271388
0.031973 9.610842
0.063946 5.927610
0.015986 15.641198
0.031973 11.352028
0.015986 14.842791
0.047959 13.996872
0.047959 18.174913
0.047959 13.412799
0.047959 15.673271
0.047959 18.968340
0.031973 11.465558
0.031973 7.652504
0.031973 11.255459
0.031973 8.158377
0.047959 10.453841
0.031973 8.665025
0.063946 5.148794
0.015986 6.888908
0.063946 6.596873
0.031973 9.224990
0.031973 4.914754
0.063946 8.046865
0.031973 7.265907
0.031973 4.526915
0.031973 8.395793
0.047959 9.579658
0.031973 9.047753
0.031973 6.353983
0.127891 7.572453
0.095918 7.633469
0.047959 7.492435
0.047959 5.851836
0.031973 8.047402
0.031973 7.338926
0.031973 10.793166
0.127891 3.753808
0.031973 6.422195
0.015986 11.192496
0.015986 10.914720
0.031973 12.031749
0.015986 9.203115
0.031973 10.534606
0.015986 9.705798
0.031973 9.201827
0.095918 9.116336
0.063946 9.482684
0.047959 7.689856
0.063946 8.063709
0.047959 7.023345
0.031973 4.785158
0.047959 6.007911
0.047959 8.426310
0.127891 8.811484
0.047959 4.049834
0.031973 8.546488
0.047959 6.162366
0.063946 7.443424
0.031973 8.024404
0.111905 7.525570
0.047959 7.380960
0.079932 8.506144
0.063946 9.235569
0.079932 6.997946
0.063946 5.388196
0.095918 10.693592
0.047959 10.403609
0.047959 11.622960
0.031973 7.758533
0.047959 10.043837
0.047959 10.553715
0.031973 10.679249
0.015986 10.076177
0.031973 9.785521
0.015986 8.026816
0.031973 8.615156
0.047959 9.590070
0.047959 8.187094
0.031973 11.338804
0.015986 5.651169
0.031973 9.037448
0.031973 12.013316
0.015986 8.529440
0.015986 7.438513
0.015986 6.336248
0.031973 11.125446
0.015986 10.731399
0.015986 9.739897
0.015986 9.766988
0.015986 10.434621
0.015986 11.606837
0.015986 9.503360
0.015986 12.975650
0.015986 12.002935
0.015986 6.656674
0.031973 8.030399
0.015986 8.207474
0.015986 8.665999
0.015986 7.757992
0.015986 7.980813
0.015986 6.928388
0.015986 6.209020
0.015986 5.991852
0.015986 6.872490
0.015986 9.301450
0.015986 9.057385
0.015986 8.412462
0.015986 7.398412
0.031973 5.829332
0.015986 7.088726
0.031973 8.445212
0.015986 7.639389
0.015986 6.430630
0.031973 8.155738
0.031973 7.073135
0.015986 8.034072
0.015986 6.625771
0.031973 6.815203
0.031973 5.494865
0.031973 5.206641
0.047959 5.625749
0.047959 7.528885
0.111905 5.789673
0.047959 7.653101
0.031973 3.740097
0.031973 5.216673
0.015986 7.456856
0.031973 4.625989
0.015986 6.870589
0.015986 5.814524
0.015986 5.268594
0.015986 5.808875
0.031973 4.547013
0.015986 5.373542
0.015986 6.646354
0.015986 6.719377
0.015986 6.382079
0.015986 5.360561
0.015986 8.845645
0.015986 6.980194
0.015986 6.974529
0.015986 6.367927
0.015986 6.277964
0.031973 8.081315
0.015986 7.028401
0.015986 4.936595
0.015986 6.197976
0.031973 5.534165
0.031973 7.759049
0.031973 6.910623
0.015986 4.480340
0.031973 6.331936
0.015986 5.940453
0.015986 6.266692
0.031973 5.789429
0.031973 6.134990
0.031973 6.192654
0.127891 9.787731
0.031973 6.257655
0.015986 6.807821
0.015986 4.930918
0.031973 5.719175
0.015986 4.191961
0.015986 6.793463
0.015986 8.341464
0.015986 6.308040
0.031973 3.948833
0.031973 8.003282
0.031973 3.953902
0.031973 6.724602
0.031973 6.162078
0.015986 6.815961
0.015986 4.805864
0.015986 4.968227
0.031973 5.467089
0.031973 8.320759
0.031973 4.762515
