1 13
16 30
40 49
53 60
62 74
80 93
99 108
127 147
149 158
170 183
191 195
209 213
219 222
223 226
227 239
240 245
252 263
264 269
270 277
283 295
308 316
320 328
329 345
351 355
356 359
360 365
369 375
376 396
397 409
410 418
420 425
428 442
448 452
453 457
470 474
484 490
494 510
518 531
532 542
546 566
576 582
584 605
615 620
621 626
634 643
651 663
666 672
680 696
703 714
739 746
747 761
765 768
769 774
776 784
788 792
799 804
813 822
841 849
850 858
863 878
887 905
921 939
949 972
981 989
995 1006
1019 1023
1040 1050
1052 1078
1079 1092
1104 1108
1126 1144
1153 1159
1165 1174
1176 1210
1211 1222
1227 1230
1235 1246
1278 1285
1298 1310
1327 1342
1354 1361
1642 1654
1670 1677
1687 1691
1738 1745
1749 1760
1767 1775
1780 1795
1802 1816
1833 1838
2025 2032
2040 2043
2082 2090
2255 2264
2280 2285
2287 2292
2327 2339
2349 2361
2375 2378
2429 2435
2524 2530
2702 2710
2714 2718
2724 2729
2730 2739
2741 2746
2781 2789
2868 2877
3223 3231
3251 3255
