0.047959 8.383059
0.031973 1.891691
0.015986 7.227970
0.000000 0.000000
0.047959 5.502737
0.159864 1.763662
0.031973 10.038756
0.000000 0.000000
0.031973 9.181088
0.031973 1.679391
0.031973 11.099835
0.031973 4.114465
0.031973 15.866495
0.031973 16.187139
0.031973 14.429564
0.031973 5.616713
0.031973 16.677725
0.031973 14.621199
0.031973 12.995640
0.031973 23.824612
0.047959 15.700067
0.031973 16.618663
0.031973 12.898990
0.031973 16.518579
0.063946 3.823154
0.063946 4.180060
0.015986 9.088433
0.031973 14.884272
0.031973 16.096194
0.031973 10.959393
0.031973 16.163282
0.031973 14.563425
0.031973 7.826415
0.015986 15.029113
0.015986 13.726404
0.031973 10.372107
0.031973 11.727759
0.031973 11.417528
0.031973 14.215831
0.031973 9.285696
0.015986 13.849475
0.015986 13.206546
0.015986 9.888603
0.031973 14.173902
0.031973 12.294071
0.031973 13.451487
0.031973 12.616778
0.031973 12.543657
0.031973 13.975307
0.031973 8.353604
0.047959 12.620217
0.031973 9.184329
0.047959 21.131846
0.015986 15.698628
0.031973 15.799717
0.047959 16.218718
0.015986 17.947854
0.015986 18.702899
0.047959 11.431134
0.031973 18.900708
0.047959 13.346714
0.031973 15.119324
0.047959 14.406727
0.031973 18.941130
0.031973 18.795113
0.047959 13.502241
0.063946 8.568660
0.015986 13.720007
0.015986 12.957125
0.015986 14.178306
0.031973 15.738000
0.015986 16.687969
0.015986 12.175967
0.015986 12.704207
0.015986 12.825601
0.015986 11.849584
0.015986 9.540818
0.015986 11.288130
0.015986 13.440157
0.031973 13.277154
0.079932 8.460853
0.063946 12.167518
0.047959 7.765210
0.015986 12.868139
0.031973 12.408749
0.047959 8.155375
0.047959 10.322125
0.031973 12.648596
0.031973 12.042833
0.031973 11.006174
0.031973 10.338444
0.031973 10.693553
0.063946 11.503882
0.031973 10.683042
0.031973 9.027695
0.031973 11.050876
0.015986 11.709178
0.031973 10.311608
0.031973 9.512474
0.031973 10.312989
0.031973 10.141353
0.031973 9.902918
0.031973 12.052994
0.047959 9.854497
0.031973 12.400581
0.031973 10.374250
0.031973 9.965580
0.031973 10.856580
0.047959 15.123703
0.047959 13.340806
0.047959 11.925915
0.031973 10.746589
0.047959 12.733793
0.031973 10.683104
0.031973 8.383483
0.031973 14.774943
0.031973 11.522579
