0.079932 12.304367
0.239796 0.923217
0.031973 4.913551
0.735374 2.764069
0.031973 4.918346
0.031973 4.818117
0.031973 6.882735
0.031973 10.381948
0.031973 5.798050
0.335714 1.383492
0.031973 7.096179
0.015986 5.126588
0.031973 6.843537
0.047959 1.436478
0.031973 6.736100
0.079932 0.491642
0.031973 10.597130
0.031973 7.560248
0.031973 7.085741
0.399660 0.263117
0.015986 8.790225
0.031973 7.765650
0.031973 7.099386
0.031973 4.907745
0.031973 16.046083
0.031973 10.922710
0.031973 2.369485
0.015986 10.209938
0.031973 16.654958
0.031973 7.815811
0.031973 10.056602
0.031973 13.098902
0.031973 8.975146
0.031973 16.495533
0.063946 6.368892
0.031973 15.580782
0.047959 14.839928
0.047959 14.281047
0.031973 13.698520
0.031973 15.759346
0.063946 4.876715
0.015986 14.965373
0.047959 4.630765
0.031973 11.586042
0.015986 16.112628
0.031973 18.025340
0.031973 11.561090
0.031973 15.517148
0.031973 11.670986
0.031973 12.437402
0.031973 13.360840
0.031973 12.107571
0.031973 15.751562
0.031973 8.758461
0.031973 14.758301
0.031973 16.247347
0.031973 11.777587
0.031973 15.652302
0.031973 14.915095
0.031973 14.418400
0.031973 13.628756
0.047959 15.280206
0.031973 14.125420
0.031973 10.058530
0.031973 10.185224
0.031973 8.933568
0.031973 10.653378
0.031973 9.954075
0.031973 8.762548
0.047959 10.968734
0.063946 10.906307
0.031973 12.290397
0.031973 9.098963
0.031973 11.333545
0.111905 9.774380
0.111905 9.816486
0.031973 8.922206
0.031973 7.705148
0.031973 6.907037
0.031973 15.928203
0.047959 17.530151
0.031973 15.930352
0.031973 8.938629
0.031973 7.666490
0.047959 12.994008
0.031973 6.918257
0.031973 9.302092
0.047959 12.748690
0.047959 10.158837
0.047959 12.208814
0.015986 7.171149
0.031973 8.140282
0.031973 9.220464
0.031973 7.071325
0.031973 6.574194
0.031973 7.145361
0.031973 9.324979
0.031973 6.628689
0.031973 8.348605
0.031973 5.043590
0.031973 5.943316
0.031973 5.376116
0.047959 4.031511
0.031973 5.882486
0.031973 5.180805
0.031973 6.027823
0.031973 6.661777
0.031973 6.303811
0.031973 8.655802
0.031973 9.547542
0.063946 8.759970
0.063946 8.712623
0.063946 7.002847
0.079932 7.651329
0.047959 6.782443
0.031973 5.675289
0.031973 7.022689
0.031973 6.615281
0.031973 10.289661
0.111905 9.387935
0.031973 5.067007
0.031973 7.880490
0.047959 7.440502
0.047959 7.395444
0.047959 9.090064
0.063946 9.543597
0.047959 4.736827
0.031973 5.239836
0.031973 6.101675
0.031973 10.907396
0.031973 5.640014
0.031973 7.382506
0.031973 5.369142
0.031973 7.192375
0.031973 7.815934
0.031973 6.521005
0.031973 7.939510
0.031973 8.549074
0.031973 6.437859
0.031973 9.077724
0.031973 7.202970
0.031973 7.083475
0.079932 6.661058
0.031973 7.394915
0.031973 7.575583
0.031973 7.259357
0.031973 7.277468
0.095918 8.502037
0.063946 7.940758
0.047959 7.669747
0.047959 7.051245
0.047959 5.829545
0.047959 6.450159
0.063946 10.295816
0.047959 9.360720
0.047959 5.787050
0.047959 6.657321
0.063946 7.958755
0.095918 6.966564
0.079932 7.700828
0.063946 8.375190
0.063946 7.730669
0.063946 9.588626
