0.031973 10.445583
0.000000 0.000000
0.000000 0.000000
0.031973 7.982203
0.000000 0.000000
0.111905 2.398680
0.031973 5.190680
0.031973 8.722738
0.399660 0.499810
0.031973 7.120085
0.015986 4.466103
0.031973 3.775599
0.031973 3.832777
0.031973 11.816697
0.015986 10.802938
0.063946 8.526018
0.031973 11.873388
0.031973 14.797776
0.031973 11.901983
0.031973 14.829177
0.015986 12.985442
0.031973 14.871830
0.015986 5.498850
0.015986 8.826468
0.031973 12.663218
0.031973 4.140255
0.031973 5.868536
0.015986 5.836337
0.031973 9.054102
0.015986 3.818218
0.015986 12.909284
0.031973 14.418712
0.031973 13.264264
0.031973 16.798327
0.031973 6.754575
0.031973 12.943629
0.015986 15.960155
0.031973 14.729634
0.031973 14.778527
0.031973 6.489991
0.031973 8.528619
0.031973 9.907882
0.031973 4.231852
0.031973 9.566471
0.031973 13.916338
0.031973 6.797117
0.047959 16.292057
0.031973 10.853430
0.031973 8.020970
0.015986 15.526736
0.031973 16.293911
0.015986 7.924997
0.015986 7.257618
0.031973 14.802086
0.063946 8.453138
0.015986 15.068802
0.031973 18.327707
0.031973 15.807179
0.015986 12.579880
0.015986 8.773045
0.063946 5.452728
0.015986 12.911088
0.015986 11.039943
0.047959 14.351467
0.047959 17.656312
0.047959 14.713279
0.047959 21.780442
0.047959 20.901496
0.047959 17.874235
0.031973 12.887429
0.031973 10.291484
0.031973 12.623692
0.047959 5.007395
0.047959 9.584018
0.047959 10.877912
0.031973 13.207880
0.063946 5.477984
0.047959 5.569649
0.031973 8.623359
0.015986 7.012519
0.031973 11.191149
0.015986 9.288778
0.031973 12.022324
0.031973 11.153950
0.031973 10.051170
0.015986 7.862459
0.015986 7.011367
0.015986 8.398963
0.031973 8.822406
0.015986 8.073496
0.015986 7.655566
0.015986 11.598592
0.015986 8.413979
0.015986 11.121762
0.015986 7.762729
0.031973 11.966972
0.031973 18.035395
0.015986 15.312391
0.015986 8.899975
0.015986 8.347686
0.015986 16.927913
0.015986 18.560972
0.015986 17.962516
0.031973 13.470045
0.015986 11.342100
0.015986 9.216046
0.047959 10.119554
0.031973 4.561319
0.015986 9.852694
0.015986 9.734996
0.015986 9.679897
0.015986 9.573466
0.031973 11.877002
0.031973 8.258959
0.015986 5.476543
0.031973 7.519837
0.015986 9.082176
0.015986 12.277002
0.031973 10.898393
0.031973 12.764490
0.047959 11.166732
0.031973 10.371954
0.031973 9.036252
0.127891 5.323287
0.079932 7.173136
0.031973 9.444848
0.015986 10.680359
0.015986 9.013918
0.031973 11.658202
0.047959 10.872379
0.047959 17.014073
0.031973 17.418316
0.031973 18.211851
0.015986 13.166998
0.015986 11.394217
0.031973 12.437640
0.031973 7.552749
0.047959 9.421503
0.031973 16.010303
0.031973 17.493890
0.031973 10.629830
0.031973 13.661726
0.015986 10.497342
0.015986 8.504475
0.015986 7.654756
0.031973 5.346482
0.031973 4.807358
0.031973 5.105269
0.015986 4.768828
0.015986 11.736978
0.031973 9.979810
0.031973 8.850286
0.015986 6.506427
0.031973 10.368665
0.031973 8.611859
0.015986 9.098036
0.015986 8.679718
0.031973 10.374547
0.015986 11.859753
0.031973 9.812881
0.031973 10.083367
0.047959 6.681944
0.031973 6.522271
0.031973 5.503682
0.031973 4.503162
0.047959 4.093892
0.031973 4.073645
0.031973 3.107059
0.079932 5.576077
0.127891 6.275446
0.031973 7.605129
0.047959 4.577477
0.031973 4.571551
0.031973 6.006765
0.015986 3.773836
0.015986 4.473777
0.047959 7.622431
0.031973 7.530588
0.015986 6.494110
0.015986 5.769199
0.015986 4.157256
0.015986 5.331091
0.015986 5.224098
0.015986 5.829725
0.015986 8.163281
0.015986 8.170918
0.015986 7.696743
0.015986 6.298297
0.015986 8.095093
0.015986 8.383898
0.015986 8.039729
0.015986 5.932983
0.015986 9.816609
0.015986 6.593457
0.015986 5.432831
0.031973 7.083992
0.015986 6.449988
0.015986 6.093831
0.015986 5.043103
0.015986 5.928124
0.015986 5.482862
0.015986 6.201011
0.031973 9.042489
0.031973 6.167906
0.015986 4.679141
0.031973 5.933026
0.015986 6.582100
0.015986 5.006268
0.031973 4.336477
0.047959 5.304620
0.015986 5.004776
0.031973 5.489599
0.031973 4.344284
0.047959 3.095611
0.079932 4.702676
0.031973 4.935275
0.047959 4.915650
0.031973 5.145935
0.015986 3.859207
0.031973 6.067834
0.015986 4.474329
0.031973 3.785813
0.015986 3.088773
0.015986 6.852123
0.015986 4.961095
0.031973 6.382187
0.063946 4.687255
0.047959 5.124971
0.015986 3.474170
0.015986 4.832650
0.015986 4.688725
0.031973 4.280661
0.031973 3.889673
0.031973 5.499426
0.031973 4.737259
0.015986 3.327926
0.015986 6.004313
0.031973 6.325208
0.000000 0.000000
0.031973 3.446008
0.015986 4.028991
0.031973 2.561491
0.031973 3.380026
0.031973 7.443657
0.031973 4.925612
0.079932 5.318857
0.031973 2.480241
0.031973 4.475031
0.031973 3.868553
0.015986 2.366451
0.031973 6.000541
0.031973 5.984938
0.031973 6.899873
0.031973 4.557555
0.031973 5.524124
0.015986 5.137073
0.015986 5.951401
0.015986 5.914492
0.015986 5.016049
0.015986 6.608908
0.015986 6.869858
0.031973 7.985107
0.015986 5.653931
0.015986 8.176642
0.015986 8.583334
0.015986 9.516083
0.015986 5.868595
0.015986 4.677264
0.015986 2.218013
0.031973 4.741126
0.031973 4.461612
0.063946 4.202455
0.031973 4.600974
0.015986 5.036543
0.031973 6.204814
0.015986 6.122593
0.015986 7.191183
0.015986 6.924187
0.015986 5.402437
0.015986 3.056167
0.031973 3.628888
0.031973 4.190460
0.015986 4.096127
0.015986 4.076816
0.031973 5.172452
0.047959 5.007444
0.031973 5.428839
0.031973 4.573798
0.031973 5.917356
0.031973 5.576904
0.143878 4.683033
0.031973 4.228213
0.015986 5.914442
0.031973 2.898970
