1 14
15 29
36 40
41 49
53 60
64 67
70 75
77 95
98 108
109 117
119 123
124 143
147 153
158 162
163 175
176 184
195 198
206 210
211 221
222 229
232 252
254 265
266 272
279 291
294 299
301 312
313 316
317 329
338 351
354 359
360 368
376 385
397 411
412 420
422 433
435 450
457 469
472 487
488 493
496 507
508 514
515 518
519 524
530 536
539 553
557 561
566 583
586 595
602 615
620 623
624 627
631 644
651 658
666 670
671 674
681 695
700 704
710 714
719 722
726 743
747 755
756 759
768 772
781 795
803 810
811 822
831 843
850 858
859 865
869 878
881 893
894 897
898 920
926 933
934 939
946 951
952 965
970 984
989 1000
1002 1005
1008 1020
1023 1026
1038 1046
1075 1082
1083 1088
1092 1096
1097 1110
1113 1126
1127 1143
1145 1152
1153 1165
1166 1169
1172 1179
1186 1196
1200 1216
1219 1236
1239 1259
1260 1278
1286 1299
1308 1316
1321 1336
1339 1347
1370 1378
1381 1388
1394 1407
1410 1425
1427 1434
1435 1445
1457 1467
1469 1472
1473 1480
1485 1494
1505 1518
1519 1530
1531 1536
1539 1544
1545 1548
1555 1559
1560 1565
1566 1571
1576 1591
1592 1599
1600 1603
1604 1611
1615 1630
1636 1644
1646 1656
1662 1666
1669 1680
1681 1686
1688 1696
1699 1722
1723 1729
1730 1739
1740 1743
1753 1757
1761 1791
1804 1816
1821 1831
1848 1853
1854 1861
1865 1873
1888 1893
1897 1902
1903 1911
1914 1918
1919 1928
1938 1950
1951 1970
1972 1980
1981 1991
2002 2017
2018 2037
2039 2051
2058 2068
2070 2087
2093 2107
2117 2139
2148 2162
2166 2181
2187 2194
2202 2211
2212 2225
2226 2230
2234 2248
2263 2273
2289 2293
2296 2305
2328 2337
2345 2362
2383 2387
2414 2418
2429 2434
2574 2580
2610 2614
2676 2680
2869 2877
2909 2916
3000 3013
3018 3023
3030 3036
3041 3056
3065 3076
3084 3091
3099 3113
3125 3138
3150 3162
3174 3184
3185 3204
3216 3224
3226 3243
3245 3250
3252 3261
3267 3276
3282 3294
3304 3313
3320 3327
3356 3372
3378 3383
3389 3402
3425 3433
3452 3455
3463 3471
3505 3511
3513 3519
3520 3531
3532 3537
3547 3551
3565 3572
3578 3583
3584 3590
3591 3598
3601 3613
3620 3627
3633 3640
3657 3664
3677 3684
3685 3688
3708 3716
3731 3737
3754 3760
3776 3780
3796 3801
3810 3815
3822 3834
3845 3852
3859 3865
3876 3880
3899 3908
4068 4072
