1 14
18 28
32 39
42 50
51 61
62 67
68 75
76 80
81 88
89 96
102 109
110 113
118 125
130 150
154 163
173 183
184 196
203 210
213 220
221 226
227 230
237 243
244 255
256 272
277 287
301 310
311 316
317 327
328 343
353 360
361 375
376 394
395 406
420 425
429 442
443 448
449 453
454 469
473 478
480 485
494 510
511 519
520 529
532 539
541 546
547 565
575 582
584 605
612 629
630 641
646 656
660 676
680 695
711 715
727 738
752 755
756 761
767 778
783 788
789 795
803 808
809 812
822 828
840 850
851 860
864 876
885 895
902 906
908 919
921 940
944 960
966 974
977 981
982 988
995 1001
1002 1006
1019 1027
1035 1045
1046 1050
1051 1055
1058 1077
1078 1090
1096 1108
1112 1121
1130 1151
1164 1171
1176 1186
1193 1206
1211 1228
1237 1250
1261 1265
1287 1308
1321 1328
1329 1340
1341 1345
1346 1350
1351 1367
1374 1384
1386 1391
1394 1400
1401 1404
1456 1464
1513 1516
1530 1545
1555 1562
1570 1574
1581 1588
1594 1604
1610 1616
1624 1628
1641 1648
1649 1655
1656 1667
1694 1701
1702 1711
1718 1724
1729 1738
1744 1748
1753 1764
1782 1793
1887 1894
1906 1917
2021 2024
2047 2054
2067 2070
2077 2095
2096 2099
2111 2117
2135 2140
2145 2154
2185 2189
2251 2264
2268 2276
2280 2290
2295 2314
2321 2328
2332 2347
2355 2359
2389 2396
2406 2412
2423 2433
2436 2456
2478 2485
2496 2505
2517 2526
2647 2664
2665 2668
2696 2710
2731 2734
2741 2744
2782 2788
2843 2849
2858 2865
2870 2878
2879 2889
2891 2900
2905 2915
2938 2941
3116 3120
3129 3135
3226 3234
3246 3250
3737 3743
