7 15
51 73
76 97
111 117
118 129
136 140
146 150
151 155
160 166
171 174
183 189
196 211
216 220
231 234
237 247
248 252
257 260
262 266
268 272
274 279
286 290
291 299
306 313
314 328
331 340
344 356
363 377
388 395
398 402
403 408
411 417
418 423
425 429
432 440
449 452
453 458
459 466
467 470
472 481
489 495
499 503
504 512
520 524
529 535
536 540
541 570
571 578
590 596
597 604
607 616
622 634
644 656
665 669
670 673
675 678
679 696
699 704
712 716
724 731
732 736
739 745
746 758
759 769
774 781
790 795
803 816
823 827
831 837
844 855
886 894
895 919
923 935
941 961
962 970
975 992
1011 1016
1021 1028
1029 1043
1045 1051
1053 1060
1061 1074
1082 1097
1106 1116
1132 1152
1158 1174
1178 1185
1186 1192
1196 1200
1201 1209
1215 1233
1237 1275
1295 1302
1304 1318
1348 1375
1377 1386
1530 1549
1569 1582
1586 1597
1605 1617
1624 1631
1640 1645
2456 2463
2499 2505
