1 10
13 31
32 48
65 74
77 85
90 109
111 114
123 131
132 135
138 143
147 154
156 166
174 177
178 182
183 186
187 191
194 211
215 221
227 230
241 247
248 253
260 264
265 272
287 290
291 296
299 302
304 307
308 315
318 322
328 334
345 358
363 366
367 373
378 386
389 393
394 399
403 407
411 418
422 430
433 441
442 448
452 465
467 474
476 481
483 498
503 508
509 514
515 522
530 535
540 549
550 553
554 561
562 565
566 570
571 578
582 585
586 589
592 596
599 604
605 618
628 635
637 642
643 657
669 672
681 699
700 704
707 710
713 719
724 730
731 738
739 743
747 753
759 770
775 791
794 797
803 813
815 820
822 834
838 842
845 856
870 885
887 899
902 911
912 917
919 937
938 954
957 972
983 993
998 1004
1011 1018
1025 1045
1051 1073
1077 1083
1085 1095
1103 1123
1132 1149
1156 1172
1201 1217
1223 1239
1245 1257
1271 1279
1285 1295
1296 1301
1305 1317
1341 1348
1351 1383
1386 1393
1423 1430
1432 1436
1452 1455
1535 1540
1541 1548
1551 1557
1570 1582
1594 1605
1616 1631
