57 76
78 98
102 118
121 129
130 134
140 144
158 162
164 167
172 178
182 186
188 192
193 210
214 217
226 230
238 241
244 248
255 258
268 272
276 282
290 296
297 300
306 311
312 319
320 327
335 340
346 355
356 359
363 379
383 393
397 402
403 408
414 424
428 437
438 456
461 470
471 475
476 495
496 505
515 529
532 536
537 554
558 568
575 581
583 598
602 605
608 620
621 629
634 638
639 643
644 647
652 656
659 669
673 676
681 697
701 713
714 718
721 735
741 744
745 750
758 769
779 788
793 798
805 816
834 841
886 891
896 906
908 917
918 931
936 949
990 1011
1037 1044
1073 1077
1083 1102
1132 1144
1150 1160
1165 1168
1244 1249
1294 1302
1307 1325
1347 1377
1441 1446
1538 1556
