33 44
62 70
86 99
100 106
108 119
123 129
130 137
138 141
142 150
151 155
158 166
204 218
225 228
229 233
236 240
243 247
249 255
260 267
269 272
286 293
296 310
316 323
324 330
331 335
336 342
346 353
354 360
363 370
375 379
382 393
394 397
400 411
412 417
418 426
427 433
435 450
452 455
459 470
475 485
495 506
515 528
534 542
547 556
557 569
571 575
588 600
605 612
613 618
619 628
629 637
648 658
659 665
676 686
691 695
697 704
711 724
737 746
750 754
755 758
760 767
768 775
785 791
795 806
810 819
828 836
884 895
908 923
959 971
974 981
1025 1030
1097 1104
1124 1127
1138 1146
1375 1384
