86 91
97 107
112 117
119 127
128 132
138 146
149 155
157 165
166 169
176 179
185 189
200 217
229 233
236 240
243 249
251 255
256 260
261 267
268 272
286 291
294 310
314 320
324 330
331 335
340 346
347 351
355 364
375 379
383 393
394 397
398 401
404 410
411 416
417 424
427 434
436 440
445 461
462 470
474 483
484 487
492 498
504 509
515 528
529 541
546 557
560 566
567 572
578 600
604 613
614 617
629 636
643 647
657 664
675 681
686 695
697 705
709 724
741 745
750 757
762 767
770 775
776 780
784 792
793 797
798 810
811 821
824 833
842 846
907 919
942 950
960 970
992 998
1025 1039
1056 1069
1087 1105
1120 1135
1142 1156
1162 1170
1185 1194
1375 1385
1419 1426
1483 1489
1574 1580
