56 63
70 84
85 91
97 112
113 127
128 136
138 151
155 159
160 164
167 171
174 180
181 189
190 193
195 199
201 219
221 225
226 233
235 243
244 252
259 263
264 267
268 274
282 285
286 293
297 311
314 320
321 324
330 336
337 340
343 354
359 365
367 370
376 381
383 386
389 395
400 403
412 416
419 424
432 441
452 457
458 468
469 472
473 482
485 497
502 508
514 529
530 540
544 554
555 559
560 563
564 573
574 582
583 588
589 598
599 602
605 619
622 640
641 654
671 676
683 690
691 703
710 715
717 721
724 728
732 739
745 751
759 769
770 774
775 782
788 791
795 803
805 817
834 840
898 915
957 967
977 983
1023 1031
1032 1045
1047 1056
1062 1072
1079 1086
1088 1108
1109 1128
1136 1159
1162 1178
1185 1190
1374 1382
1422 1433
1459 1474
