104 108
117 121
123 127
130 142
146 155
156 160
161 165
169 177
183 190
195 199
201 219
227 231
232 235
236 239
241 245
246 252
253 256
257 260
265 271
275 279
280 284
289 294
298 308
316 327
331 334
343 347
349 355
364 370
371 384
386 394
395 399
400 410
411 414
421 429
443 452
453 456
457 461
466 471
472 478
479 485
486 489
490 494
495 498
506 510
512 516
519 522
529 534
535 541
544 552
553 558
559 574
578 587
588 598
599 609
610 620
628 644
645 648
649 656
661 672
675 678
679 686
688 691
692 702
707 716
725 728
732 737
747 751
752 755
756 769
770 774
775 779
782 788
799 804
806 811
816 828
879 883
886 923
925 936
937 958
959 968
969 976
978 981
1059 1074
1105 1108
1115 1136
1143 1155
1162 1193
1196 1208
1373 1376
1387 1390
1420 1436
1458 1470
1482 1488
1600 1606
