45 55
60 82
99 108
122 127
128 132
137 141
142 152
154 165
166 171
173 177
178 183
199 220
230 234
235 242
246 252
253 256
259 263
264 274
281 285
286 293
297 310
320 323
326 330
331 334
343 355
358 363
364 376
377 381
389 398
399 409
410 416
417 421
425 428
435 440
441 452
453 458
462 467
468 472
478 488
493 496
500 509
510 513
515 528
529 534
535 540
543 550
553 559
566 574
577 580
582 588
589 594
604 619
624 634
644 655
661 670
671 675
680 684
686 689
692 703
706 715
716 721
724 727
732 738
751 774
775 786
787 793
794 804
805 808
811 819
820 826
904 907
954 968
1013 1018
1019 1030
1032 1050
1062 1076
1091 1105
1113 1124
1145 1150
1419 1432
1456 1466
1468 1475
1481 1489
