110 118
120 124
128 136
137 144
150 158
165 170
174 178
179 183
199 216
219 224
241 247
250 256
261 268
269 277
281 284
286 291
292 311
316 320
321 324
328 335
336 339
345 356
363 379
383 393
394 397
400 410
411 427
428 434
445 450
451 455
462 469
470 484
488 501
505 508
509 517
518 528
529 535
536 540
547 555
559 566
567 572
578 581
590 600
606 613
614 617
630 633
638 647
657 663
664 676
677 680
691 696
697 705
707 711
712 722
727 730
737 745
750 753
754 758
760 767
768 775
787 793
794 798
806 811
822 829
885 898
908 920
930 939
945 949
958 969
1060 1075
1118 1132
1141 1147
1216 1232
1375 1384
1424 1429
