64 86
105 109
117 123
135 140
146 155
163 170
175 179
183 191
199 217
225 228
236 240
241 247
251 255
258 267
268 274
285 290
291 294
295 311
316 323
324 330
332 339
340 346
347 352
355 360
374 379
381 384
387 393
403 411
413 416
417 426
427 432
433 445
446 454
455 461
464 467
470 500
503 507
508 513
514 525
527 543
547 552
558 577
584 600
601 612
617 629
630 635
638 648
649 665
670 680
681 684
685 690
692 695
699 705
706 709
712 724
730 737
738 744
753 758
762 767
768 775
777 787
795 802
804 813
815 836
935 938
960 971
975 983
1378 1383
1483 1487
