65 79
92 104
105 109
112 126
134 146
153 161
166 171
173 177
191 199
200 218
227 233
235 239
246 252
261 264
271 274
277 280
287 293
300 311
316 326
330 335
342 345
349 355
364 380
386 394
395 410
411 416
417 420
425 429
432 436
442 452
453 457
465 474
477 485
489 492
494 498
508 514
515 523
528 534
535 540
544 548
563 574
584 587
589 595
606 619
629 635
646 649
653 661
662 677
683 704
709 714
724 728
732 737
741 745
751 756
760 767
770 774
775 778
792 810
816 819
820 836
872 878
901 917
942 952
961 968
969 992
1006 1013
1025 1035
1037 1044
1056 1072
1076 1081
1087 1091
1107 1115
1119 1136
1147 1159
1164 1172
1181 1189
1195 1209
1216 1232
1269 1275
1378 1384
1417 1434
1460 1466
1484 1487
1601 1604
