4 11
21 35
49 67
75 81
90 94
96 99
100 109
115 125
127 144
146 152
157 165
166 177
178 183
184 188
191 200
204 208
217 220
223 226
227 233
240 244
245 262
264 268
289 294
305 311
312 315
316 322
326 329
332 337
340 356
358 364
367 373
377 382
386 392
394 402
411 417
418 424
431 438
440 446
447 454
459 465
466 476
479 486
489 494
495 499
500 506
507 514
515 524
525 540
544 559
567 571
572 578
579 585
586 598
610 615
626 630
634 641
644 655
661 666
671 679
681 684
685 688
696 703
708 723
737 744
745 749
751 757
758 763
764 772
779 785
786 789
790 793
799 814
820 838
839 847
848 852
853 858
861 869
874 883
890 904
905 912
913 936
961 971
977 985
991 995
1006 1019
1102 1106
1124 1145
1157 1170
1178 1184
1201 1209
1212 1241
1314 1320
1335 1340
1355 1364
1375 1384
1412 1431
1432 1444
1448 1457
1459 1479
1485 1495
1500 1505
1514 1529
1534 1546
1596 1604
1625 1635
1641 1645
1648 1662
