4 12
76 93
102 108
117 122
127 139
141 147
148 156
157 169
172 183
184 190
191 195
196 203
204 208
212 215
222 228
240 244
245 261
263 268
278 281
284 288
289 294
298 302
306 311
319 326
332 336
340 356
360 363
367 371
372 377
378 386
389 396
401 404
412 425
426 448
453 461
462 468
478 488
490 499
502 506
507 519
527 536
544 551
559 562
566 576
581 586
590 594
599 605
606 610
612 619
625 630
634 644
648 655
661 664
670 675
676 684
685 690
691 698
699 707
711 716
717 722
723 728
734 744
757 764
765 771
772 776
781 784
785 790
800 814
815 818
823 834
840 846
847 859
860 870
871 875
877 896
914 917
925 931
958 974
986 1017
1029 1036
1037 1042
1048 1063
1076 1089
1092 1098
1101 1106
1107 1113
1117 1130
1139 1169
1171 1185
1186 1193
1200 1211
1217 1233
1245 1258
1263 1279
1285 1290
1315 1319
1357 1361
1389 1407
1413 1432
1453 1465
1467 1478
1487 1504
1515 1535
1536 1548
1594 1604
1606 1628
1635 1645
1647 1664
1672 1679
2319 2327
2410 2416
2516 2521
2656 2661
2673 2683
2687 2699
2739 2747
2758 2766
