78 103
116 126
139 149
154 162
171 179
180 184
188 192
202 209
217 221
222 227
232 235
243 260
264 268
274 278
281 285
289 294
297 301
305 310
313 316
319 324
327 330
337 349
350 356
362 370
380 383
384 387
388 400
402 410
414 419
429 435
439 444
445 457
460 464
470 483
492 496
500 514
517 523
550 553
554 558
567 575
577 582
583 586
590 596
597 603
614 618
621 625
629 637
639 647
657 660
663 668
669 677
682 687
690 701
705 711
712 717
731 742
746 752
753 756
764 767
770 778
779 783
784 790
796 813
816 831
832 835
836 847
848 855
864 876
877 883
885 888
889 892
895 912
914 923
925 942
944 947
953 961
967 990
1032 1055
1065 1085
1091 1099
1112 1116
1124 1132
1138 1151
1167 1187
1196 1204
1210 1219
1246 1253
1286 1290
1314 1321
1331 1340
1353 1363
1375 1390
1397 1404
1406 1412
1413 1432
1439 1453
1454 1458
1459 1464
1465 1477
1478 1495
1504 1511
1512 1521
1522 1526
1533 1548
1550 1558
1599 1602
1610 1637
1640 1647
1648 1660
1667 1680
1685 1699
1706 1730
2378 2386
2396 2399
2410 2417
2509 2522
3933 3937
