71 88
92 98
110 118
128 136
145 161
164 174
181 184
185 189
190 194
195 200
202 209
232 235
239 242
243 261
264 268
269 273
282 285
289 292
312 316
322 325
337 349
350 357
364 368
373 378
379 385
386 396
397 403
406 409
412 420
427 437
440 444
446 457
466 480
488 491
492 496
504 509
510 517
521 526
527 538
546 553
554 561
562 566
567 572
573 583
591 599
604 609
617 626
632 637
638 648
650 658
663 677
678 686
687 700
708 712
713 717
722 731
734 742
744 747
748 754
757 761
762 766
769 776
780 783
784 793
794 812
821 830
836 855
856 862
863 874
882 885
886 895
899 905
912 917
924 929
931 944
948 971
975 978
1005 1015
1032 1045
1047 1057
1067 1083
1085 1088
1090 1099
1104 1112
1137 1140
1163 1173
1178 1184
1187 1194
1195 1205
1208 1214
1256 1259
1264 1278
1314 1321
1333 1340
1391 1399
1406 1412
1416 1437
1441 1460
1465 1472
1486 1503
1504 1512
1522 1535
1536 1549
1556 1560
1561 1591
1599 1605
1611 1630
1640 1644
1649 1663
1669 1680
2408 2417
2506 2522
2585 2591
2668 2676
2738 2751
