19 37
49 68
81 89
97 103
108 120
126 136
137 151
152 177
185 188
189 194
195 199
202 208
217 221
236 239
243 246
247 260
264 268
269 273
274 278
281 284
337 349
350 357
359 362
365 368
372 378
384 392
393 398
401 404
405 410
414 422
423 426
427 436
438 443
450 456
466 470
473 477
478 481
486 491
493 496
502 514
528 533
534 537
538 546
547 558
566 572
579 583
584 588
590 599
605 612
620 629
630 637
639 646
647 662
667 677
686 691
692 698
699 707
708 712
720 725
726 730
731 744
749 755
771 779
784 788
796 810
823 831
837 847
848 854
858 872
873 876
880 884
888 907
910 918
939 945
1096 1105
1106 1110
1112 1122
1123 1139
1141 1147
1148 1166
1185 1188
1197 1224
1246 1256
1267 1273
1281 1287
1313 1320
1335 1344
1357 1361
1395 1410
1415 1429
1438 1444
1450 1459
1460 1476
1484 1499
1503 1508
1510 1530
1535 1548
1552 1556
1568 1574
1576 1589
1616 1627
1649 1666
1669 1680
2408 2413
2667 2673
2738 2741
