4 14
77 102
111 123
125 131
132 152
153 157
159 165
172 183
184 188
191 198
200 209
210 215
222 226
227 230
240 244
245 262
263 266
277 281
282 288
289 293
294 297
298 303
304 311
314 319
320 326
334 337
340 356
359 365
366 373
376 380
381 384
388 392
399 403
405 408
412 417
418 428
430 433
434 444
447 452
453 461
462 469
480 490
493 500
501 506
509 514
517 521
530 538
544 550
555 558
559 564
571 575
576 581
582 585
589 594
602 605
607 615
619 622
628 639
642 653
654 672
679 685
693 697
698 703
708 721
725 730
736 740
742 749
758 763
764 770
779 785
786 790
798 814
818 821
823 833
840 846
849 860
861 868
869 877
878 882
884 890
891 903
905 908
919 942
951 957
965 983
1047 1063
1064 1086
1099 1108
1124 1129
1130 1140
1142 1147
1157 1169
1192 1197
1199 1209
1210 1226
1241 1258
1356 1362
1378 1383
1411 1430
1432 1437
1439 1450
1459 1464
1466 1479
1485 1495
1501 1508
1512 1531
1532 1550
1594 1598
1599 1605
1611 1624
1632 1647
1653 1663
1671 1679
1680 1692
1701 1712
2321 2325
2412 2415
2515 2522
