103 120
121 150
157 175
180 192
198 202
209 216
225 230
240 244
245 251
259 269
271 287
289 293
294 297
298 301
307 317
320 324
328 331
332 336
337 343
348 353
357 361
363 370
373 382
383 388
389 395
399 403
404 413
414 418
429 432
433 436
438 447
453 470
471 479
485 493
494 500
510 519
520 525
526 540
541 560
568 571
576 581
588 598
609 614
626 634
645 662
671 684
690 702
726 730
732 735
736 748
749 753
754 759
764 777
779 785
799 815
828 840
847 855
860 879
880 902
909 915
916 928
929 953
959 969
971 975
1097 1101
1731 1734
