79 89
101 119
126 132
133 159
161 166
171 179
184 188
192 206
210 217
222 231
240 244
255 259
260 263
264 269
271 286
291 294
297 301
305 308
309 312
313 317
319 323
327 332
333 345
348 356
357 361
363 371
381 394
399 403
406 421
425 429
443 448
457 463
471 476
477 483
484 490
494 497
500 505
506 509
514 525
526 541
552 563
571 585
588 599
600 605
606 610
614 618
625 634
645 652
653 662
663 667
668 683
689 703
715 721
724 738
748 759
765 785
786 790
795 816
820 839
840 843
847 862
863 880
884 902
903 925
932 952
953 962
985 989
1640 1653
1724 1737
1786 1790
