89 105
114 120
129 141
148 153
164 173
184 200
201 209
212 215
216 220
227 232
233 238
251 254
264 270
272 282
283 288
291 295
296 300
301 306
319 325
326 329
330 334
335 340
345 349
363 366
367 381
384 390
394 400
404 409
414 420
427 436
441 445
454 457
461 466
467 471
474 483
489 504
514 519
525 536
537 547
548 555
556 559
560 571
572 580
586 593
595 600
608 611
614 621
622 629
630 640
644 648
649 653
654 662
670 681
690 694
695 707
708 712
720 739
746 749
750 753
754 763
764 769
775 781
787 795
796 817
823 832
844 849
855 865
866 884
885 902
912 916
922 937
942 946
951 963
969 985
1077 1088
1090 1096
1102 1115
1118 1134
1141 1160
1384 1387
1644 1647
1681 1695
1703 1713
1731 1735
1780 1790
