104 121
134 155
157 164
167 171
182 194
195 205
206 214
215 220
221 231
237 242
243 246
247 251
252 255
256 259
264 267
268 287
289 295
321 324
325 329
332 335
336 340
343 349
352 355
361 368
370 380
383 389
392 400
404 410
414 421
422 425
433 437
438 445
447 450
451 456
458 470
477 490
492 503
508 517
518 526
527 535
536 542
546 552
563 570
575 578
584 593
594 599
601 604
608 612
617 620
621 629
630 634
635 639
647 655
659 664
684 687
696 706
712 715
722 732
735 751
752 759
760 771
785 792
796 811
819 822
832 837
838 845
858 861
865 871
873 876
877 884
889 904
905 914
915 922
925 930
934 939
942 959
961 967
968 971
972 980
991 994
1042 1048
1054 1074
1081 1106
1125 1135
1138 1147
1150 1165
1169 1188
1291 1309
1316 1322
1324 1339
1348 1371
1378 1388
1400 1410
1413 1432
1456 1471
1484 1496
1505 1516
1525 1530
1558 1577
1587 1592
1593 1615
1627 1636
1640 1654
1660 1665
1679 1692
1706 1712
1715 1740
1742 1745
1747 1761
1764 1772
1779 1784
1850 1863
1864 1868
2536 2553
