104 127
128 147
166 171
176 197
203 209
222 227
237 243
251 254
255 260
264 269
271 287
289 293
299 304
305 312
315 320
323 328
329 336
337 341
344 348
349 354
357 362
371 374
375 380
383 389
397 407
420 425
427 436
438 443
456 461
462 467
477 483
484 495
496 504
514 525
527 536
537 543
551 563
564 575
576 581
587 599
600 605
606 615
625 633
640 643
648 652
653 661
662 665
668 675
676 681
685 703
723 729
738 744
745 749
750 757
758 765
770 788
793 797
798 810
811 817
821 834
835 839
841 849
851 859
862 879
880 884
891 902
912 928
932 947
950 955
957 966
1071 1091
1098 1108
1115 1134
1135 1145
1147 1154
1221 1246
1260 1283
1618 1631
1637 1656
1663 1672
1683 1692
1724 1742
1787 1799
