82 98
116 130
141 151
159 162
166 182
191 198
199 208
209 214
215 221
224 227
232 242
243 246
251 255
264 269
270 288
300 307
308 312
321 326
329 337
344 351
352 355
356 360
361 366
368 380
383 389
392 395
404 411
412 420
427 433
437 440
441 445
446 452
453 457
461 466
467 473
475 478
479 484
485 491
495 500
501 504
509 513
514 518
519 524
525 538
539 553
566 573
574 583
585 590
591 598
599 604
607 613
614 618
622 629
630 637
639 647
648 654
662 670
673 680
681 685
686 707
708 712
713 717
727 731
734 747
754 758
759 763
764 777
785 797
802 821
824 832
833 840
853 863
864 884
890 902
917 921
924 933
940 943
946 949
951 957
959 967
976 982
986 999
1100 1106
1112 1120
1125 1149
1161 1172
1306 1315
1620 1625
1634 1652
1701 1712
1721 1728
1730 1737
1786 1791
2540 2552
