101 123
132 141
149 157
163 174
183 191
192 198
200 205
207 217
221 232
239 246
256 259
265 269
273 277
279 297
303 306
326 330
333 339
340 345
358 364
371 378
384 394
397 401
402 416
418 427
430 447
453 460
466 472
477 484
485 490
491 498
499 509
519 524
527 535
539 550
551 558
559 565
569 572
573 583
588 600
605 617
620 642
644 653
654 662
663 666
674 682
689 710
720 725
737 746
747 757
761 774
780 788
789 804
810 815
830 836
851 857
861 867
869 877
885 896
898 909
910 914
920 928
929 934
940 956
968 972
974 981
985 991
994 997
1003 1006
1016 1032
1033 1043
1046 1054
1079 1085
1093 1099
1112 1129
1145 1150
1249 1267
1597 1602
1608 1625
1688 1698
1704 1708
1718 1726
1750 1764
2543 2555
