102 117
126 139
148 171
176 182
184 203
204 209
210 219
220 231
233 246
247 250
256 263
264 267
273 277
279 298
299 303
305 309
311 315
316 320
323 328
332 337
349 353
356 364
365 371
372 377
386 395
401 413
417 420
421 428
438 446
453 456
457 465
466 472
473 477
478 484
494 498
499 515
516 523
528 539
543 552
557 563
568 583
584 597
602 614
618 621
625 634
639 645
650 653
656 668
674 683
688 693
694 709
720 725
736 752
762 771
802 812
854 859
860 867
875 882
897 910
911 915
923 934
935 954
956 963
964 977
978 982
983 995
996 1002
1014 1030
1037 1044
1046 1058
1124 1143
1152 1168
1173 1177
