83 102
108 118
131 142
155 165
175 186
190 198
200 216
225 230
231 237
238 242
243 246
247 250
256 261
263 270
273 277
278 297
305 310
316 320
333 339
347 354
358 361
365 370
373 376
380 384
387 395
400 413
420 428
437 449
453 456
457 465
466 472
473 478
479 487
489 494
507 515
516 523
528 536
543 550
556 562
568 571
572 582
583 599
609 616
625 644
645 657
664 677
682 689
694 709
715 718
719 724
725 733
737 745
746 753
761 774
781 786
788 802
803 813
828 834
850 858
861 866
870 882
901 910
911 916
918 934
935 957
959 966
967 981
987 996
1000 1003
1014 1031
1037 1052
1153 1158
1609 1617
1666 1672
1688 1697
1718 1726
1751 1760
