109 125
126 144
145 161
164 174
182 194
203 209
210 229
234 252
256 261
264 274
276 279
281 284
285 290
300 305
324 328
330 338
346 353
354 361
366 370
371 379
389 396
399 404
407 412
413 417
420 424
425 434
444 455
461 470
477 485
491 499
508 511
512 517
518 537
538 549
551 558
562 574
575 587
588 599
606 610
618 623
624 633
634 637
646 653
659 672
679 688
689 696
701 705
706 712
725 729
738 742
749 766
770 779
785 790
802 820
826 847
873 878
888 899
900 920
944 963
994 1016
1033 1040
1041 1071
1077 1094
1096 1102
1114 1122
1125 1146
1158 1162
1858 1863
