105 125
126 140
147 155
156 161
165 168
169 193
197 210
217 226
233 261
266 275
284 293
304 309
310 327
339 343
344 347
348 356
357 361
362 367
371 375
389 393
394 411
416 419
426 431
440 447
451 456
459 465
466 472
478 481
488 492
501 517
519 524
529 534
535 539
545 555
557 563
564 571
578 583
584 590
591 601
606 619
628 641
645 659
670 675
676 679
684 687
688 695
696 703
707 711
714 719
723 734
741 746
747 753
759 766
768 779
783 797
799 802
804 810
814 818
823 834
837 843
845 852
866 878
886 890
895 928
929 936
937 941
942 966
971 979
981 999
1019 1027
1041 1060
1075 1086
1092 1096
1097 1103
1105 1119
1131 1136
1139 1142
1143 1157
1163 1176
1177 1183
1184 1192
1197 1202
1203 1212
1216 1221
1273 1284
1286 1298
1300 1316
1475 1479
1480 1487
1490 1500
1591 1609
1616 1624
1631 1637
1645 1651
1654 1674
1675 1681
1692 1698
1703 1723
1735 1741
1765 1770
1774 1789
1798 1806
1822 1826
1986 1991
1995 2007
2013 2023
2025 2036
2101 2105
2110 2125
2154 2160
2207 2225
2288 2300
2306 2319
2510 2522
2540 2551
2558 2573
2576 2589
2607 2623
2624 2628
2638 2650
2786 2801
2811 2822
2830 2854
3045 3067
3160 3167
3314 3328
3351 3368
3563 3572
3573 3585
3597 3620
3636 3643
3663 3667
3673 3678
3809 3834
3857 3879
3891 3901
3932 3942
3953 3959
3968 3976
4061 4078
4084 4095
