104 122
124 139
154 166
167 191
203 209
212 230
233 238
246 263
265 277
280 287
288 298
313 319
322 331
332 337
341 347
348 356
359 367
370 374
375 379
380 385
386 393
396 412
414 417
418 423
426 431
434 437
443 449
453 456
457 461
466 474
477 482
483 488
489 492
493 496
499 517
519 523
524 528
535 542
550 558
559 566
569 577
579 583
589 598
605 614
620 623
627 635
637 641
642 647
648 654
657 660
661 665
666 669
674 682
683 705
708 715
719 727
730 738
739 743
751 757
761 766
767 772
773 777
782 792
799 806
807 810
812 822
829 835
840 849
853 862
865 871
873 884
888 896
908 919
920 931
932 944
960 964
965 969
970 973
981 986
987 998
999 1004
1005 1014
1016 1028
1032 1037
1043 1049
1057 1071
1072 1075
1076 1088
1089 1098
1099 1119
1120 1123
1127 1133
1134 1142
1145 1156
1165 1176
1177 1182
1189 1194
1195 1198
1199 1204
1210 1214
1216 1219
1222 1231
1232 1246
1252 1260
1261 1274
1276 1282
1286 1295
1296 1312
1316 1322
1323 1327
1328 1335
1341 1352
1357 1375
1379 1397
1399 1410
1433 1453
1457 1470
1477 1491
1494 1507
1508 1525
1528 1571
1573 1582
1602 1610
1620 1634
1639 1643
1690 1699
1700 1720
1730 1734
1737 1751
1762 1772
1892 1906
1973 1980
1981 1988
1989 1994
1999 2015
2017 2021
2036 2051
2055 2068
2077 2080
2083 2087
2100 2106
2109 2125
2134 2139
2215 2219
2220 2228
2288 2296
2299 2303
2407 2412
2416 2428
2499 2511
2516 2526
2532 2535
2541 2556
2559 2575
2609 2626
2633 2648
2652 2671
2691 2707
2714 2722
2754 2773
2792 2797
2880 2886
3006 3013
3018 3041
3080 3093
3102 3120
3123 3138
3139 3153
3160 3181
3183 3188
3194 3200
3201 3210
3211 3219
3246 3257
3266 3274
3282 3302
3307 3314
3319 3324
3334 3344
3346 3353
3366 3383
3398 3426
3471 3483
3513 3519
3548 3551
3556 3573
3579 3585
3588 3591
3615 3620
3654 3665
3667 3673
3719 3723
3727 3731
3734 3775
3789 3801
3806 3813
3824 3836
3852 3856
3899 3904
3905 3927
3946 3952
3964 3973
4035 4046
4052 4074
4084 4095
