92 101
117 124
127 141
153 165
170 192
195 212
215 225
226 231
233 258
269 277
281 292
294 300
301 311
312 315
316 329
331 335
339 345
346 351
355 363
370 373
374 383
389 392
393 410
421 425
437 443
444 447
449 455
456 459
468 472
473 478
479 483
487 490
499 502
504 521
523 531
535 539
550 553
557 562
568 572
573 581
586 594
595 600
603 610
611 617
618 628
629 640
643 647
648 663
666 670
675 680
681 695
696 706
707 712
721 730
732 740
741 744
749 759
760 765
767 772
786 791
794 798
800 809
816 819
825 836
843 851
861 868
869 875
878 887
888 894
904 926
929 943
947 954
962 968
1018 1021
1022 1027
1032 1047
1059 1069
1077 1086
1090 1096
1097 1102
1105 1117
1126 1136
1138 1142
1144 1155
1159 1162
1163 1174
1175 1184
1188 1194
1200 1215
1218 1223
1224 1232
1239 1253
1256 1265
1276 1296
1302 1322
1325 1335
1374 1385
1393 1401
1408 1431
1439 1444
1450 1468
1476 1486
1487 1501
1559 1570
1579 1585
1601 1612
1680 1687
1688 1699
1706 1719
1891 1897
1987 1992
1998 2013
2023 2039
2106 2123
2154 2166
2211 2220
2221 2227
2239 2243
2290 2293
2505 2521
2619 2626
2692 2698
2699 2702
2782 2787
3160 3169
3421 3426
3536 3541
3562 3577
3671 3680
3743 3748
3767 3771
3815 3826
3931 3938
3939 3944
