76 93
101 118
132 141
148 154
158 175
177 192
204 211
213 216
218 233
234 238
239 250
254 262
263 273
279 282
283 288
291 296
297 304
313 319
329 337
347 354
355 358
363 366
375 379
381 384
386 391
393 410
411 419
420 425
426 432
433 439
443 449
450 454
461 464
471 475
476 482
483 486
488 491
494 498
504 521
524 528
531 535
539 543
544 547
557 564
565 573
574 577
578 581
582 586
591 594
604 614
622 629
632 635
637 642
645 653
660 665
666 669
675 682
694 704
715 719
720 724
725 728
742 749
761 765
772 775
787 793
796 799
802 806
807 820
827 832
836 843
847 860
870 876
879 888
902 920
921 931
941 957
958 968
982 992
993 999
1001 1019
1020 1025
1026 1029
1030 1038
1048 1056
1076 1081
1082 1089
1095 1098
1099 1102
1104 1117
1121 1128
1129 1133
1134 1139
1142 1145
1151 1157
1163 1181
1185 1194
1195 1208
1209 1218
1219 1224
1225 1237
1239 1250
1251 1259
1260 1278
1286 1289
1298 1307
1312 1320
1325 1334
1336 1352
1359 1373
1375 1382
1399 1418
1455 1470
1475 1484
1488 1499
1505 1513
1559 1565
1605 1610
1618 1636
1651 1658
1669 1676
1688 1719
1740 1750
1822 1828
1830 1848
1892 1900
1981 1992
1993 2012
2016 2021
2023 2037
2080 2095
2112 2123
2155 2161
2189 2194
2195 2213
2217 2225
2227 2239
2246 2250
2254 2268
2286 2299
2329 2334
2499 2527
2584 2589
2616 2628
2693 2697
2804 2810
3158 3163
3164 3171
3202 3209
3348 3353
3565 3575
3599 3611
3671 3679
3738 3750
3820 3823
3930 3938
3964 3974
