107 129
130 142
148 156
166 190
204 211
229 248
262 289
290 301
302 317
328 334
335 339
345 354
355 361
362 365
370 374
375 378
379 383
398 407
415 432
433 439
441 447
464 470
471 475
479 482
483 487
491 494
500 505
517 531
535 540
555 558
564 576
582 586
591 595
596 600
601 607
610 616
617 621
622 626
627 636
643 647
650 655
658 661
664 671
672 676
681 685
690 696
697 706
707 713
721 726
727 733
740 744
748 753
762 766
767 778
785 805
806 822
838 851
856 863
867 870
871 879
880 890
904 910
911 914
915 931
932 939
946 949
958 961
962 976
996 1002
1054 1063
1072 1084
1085 1095
1099 1102
1103 1109
1116 1126
1131 1134
1136 1145
1146 1161
1172 1182
1188 1196
1200 1213
1219 1230
1231 1240
1244 1256
1269 1275
1286 1298
1314 1330
1333 1374
1494 1504
1514 1523
1533 1542
1619 1624
1628 1631
1685 1692
1705 1713
1754 1782
1817 1829
1905 1909
2081 2084
2106 2109
2127 2135
2152 2159
2230 2239
2687 2695
