95 114
119 129
140 152
167 190
191 196
206 213
217 237
241 250
255 263
264 273
274 278
279 284
285 293
298 306
307 311
312 315
321 325
327 333
337 341
342 347
348 354
363 369
376 379
380 383
392 395
398 401
402 409
413 432
433 437
455 459
486 489
500 503
512 518
521 527
535 541
543 547
558 563
566 569
570 574
575 579
583 592
594 597
598 604
605 612
613 619
620 624
632 639
640 643
648 656
657 661
674 681
691 709
710 714
720 723
724 729
730 742
761 773
774 779
786 794
795 799
802 810
811 815
820 826
827 839
840 850
855 864
865 875
878 883
886 892
895 904
912 919
930 934
935 940
941 949
950 962
974 988
991 1006
1012 1021
1022 1025
1046 1062
1075 1083
1084 1087
1101 1115
1120 1126
1137 1143
1148 1152
1154 1157
1158 1167
1170 1185
1188 1196
1202 1214
1220 1225
1232 1237
1240 1260
1264 1270
1278 1292
1295 1299
1319 1325
1343 1348
1364 1377
1384 1391
1399 1413
1448 1461
1468 1486
1488 1500
1506 1515
1521 1528
1529 1558
1576 1593
1600 1613
1627 1633
1686 1694
1756 1775
1816 1827
1836 1863
1867 1872
1912 1919
1954 1968
1975 2000
2015 2035
2082 2087
2109 2130
2141 2147
2155 2159
2175 2193
2273 2285
2287 2295
2441 2450
2464 2478
2487 2493
2513 2520
2535 2548
2558 2566
2572 2579
2583 2593
2601 2616
2620 2630
2635 2643
2644 2663
2665 2674
2684 2690
2698 2702
2703 2712
2713 2717
2720 2728
2729 2736
2738 2745
2754 2770
2774 2803
2816 2843
2900 2903
2913 2925
2938 2948
3031 3054
3066 3070
3073 3088
3093 3102
3286 3308
3312 3328
3330 3356
3435 3441
3696 3707
3835 3859
3947 3956
3996 4001
4080 4096
