112 131
132 150
156 159
177 189
196 211
212 223
224 232
235 259
266 278
279 286
292 301
303 314
315 318
321 324
326 331
335 339
345 351
352 360
361 365
373 378
379 383
387 391
403 409
412 431
435 439
441 447
448 454
458 462
463 467
471 476
479 484
485 491
494 505
507 510
521 529
530 537
547 550
553 556
559 566
567 572
576 585
587 596
597 604
605 609
613 617
621 627
632 637
638 642
649 653
654 659
671 676
680 698
706 712
713 716
726 735
740 744
745 748
754 759
763 773
781 804
808 815
824 830
832 838
839 852
875 886
911 921
922 932
933 941
943 963
1040 1057
1101 1108
1109 1113
1118 1134
1139 1143
1148 1165
1166 1179
1180 1184
1185 1194
1195 1218
1222 1227
1232 1241
1245 1261
1262 1266
1267 1285
1291 1295
1308 1324
1325 1332
1370 1379
1402 1408
1453 1457
1477 1484
1495 1506
1513 1517
1559 1571
1580 1599
1604 1608
1845 1861
1862 1870
1889 1893
1903 1907
2011 2017
2083 2088
2108 2115
2227 2244
2676 2706
2729 2735
2802 2818
