93 118
128 137
154 160
162 166
175 186
190 201
202 215
226 236
237 263
264 276
277 284
295 303
304 314
319 329
330 353
356 367
375 383
386 392
393 397
407 410
415 431
433 438
443 448
456 462
478 484
485 489
490 493
501 506
511 522
530 534
535 541
542 547
548 556
557 562
567 573
574 578
583 587
588 603
606 610
611 617
621 627
628 634
641 653
660 673
681 688
689 693
701 716
724 728
729 736
737 749
760 765
766 774
785 794
795 800
803 811
814 829
837 859
877 883
914 944
955 969
984 998
1003 1025
1036 1058
1059 1082
1084 1088
1098 1114
1119 1138
1140 1163
1167 1185
1188 1193
1197 1223
1224 1237
1239 1262
1271 1276
1282 1293
1331 1354
1364 1377
1396 1406
1444 1455
1456 1473
1478 1487
1902 1908
2128 2140
2144 2155
2178 2189
2533 2547
2549 2557
