68 73
78 95
98 103
117 135
142 147
151 155
165 171
172 175
191 194
203 217
225 228
236 240
241 249
251 254
255 259
263 267
268 272
273 276
277 281
285 295
299 311
317 323
330 335
336 339
340 347
348 353
357 360
363 374
379 384
385 389
393 397
398 407
410 416
417 423
424 438
446 464
470 484
492 498
509 528
538 557
558 567
569 576
578 581
582 585
590 596
600 612
613 618
622 629
630 636
643 647
648 658
659 663
664 671
672 675
685 695
699 703
708 725
730 733
738 745
746 750
753 757
762 767
768 772
777 784
785 808
809 824
830 842
960 968
1069 1080
1085 1105
1115 1139
1140 1147
1149 1152
1157 1173
1187 1190
1369 1385
1484 1489
