104 123
130 153
158 165
172 194
195 207
215 220
221 231
232 237
238 242
243 248
251 255
256 259
262 265
270 274
275 284
285 288
291 295
298 301
302 305
312 317
318 321
326 330
332 335
336 340
341 349
352 356
364 368
369 380
383 389
392 397
403 410
414 420
422 425
426 432
433 438
439 444
451 455
457 473
477 487
492 501
502 509
511 524
527 535
536 542
546 551
554 559
562 570
572 578
586 593
594 599
601 604
605 611
617 620
621 629
630 638
647 655
659 664
670 676
680 684
696 706
712 715
722 731
735 750
754 771
778 784
785 789
792 796
801 812
819 822
831 837
838 844
845 848
853 857
858 864
865 872
878 884
887 905
906 912
915 922
925 930
934 939
943 947
948 960
961 967
968 971
972 980
991 994
1041 1048
1054 1081
1089 1106
1125 1135
1137 1147
1150 1165
1169 1188
1297 1308
1316 1323
1324 1339
1343 1348
1359 1371
1378 1388
1400 1407
1410 1435
1456 1471
1476 1482
1484 1500
1504 1515
1557 1577
1588 1592
1593 1615
1627 1636
1641 1654
1660 1665
1666 1678
1679 1692
1706 1712
1715 1740
1748 1757
1764 1772
1779 1784
1848 1870
2536 2553
