92 111
113 128
129 132
133 138
139 161
169 189
200 211
216 222
224 230
234 261
265 273
274 287
288 292
293 300
301 318
327 334
335 339
345 349
351 354
361 370
378 383
386 390
391 394
399 403
405 408
412 431
433 437
444 447
457 460
463 472
478 483
487 490
491 495
499 505
507 512
518 533
536 544
553 559
564 572
585 590
591 595
596 601
602 605
613 617
622 628
631 637
638 642
652 658
659 663
667 673
676 680
684 690
691 696
697 706
708 712
723 726
727 733
740 745
746 754
755 759
760 768
769 774
781 808
810 826
832 852
886 912
936 946
1006 1022
1039 1045
1048 1064
1065 1074
1075 1090
1091 1118
1120 1126
1128 1148
1152 1167
1168 1183
1184 1193
1194 1197
1200 1213
1219 1227
1231 1239
1240 1263
1269 1280
1287 1297
1298 1331
1360 1387
1390 1403
1704 1708
1728 1737
1756 1794
1796 1799
1807 1817
1829 1841
1843 1872
1902 1909
2108 2114
2156 2162
2173 2189
2228 2238
2674 2688
2728 2737
2789 2793
2807 2821
2825 2833
