44 52
53 62
68 84
85 92
93 101
103 110
111 118
119 129
138 147
152 155
156 159
172 176
182 191
194 212
217 221
244 247
250 254
255 260
262 267
268 275
284 287
288 291
292 296
307 315
321 324
327 334
335 341
343 346
348 360
367 371
377 386
387 395
396 402
403 408
412 420
421 425
431 436
440 444
452 458
462 466
467 475
479 492
493 496
502 507
508 524
535 540
544 553
554 557
559 565
571 574
588 591
592 596
599 617
628 635
636 644
647 658
670 675
681 696
701 704
705 710
713 719
722 731
732 735
741 746
747 751
752 755
756 760
761 771
772 779
781 787
790 793
804 823
843 856
872 877
890 903
905 917
923 943
1064 1077
1092 1097
1108 1116
1117 1129
1132 1154
1163 1181
1210 1217
1261 1271
1280 1287
1289 1303
1308 1322
1325 1331
1348 1383
1388 1391
1507 1511
1533 1543
1550 1558
1563 1571
1572 1576
2494 2508
3390 3394
