48 63
74 82
84 87
90 94
95 99
103 114
120 129
130 134
138 144
149 154
161 167
175 184
186 192
193 210
218 221
232 235
236 240
258 261
262 266
268 271
286 298
299 313
318 327
331 339
342 346
356 360
363 377
379 384
396 402
403 407
414 419
423 426
427 431
432 437
439 442
443 461
465 470
471 485
486 494
496 505
506 513
518 530
543 550
562 568
575 582
585 592
593 598
601 605
614 619
621 630
633 636
642 656
659 668
669 678
682 698
701 712
721 738
744 750
758 761
763 767
768 781
782 801
809 813
820 829
903 914
1007 1020
1036 1043
1050 1069
1072 1078
1088 1098
1123 1135
1142 1145
1164 1172
1295 1303
1309 1320
1350 1360
1361 1376
1536 1557
