6 14
93 119
127 142
153 156
161 165
168 171
177 190
202 216
219 232
238 251
257 261
263 272
276 281
291 300
304 308
310 318
319 323
329 336
337 340
352 355
361 365
369 372
378 382
386 391
396 413
414 419
426 433
439 444
445 452
456 462
465 470
472 476
477 480
484 487
488 492
496 499
503 510
511 522
523 536
537 540
548 552
554 558
559 564
565 570
574 577
578 586
590 593
594 598
605 609
614 619
623 629
632 635
648 652
653 659
661 665
666 670
674 682
694 706
712 717
718 724
728 738
743 746
747 752
753 756
757 760
761 766
772 779
785 791
792 799
815 819
820 826
827 833
834 839
844 851
852 863
870 879
885 901
903 921
922 934
942 945
946 951
968 980
987 995
996 1002
1006 1009
1010 1021
1022 1026
1031 1035
1039 1048
1049 1055
1059 1065
1071 1083
1084 1092
1093 1100
1105 1119
1123 1126
1130 1133
1134 1142
1146 1155
1163 1180
1182 1189
1192 1200
1201 1205
1208 1224
1237 1255
1268 1279
1285 1298
1308 1325
1332 1350
1476 1502
1563 1583
1603 1608
1609 1626
1627 1635
1668 1676
1694 1717
1730 1736
1737 1761
1772 1786
1795 1803
1806 1813
1814 1826
1829 1848
1850 1855
1856 1871
1892 1903
1956 1962
1980 1986
1996 2004
2006 2012
2030 2036
2086 2091
2111 2120
2210 2222
2227 2232
2237 2243
2271 2277
2288 2297
2326 2331
2512 2519
2557 2574
2581 2590
2615 2625
2696 2700
3163 3176
3196 3203
3351 3361
3425 3428
3564 3576
3598 3602
3669 3672
3673 3678
3743 3753
3807 3819
3822 3827
3930 3939
3964 3973
