111 126
127 146
147 164
170 191
200 209
213 220
223 234
246 259
261 264
265 275
284 293
294 303
304 308
315 321
322 334
335 340
344 347
348 357
361 368
369 374
379 383
396 410
429 436
439 442
452 455
456 459
460 463
464 472
473 476
477 484
485 489
490 495
504 521
523 528
537 541
545 553
554 563
567 573
574 577
578 591
596 599
600 603
607 612
613 619
623 627
628 636
637 640
651 657
660 664
667 672
673 678
681 685
691 695
696 702
703 706
707 711
712 717
718 735
737 746
755 766
773 778
781 787
788 793
794 800
809 815
821 830
841 858
859 875
887 891
896 909
910 920
925 930
931 942
943 946
953 967
973 981
994 1001
1007 1017
1019 1026
1028 1043
1048 1055
1056 1076
1085 1099
1102 1118
1132 1136
1137 1140
1147 1156
1163 1176
1183 1187
1188 1195
1196 1214
1217 1226
1230 1240
1252 1263
1268 1277
1278 1288
1289 1299
1300 1312
1326 1329
1340 1351
1364 1378
1383 1390
1393 1403
1408 1414
1421 1438
1439 1458
1466 1473
1474 1489
1490 1505
1506 1525
1603 1607
1626 1635
1649 1659
1661 1682
1689 1702
1705 1712
1713 1718
1723 1727
1729 1737
1742 1762
1768 1787
1789 1805
1816 1826
1829 1853
1871 1876
1896 1905
1969 1979
1983 1995
1996 2005
2006 2013
2021 2025
2029 2047
2106 2126
2211 2219
2220 2225
2268 2283
2288 2297
2510 2531
2535 2542
2571 2580
2588 2592
2617 2628
2632 2639
2659 2671
2692 2696
2702 2706
2753 2757
2767 2782
2786 2793
2801 2807
2910 2922
3001 3045
3073 3108
3113 3117
3130 3146
3158 3165
3167 3173
3204 3210
3249 3259
3282 3291
3304 3312
3334 3341
3355 3365
3394 3399
3408 3418
3425 3432
3530 3534
3561 3572
3638 3643
3672 3680
3718 3726
3734 3740
3818 3822
3825 3830
3932 3943
4053 4058
4062 4078
4081 4095
